blue,green,groupId,received,red,sensorId,time1,time2,white
0.0242047991071,0.0335518973214,1,1469131435528,0.0341099330357,0,58,959998,0.096447172619
0.031505766369,0.0408063616071,1,1469131435528,0.0412248883929,1,58,962036,0.125511532738
0.0200660342262,0.0268787202381,1,1469131435528,0.0313430059524,2,58,964111,0.0813569568452
0.0267624627976,0.0366675967262,1,1469131435528,0.0408761160714,3,58,966123,0.123046875
0.0282970610119,0.0345052083333,0,1469131435529,0.0358305431548,0,59,43462,0.105422247024
0.0395275297619,0.0587332589286,0,1469131435529,0.0530133928571,1,59,45537,0.155808221726
0.0244605654762,0.0328543526786,0,1469131435529,0.0333891369048,2,59,47549,0.101422991071
0.0255533854167,0.0353655133929,0,1469131435529,0.0355980282738,3,59,49561,0.100911458333
0.0406668526786,0.0580357142857,0,1469131435529,0.0514555431548,4,59,51561,0.159342447917
0.0304361979167,0.0420851934524,0,1469131435529,0.0372488839286,5,59,53589,0.111676897321
0.0253673735119,0.0333193824405,0,1469131435529,0.0389229910714,6,59,55616,0.104143415179
0.044921875,0.0570359002976,0,1469131435529,0.0518740699405,7,59,57639,0.163620721726
0.024158296131,0.0335286458333,1,1469131435529,0.0340866815476,0,59,60101,0.0963076636905
0.0315290178571,0.0408296130952,1,1469131435529,0.0412248883929,1,59,63103,0.125581287202
0.0200892857143,0.0269252232143,1,1469131435529,0.0313662574405,2,59,65158,0.0814034598214
0.0267857142857,0.0366908482143,1,1469131435705,0.0408993675595,3,59,67165,0.123209635417
0.0282970610119,0.0345052083333,0,1469131435706,0.0358072916667,0,59,143635,0.105398995536
0.0395275297619,0.0587332589286,0,1469131435706,0.0530133928571,1,59,145759,0.155808221726
0.0244838169643,0.0328543526786,0,1469131435706,0.0333891369048,2,59,147767,0.101422991071
0.0255301339286,0.0353190104167,0,1469131435706,0.0355515252976,3,59,149765,0.100748697917
0.0406203497024,0.0579892113095,0,1469131435706,0.0514090401786,4,59,151767,0.159249441964
0.0304361979167,0.0420851934524,0,1469131435706,0.0372488839286,5,59,153869,0.111676897321
0.0253441220238,0.0332961309524,0,1469131435706,0.0388997395833,6,59,155992,0.104096912202
0.044921875,0.0570591517857,0,1469131435706,0.0518740699405,7,59,158014,0.16369047619
0.024158296131,0.0335053943452,1,1469131435706,0.0340634300595,0,59,160581,0.0962146577381
0.0315290178571,0.0408296130952,1,1469131435706,0.0412248883929,1,59,162620,0.125558035714
0.0201125372024,0.0269717261905,1,1469131435706,0.0313430059524,2,59,164639,0.0813802083333
0.02685546875,0.0367606026786,1,1469131435706,0.0409923735119,3,59,166643,0.12341889881
0.0282970610119,0.0345052083333,0,1469131435707,0.0357840401786,0,59,243823,0.105375744048
0.0395275297619,0.0587332589286,0,1469131435708,0.0530133928571,1,59,245978,0.155831473214
0.0244838169643,0.0328543526786,0,1469131435813,0.0333891369048,2,59,247986,0.10144624256
0.0255068824405,0.0352725074405,0,1469131435813,0.0355515252976,3,59,249998,0.100678943452
0.0405970982143,0.0579892113095,0,1469131435814,0.0513625372024,4,59,252004,0.159202938988
0.0304361979167,0.0420851934524,0,1469131435814,0.0372488839286,5,59,254101,0.11170014881
0.0253441220238,0.0332961309524,0,1469131435818,0.0388997395833,6,59,256105,0.104096912202
0.0449683779762,0.0570824032738,0,1469131435819,0.0518973214286,7,59,258099,0.163713727679
0.024158296131,0.0334821428571,1,1469131435819,0.0340401785714,0,59,260534,0.09619140625
0.0315290178571,0.0408296130952,1,1469131435819,0.0412248883929,1,59,262529,0.125558035714
0.0201125372024,0.0269949776786,1,1469131435819,0.0313197544643,2,59,264607,0.0813337053571
0.0269252232143,0.0368071056548,1,1469131435819,0.0410853794643,3,59,266624,0.123721168155
0.0283203125,0.0345284598214,0,1469131435819,0.0357375372024,0,59,344071,0.105375744048
0.0395275297619,0.0587565104167,0,1469131435819,0.0530133928571,1,59,346142,0.15587797619
0.0244838169643,0.0328776041667,0,1469131435819,0.0334123883929,2,59,348149,0.101469494048
0.0255068824405,0.0352957589286,0,1469131435819,0.0355747767857,3,59,350143,0.10070219494
0.0406436011905,0.0580124627976,0,1469131435819,0.0513857886905,4,59,352156,0.159272693452
0.0304827008929,0.0421084449405,0,1469131435921,0.0372721354167,5,59,354310,0.111723400298
0.0253441220238,0.0332728794643,0,1469131435921,0.0388997395833,6,59,356324,0.104096912202
0.0449683779762,0.0570824032738,0,1469131435921,0.0518973214286,7,59,358330,0.163713727679
0.024158296131,0.033458891369,1,1469131435921,0.0340634300595,0,59,360838,0.0962844122024
0.0315290178571,0.0408528645833,1,1469131435921,0.041248139881,1,59,362857,0.12560453869
0.0201590401786,0.0270414806548,1,1469131435921,0.0313662574405,2,59,364872,0.0814034598214
0.0269252232143,0.0368303571429,1,1469131435921,0.0410853794643,3,59,366870,0.123767671131
0.0283435639881,0.0345284598214,0,1469131435921,0.0356910342262,0,59,444245,0.105375744048
0.03955078125,0.0587797619048,0,1469131435922,0.0530366443452,1,59,446309,0.155924479167
0.0244838169643,0.0328776041667,0,1469131435922,0.0333891369048,2,59,448307,0.101515997024
0.0255301339286,0.0352957589286,0,1469131435922,0.0355747767857,3,59,450389,0.100748697917
0.0406668526786,0.0580589657738,0,1469131435922,0.0514555431548,4,59,452693,0.159412202381
0.0304361979167,0.0420851934524,0,1469131435922,0.0372488839286,5,59,454713,0.111630394345
0.0253208705357,0.0332263764881,0,1469131435922,0.0388997395833,6,59,456756,0.104050409226
0.0449451264881,0.0570591517857,0,1469131435922,0.0518740699405,7,59,458753,0.16369047619
0.024181547619,0.033435639881,1,1469131436027,0.0340866815476,0,59,461184,0.096423921131
0.0315290178571,0.0408528645833,1,1469131436027,0.041248139881,1,59,463177,0.12560453869
0.0202055431548,0.0271344866071,1,1469131436027,0.0314360119048,2,59,465210,0.0815894717262
0.0269484747024,0.0368303571429,1,1469131436027,0.0410853794643,3,59,467182,0.123860677083
0.0283203125,0.0345052083333,0,1469131436028,0.0356212797619,0,59,544412,0.105259486607
0.0395275297619,0.0587565104167,0,1469131436028,0.0530366443452,1,59,546512,0.155854724702
0.0244838169643,0.0328776041667,0,1469131436028,0.0333891369048,2,59,548516,0.101492745536
0.0255301339286,0.0352725074405,0,1469131436028,0.0355980282738,3,59,550522,0.100771949405
0.0407133556548,0.0580822172619,0,1469131436028,0.0514787946429,4,59,552611,0.159481956845
0.0304129464286,0.0420851934524,0,1469131436028,0.0372488839286,5,59,554661,0.111560639881
0.0252743675595,0.0331798735119,0,1469131436028,0.0388532366071,6,59,556680,0.103934151786
0.0448986235119,0.0570126488095,0,1469131436028,0.0518275669643,7,59,558675,0.163504464286
0.024158296131,0.0333891369048,1,1469131436028,0.0340634300595,0,59,561173,0.096447172619
0.0315290178571,0.0408296130952,1,1469131436028,0.0412248883929,1,59,563209,0.125627790179
0.020252046131,0.0271809895833,1,1469131436028,0.031505766369,2,59,565235,0.0817522321429
0.0269949776786,0.036876860119,1,1469131436207,0.0411086309524,3,59,567238,0.1240234375
0.0282970610119,0.0345052083333,0,1469131436207,0.0355515252976,0,59,644544,0.105189732143
0.0395275297619,0.0587565104167,0,1469131436207,0.0530598958333,1,59,646606,0.155901227679
0.0244838169643,0.0328776041667,0,1469131436207,0.0333891369048,2,59,648695,0.101515997024
0.0255068824405,0.0352260044643,0,1469131436207,0.0356212797619,3,59,650708,0.100725446429
0.0406901041667,0.0580589657738,0,1469131436207,0.0514555431548,4,59,652720,0.159435453869
0.0304129464286,0.0420619419643,0,1469131436209,0.0372488839286,5,59,654750,0.111560639881
0.0252046130952,0.0331101190476,0,1469131436209,0.0387834821429,6,59,656799,0.103771391369
0.0448753720238,0.0569893973214,0,1469131436209,0.0517810639881,7,59,658826,0.163411458333
0.0241350446429,0.0333193824405,1,1469131436209,0.0340634300595,0,59,661309,0.096447172619
0.0315290178571,0.0408296130952,1,1469131436209,0.0412248883929,1,59,663331,0.125581287202
0.020275297619,0.0272274925595,1,1469131436210,0.0315755208333,2,59,665345,0.0819149925595
0.0269949776786,0.0369001116071,1,1469131436210,0.0411551339286,3,59,667364,0.124093191964
0.0283203125,0.0344819568452,0,1469131436210,0.0355050223214,0,59,744786,0.105119977679
0.0395042782738,0.0587332589286,0,1469131436210,0.0530366443452,1,59,746838,0.155854724702
0.0244838169643,0.0328776041667,0,1469131436313,0.0333891369048,2,59,748835,0.101515997024
0.0254603794643,0.03515625,0,1469131436313,0.0356212797619,3,59,750831,0.100632440476
0.0406901041667,0.0580822172619,0,1469131436314,0.0514787946429,4,59,752877,0.159458705357
0.0303896949405,0.0420619419643,0,1469131436314,0.0372256324405,5,59,754921,0.111490885417
0.025134858631,0.0330171130952,0,1469131436314,0.0386672247024,6,59,756920,0.103562127976
0.0448056175595,0.0569196428571,0,1469131436314,0.0517345610119,7,59,758891,0.163248697917
0.0241117931548,0.0332496279762,1,1469131436314,0.0340169270833,0,59,761337,0.096447172619
0.0315290178571,0.0408296130952,1,1469131436314,0.041248139881,1,59,763347,0.125581287202
0.020252046131,0.0272274925595,1,1469131436314,0.0315755208333,2,59,765348,0.0820079985119
0.0269717261905,0.036876860119,1,1469131436314,0.0411086309524,3,59,767360,0.123930431548
0.0282738095238,0.0344587053571,0,1469131436314,0.035388764881,0,59,844911,0.104910714286
0.0395275297619,0.0587797619048,0,1469131436314,0.0530598958333,1,59,846962,0.155924479167
0.0244838169643,0.0328776041667,0,1469131436314,0.0333658854167,2,59,848975,0.101539248512
0.0254603794643,0.0351097470238,0,1469131436314,0.03564453125,3,59,850975,0.100609188988
0.0407133556548,0.05810546875,0,1469131436314,0.051502046131,4,59,852986,0.159528459821
0.0303664434524,0.0420386904762,0,1469131436420,0.0372256324405,5,59,855032,0.111421130952
0.025134858631,0.0329938616071,0,1469131436420,0.0385509672619,6,59,857055,0.103422619048
0.0447591145833,0.0569196428571,0,1469131436420,0.0517345610119,7,59,859076,0.163248697917
0.0241350446429,0.0331101190476,1,1469131436421,0.0342261904762,0,59,861553,0.0968656994048
0.031505766369,0.0408063616071,1,1469131436421,0.0412248883929,1,59,863579,0.12548828125
0.020252046131,0.0272042410714,1,1469131436421,0.0316452752976,2,59,865616,0.0824730282738
0.0267857142857,0.0367140997024,1,1469131436421,0.0408528645833,3,59,867615,0.123093377976
0.0281110491071,0.0343191964286,0,1469131436421,0.03515625,0,59,945096,0.104445684524
0.0394577752976,0.0586867559524,0,1469131436421,0.052990141369,1,59,947158,0.155691964286
0.0244605654762,0.0328543526786,0,1469131436421,0.0332961309524,2,59,949159,0.101376488095
0.0257161458333,0.0355747767857,0,1469131436421,0.0361095610119,3,59,951154,0.101702008929
0.0407133556548,0.0581287202381,0,1469131436421,0.0515485491071,4,59,953182,0.15955171131
0.0303431919643,0.0419921875,0,1469131436421,0.0372488839286,5,59,955232,0.111421130952
0.0252511160714,0.0331566220238,0,1469131436421,0.0385277157738,6,59,957248,0.103655133929
0.0447591145833,0.056873139881,0,1469131436421,0.0516880580357,7,59,959264,0.163132440476
0.024158296131,0.0327845982143,1,1469131436531,0.0350864955357,0,59,961746,0.0991443452381
0.031505766369,0.040783110119,1,1469131436531,0.041248139881,1,59,963779,0.125465029762
0.0201822916667,0.0270414806548,1,1469131436532,0.0317150297619,2,59,965787,0.0829845610119
0.0267857142857,0.0367140997024,1,1469131436532,0.0408528645833,3,59,967797,0.123093377976
0.0279715401786,0.0343191964286,0,1469131436532,0.0349934895833,0,0,45264,0.104143415179
0.0392485119048,0.058361235119,0,1469131436532,0.052734375,1,0,47318,0.15490141369
0.0243210565476,0.03271484375,0,1469131436532,0.0330868675595,2,0,49328,0.10070219494
0.0261811755952,0.03662109375,0,1469131436532,0.0369233630952,3,0,51349,0.103678385417
0.0408761160714,0.0583844866071,0,1469131436532,0.0518043154762,4,0,53379,0.160086495536
0.0302734375,0.0418061755952,0,1469131436532,0.0371558779762,5,0,55482,0.111118861607
0.0254603794643,0.033435639881,0,1469131436532,0.0385974702381,6,0,57508,0.104050409226
0.0446196056548,0.0567336309524,0,1469131436532,0.0515485491071,7,0,59525,0.162690662202
0.0244140625,0.0327845982143,1,1469131436532,0.0363188244048,0,0,61988,0.103236607143
0.0314360119048,0.0406436011905,1,1469131436532,0.0412016369048,1,0,65106,0.125279017857
0.0196707589286,0.026134672619,1,1469131436532,0.0310872395833,2,0,67524,0.0816127232143
0.0262974330357,0.0362025669643,1,1469131436532,0.0403180803571,3,0,69542,0.121186755952
0.028064546131,0.03466796875,0,1469131436712,0.0351795014881,0,0,145493,0.104422433036
0.038806733631,0.0577799479167,0,1469131436712,0.0522693452381,1,0,147547,0.153180803571
0.024181547619,0.0325520833333,0,1469131436712,0.0329241071429,2,0,149568,0.0998186383929
0.0264601934524,0.0372023809524,0,1469131436712,0.0374348958333,3,0,151575,0.105212983631
0.0410853794643,0.0585007440476,0,1469131436712,0.0519670758929,4,0,153605,0.160714285714
0.0301106770833,0.0415271577381,0,1469131436712,0.0369466145833,5,0,155651,0.110560825893
0.0257161458333,0.0337611607143,0,1469131436712,0.0389462425595,6,0,157664,0.104724702381
0.0444568452381,0.0564778645833,0,1469131436712,0.0514322916667,7,0,159668,0.162155877976
0.0244140625,0.0327845982143,1,1469131436712,0.0363188244048,0,0,162152,0.103236607143
0.0314127604167,0.04052734375,1,1469131436712,0.0411318824405,1,0,164252,0.125232514881
0.0189034598214,0.0242047991071,1,1469131436712,0.030017671131,2,0,166252,0.0790085565476
0.0257393973214,0.0354352678571,1,1469131436712,0.0396670386905,3,0,168999,0.118838355655
0.0283900669643,0.0352027529762,0,1469131436712,0.0354817708333,0,0,245626,0.10460844494
0.0386672247024,0.0575474330357,0,1469131436713,0.0521763392857,1,0,247676,0.152506510417
0.0240885416667,0.0324125744048,0,1469131436713,0.032970610119,2,0,249682,0.0983072916667
0.0265531994048,0.0373883928571,0,1469131436713,0.0376209077381,3,0,251682,0.105724516369
0.0410621279762,0.0582914806548,0,1469131436821,0.0518973214286,4,0,253688,0.160737537202
0.0299479166667,0.041271391369,0,1469131436821,0.0367373511905,5,0,255717,0.110072544643
0.0258556547619,0.033923921131,0,1469131436821,0.0392252604167,6,0,257718,0.105236235119
0.0442475818452,0.0561755952381,0,1469131436821,0.05126953125,7,0,259722,0.161481584821
0.0249255952381,0.0331566220238,1,1469131436821,0.0372023809524,0,0,262153,0.106840587798
0.0311569940476,0.0401553199405,1,1469131436821,0.040783110119,1,0,264221,0.124209449405
0.0192522321429,0.0250186011905,1,1469131436821,0.0302966889881,2,0,266234,0.0791248139881
0.0254138764881,0.0348772321429,1,1469131436821,0.0392717633929,3,0,268234,0.117094494048
0.0284133184524,0.0351795014881,0,1469131436821,0.0355980282738,0,0,345804,0.104050409226
0.0390159970238,0.0579892113095,0,1469131436821,0.0525251116071,1,0,347844,0.154157366071
0.0242047991071,0.0325985863095,0,1469131436821,0.0337146577381,2,0,349854,0.1005859375
0.0264834449405,0.037365141369,0,1469131436822,0.03759765625,3,0,351849,0.105422247024
0.0410853794643,0.0583844866071,0,1469131436822,0.0519205729167,4,0,353912,0.160784040179
0.0299014136905,0.0413178943452,0,1469131436822,0.0367373511905,5,0,356029,0.109909784226
0.0259719122024,0.0340169270833,0,1469131436822,0.0392717633929,6,0,358045,0.10558500744
0.0438058035714,0.0555710565476,0,1469131436822,0.051037016369,7,0,360056,0.160388764881
0.0251116071429,0.0333891369048,1,1469131436928,0.037341889881,0,0,362567,0.107886904762
0.0306919642857,0.0391322544643,1,1469131436928,0.0403878348214,1,0,364614,0.12255859375
0.0199265252976,0.0265299479167,1,1469131436928,0.0308547247024,2,0,366621,0.0804036458333
0.0253208705357,0.0346447172619,1,1469131436928,0.0390392485119,3,0,368702,0.115280877976
0.0278087797619,0.0344587053571,0,1469131436928,0.0342726934524,0,0,446008,0.102306547619
0.0394112723214,0.0585007440476,0,1469131436928,0.0528506324405,1,0,448054,0.155598958333
0.024669828869,0.0331333705357,0,1469131436928,0.0336681547619,2,0,450093,0.10242280506
0.0264834449405,0.0373186383929,0,1469131436928,0.0374813988095,3,0,452394,0.105259486607
0.0411783854167,0.0585239955357,0,1469131436928,0.0519670758929,4,0,454419,0.160993303571
0.0300641741071,0.0415504092262,0,1469131436929,0.036876860119,5,0,456426,0.110328311012
0.0259486607143,0.0340401785714,0,1469131436929,0.0391090029762,6,0,458506,0.105561755952
0.0432942708333,0.0548735119048,0,1469131436929,0.050548735119,7,0,460493,0.158854166667
0.0250186011905,0.0334123883929,1,1469131436929,0.0369466145833,0,0,462925,0.107026599702
0.0299944196429,0.038806733631,1,1469131436929,0.0398297991071,1,0,464948,0.120326450893
0.0201125372024,0.0269484747024,1,1469131436929,0.0311337425595,2,0,466933,0.0806361607143
0.0249953497024,0.0342029389881,1,1469131437116,0.0386672247024,3,0,468911,0.1123046875
0.0268322172619,0.0337611607143,0,1469131437116,0.0331566220238,0,0,546171,0.0960518973214
0.0395042782738,0.0586635044643,0,1469131437116,0.052990141369,1,0,548216,0.156063988095
0.0246000744048,0.032947358631,0,1469131437116,0.0332263764881,2,0,550220,0.102027529762
0.0264369419643,0.0372256324405,0,1469131437116,0.0372256324405,3,0,552211,0.105003720238
0.0411318824405,0.0584774925595,0,1469131437116,0.0519205729167,4,0,554319,0.160877046131
0.0301106770833,0.0415969122024,0,1469131437116,0.036876860119,5,0,556374,0.110421316964
0.0259021577381,0.0340401785714,0,1469131437116,0.0389462425595,6,0,558400,0.105329241071
0.0426664806548,0.0535714285714,0,1469131437117,0.0499441964286,7,0,560400,0.156784784226
0.0248790922619,0.033458891369,1,1469131437117,0.0362955729167,0,0,562970,0.105259486607
0.0281575520833,0.037109375,1,1469131437117,0.0382254464286,1,0,564996,0.116443452381
0.0200892857143,0.0269484747024,1,1469131437117,0.0313430059524,2,0,566992,0.0804036458333
0.0245768229167,0.0336681547619,1,1469131437117,0.03857421875,3,0,569016,0.109305245536
0.027111235119,0.0337844122024,0,1469131437117,0.0325288318452,0,0,646317,0.094494047619
0.03955078125,0.0587565104167,0,1469131437117,0.0530133928571,1,0,648359,0.156226748512
0.024669828869,0.0330403645833,0,1469131437117,0.0332263764881,2,0,650411,0.102283296131
0.0263671875,0.0371558779762,0,1469131437219,0.0369466145833,3,0,652424,0.104701450893
0.0411551339286,0.0584774925595,0,1469131437219,0.0519438244048,4,0,654452,0.160970052083
0.0301339285714,0.0416666666667,0,1469131437219,0.0369233630952,5,0,656507,0.110584077381
0.0258556547619,0.0340401785714,0,1469131437219,0.038829985119,6,0,658566,0.105119977679
0.0424107142857,0.0535714285714,0,1469131437219,0.0496419270833,7,0,660575,0.155715215774
0.0248325892857,0.03369140625,1,1469131437219,0.0357607886905,0,0,663062,0.103794642857
0.0277622767857,0.0366908482143,1,1469131437219,0.0374116443452,1,0,665097,0.112258184524
0.0200660342262,0.0268787202381,1,1469131437220,0.0314360119048,2,0,667108,0.0801711309524
0.0242047991071,0.0331798735119,1,1469131437220,0.0385509672619,3,0,669122,0.10704985119
0.027087983631,0.0337146577381,0,1469131437220,0.0323893229167,0,0,746567,0.0953311011905
0.0395972842262,0.0588030133929,0,1469131437220,0.0530598958333,1,0,748609,0.156343005952
0.024669828869,0.0330868675595,0,1469131437220,0.0332496279762,2,0,750606,0.102329799107
0.0263439360119,0.0371558779762,0,1469131437220,0.0367373511905,3,0,752689,0.1044921875
0.0411783854167,0.0585007440476,0,1469131437220,0.051990327381,4,0,754732,0.161086309524
0.0302036830357,0.041736421131,0,1469131437220,0.0369698660714,5,0,756732,0.110816592262
0.0258556547619,0.0340866815476,0,1469131437220,0.0387834821429,6,0,758708,0.10509672619
0.0419921875,0.05419921875,0,1469131437329,0.049083891369,7,0,760769,0.154692150298
0.0248325892857,0.033947172619,1,1469131437329,0.0354352678571,0,0,763210,0.102934337798
0.0277855282738,0.0367373511905,1,1469131437329,0.036876860119,1,0,765222,0.110095796131
0.0200660342262,0.0268787202381,1,1469131437329,0.0314360119048,2,0,767235,0.0801711309524
0.0240652901786,0.0330171130952,1,1469131437329,0.0386904761905,3,0,769260,0.106119791667
0.0271344866071,0.0337146577381,0,1469131437329,0.0325055803571,0,0,846688,0.0957496279762
0.0395972842262,0.0587797619048,0,1469131437329,0.0530598958333,1,0,848797,0.156343005952
0.0246930803571,0.0330868675595,0,1469131437329,0.0332728794643,2,0,850805,0.102353050595
0.0263206845238,0.0371326264881,0,1469131437329,0.0366443452381,3,0,852811,0.104352678571
0.0411318824405,0.0584309895833,0,1469131437329,0.0518973214286,4,0,854849,0.160900297619
0.0302036830357,0.041759672619,0,1469131437329,0.0369931175595,5,0,856920,0.11083984375
0.0258091517857,0.0340634300595,0,1469131437329,0.0387602306548,6,0,858925,0.105026971726
0.0418526785714,0.0542224702381,0,1469131437329,0.0493396577381,7,0,860936,0.154971168155
0.0248790922619,0.0341564360119,1,1469131437329,0.0352957589286,0,0,863405,0.102492559524
0.0279017857143,0.0367838541667,1,1469131437329,0.037109375,1,0,865505,0.109700520833
0.0201822916667,0.0270182291667,1,1469131437329,0.0316452752976,2,0,867509,0.0805431547619
0.0240885416667,0.0330868675595,1,1469131437512,0.0390625,3,0,869509,0.106189546131
0.0271344866071,0.0337146577381,0,1469131437512,0.0325288318452,0,0,946879,0.0957728794643
0.0395972842262,0.0587797619048,0,1469131437512,0.0530598958333,1,0,948918,0.156343005952
0.024646577381,0.0330636160714,0,1469131437512,0.0332728794643,2,0,950916,0.102283296131
0.0262974330357,0.0371326264881,0,1469131437512,0.0365745907738,3,0,952964,0.104236421131
0.0411318824405,0.0584309895833,0,1469131437512,0.0518973214286,4,0,955005,0.160900297619
0.0302036830357,0.041759672619,0,1469131437512,0.0369931175595,5,0,957031,0.11083984375
0.0258091517857,0.0340401785714,0,1469131437512,0.0387834821429,6,0,959052,0.105050223214
0.0419921875,0.0542922247024,0,1469131437512,0.04931640625,7,0,961085,0.155180431548
0.0249255952381,0.0342726934524,1,1469131437512,0.0353190104167,0,0,963574,0.10242280506
0.0280180431548,0.036876860119,1,1469131437512,0.0372256324405,1,0,965595,0.109816778274
0.0203450520833,0.0272042410714,1,1469131437512,0.0319475446429,2,0,967600,0.0811476934524
0.024158296131,0.033203125,1,1469131437512,0.0392252604167,3,0,969612,0.106468563988
0.0271344866071,0.0337146577381,0,1469131437513,0.032459077381,0,1,47055,0.0955403645833
0.0395972842262,0.0588030133929,0,1469131437513,0.0530366443452,1,1,49116,0.156296502976
0.024646577381,0.0330636160714,0,1469131437513,0.0332496279762,2,1,51116,0.102260044643
0.0262974330357,0.0371326264881,0,1469131437621,0.0365978422619,3,1,53120,0.104282924107
0.0411318824405,0.0584309895833,0,1469131437621,0.0519205729167,4,1,55141,0.160923549107
0.0302036830357,0.041736421131,0,1469131437621,0.0369931175595,5,1,57186,0.110863095238
0.0258091517857,0.0340401785714,0,1469131437621,0.038829985119,6,1,59210,0.105119977679
0.0421781994048,0.0542457217262,0,1469131437621,0.0491768973214,7,1,61215,0.1552734375
0.0249953497024,0.0343889508929,1,1469131437621,0.0354585193452,0,1,63691,0.102748325893
0.028064546131,0.0369466145833,1,1469131437621,0.0371791294643,1,1,65750,0.110002790179
0.0203915550595,0.0272972470238,1,1469131437621,0.0320172991071,2,1,68702,0.081310453869
0.0242513020833,0.0332961309524,1,1469131437621,0.0392020089286,3,1,70768,0.106794084821
0.027111235119,0.0337379092262,0,1469131437623,0.0324358258929,0,1,147223,0.0950985863095
0.0395972842262,0.0587797619048,0,1469131437623,0.0530598958333,1,1,149256,0.156319754464
0.024669828869,0.0330636160714,0,1469131437623,0.0332263764881,2,1,151254,0.102260044643
0.0262974330357,0.0370628720238,0,1469131437623,0.03662109375,3,1,153278,0.104259672619
0.0411783854167,0.0584774925595,0,1469131437623,0.0519670758929,4,1,155314,0.161063058036
0.0302269345238,0.0417829241071,0,1469131437623,0.0370163690476,5,1,157346,0.110932849702
0.02587890625,0.0340634300595,0,1469131437623,0.0389229910714,6,1,159365,0.105375744048
0.0422712053571,0.0536411830357,0,1469131437727,0.0494326636905,7,1,161394,0.155203683036
0.0250186011905,0.0343656994048,1,1469131437727,0.0355980282738,0,1,163877,0.103120349702
0.0282040550595,0.0375279017857,1,1469131437727,0.0370861235119,1,1,165984,0.11023530506
0.0204613095238,0.0274367559524,1,1469131437727,0.0320405505952,2,1,167989,0.0815662202381
0.0243675595238,0.0334821428571,1,1469131437727,0.0391555059524,3,1,170053,0.107282366071
0.027111235119,0.0337844122024,0,1469131437727,0.0327380952381,0,1,247403,0.094470796131
0.0395042782738,0.0586635044643,0,1469131437727,0.052966889881,1,1,249463,0.156017485119
0.024646577381,0.0330403645833,0,1469131437727,0.0332496279762,2,1,251474,0.102236793155
0.0262741815476,0.0369931175595,0,1469131437727,0.0366675967262,3,1,253496,0.104236421131
0.0411551339286,0.0584542410714,0,1469131437727,0.0519438244048,4,1,255507,0.160970052083
0.0302501860119,0.0417829241071,0,1469131437727,0.0370628720238,5,1,257514,0.111025855655
0.0259719122024,0.0341331845238,0,1469131437727,0.0391555059524,6,1,259506,0.105817522321
0.0428292410714,0.053943452381,0,1469131437727,0.050037202381,7,1,261497,0.157180059524
0.0249953497024,0.0342726934524,1,1469131437727,0.0357375372024,0,1,263930,0.10339936756
0.0283435639881,0.0377836681548,1,1469131437727,0.0372023809524,1,1,266066,0.111049107143
0.0206473214286,0.0276925223214,1,1469131437910,0.0321335565476,2,1,268069,0.0820777529762
0.0246233258929,0.0339006696429,1,1469131437910,0.0390159970238,3,1,270085,0.108096168155
0.027087983631,0.0338774181548,0,1469131437910,0.0336681547619,0,1,347577,0.0979585193452
0.0393880208333,0.0584542410714,0,1469131437910,0.0528041294643,1,1,349611,0.155529203869
0.0244838169643,0.0328311011905,0,1469131437910,0.0331101190476,2,1,351607,0.101515997024
0.0262509300595,0.0369698660714,0,1469131437910,0.0366675967262,3,1,353633,0.104166666667
0.0411086309524,0.0583844866071,0,1469131437910,0.0518973214286,4,1,355680,0.160830543155
0.0302269345238,0.041759672619,0,1469131437910,0.0370163690476,5,1,357696,0.11095610119
0.0260416666667,0.0342029389881,0,1469131437910,0.0394810267857,6,1,359718,0.106282552083
0.0428292410714,0.053943452381,0,1469131437910,0.050037202381,7,1,361784,0.157180059524
0.0249488467262,0.0341564360119,1,1469131437910,0.0358305431548,0,1,364321,0.103352864583
0.0302501860119,0.0390625,1,1469131437910,0.0392717633929,1,1,366333,0.121326264881
0.020763578869,0.0278087797619,1,1469131437910,0.0321800595238,2,1,368341,0.0824497767857
0.0251813616071,0.0347377232143,1,1469131437910,0.0395042782738,3,1,370369,0.111072358631
0.028087797619,0.0346214657738,0,1469131437910,0.0352027529762,0,1,447757,0.10314360119
0.0392252604167,0.0582449776786,0,1469131437910,0.0526413690476,1,1,449798,0.154971168155
0.024158296131,0.032459077381,0,1469131438019,0.0328078497024,2,1,451836,0.0997721354167
0.0262276785714,0.0369233630952,0,1469131438019,0.03662109375,3,1,453853,0.104073660714
0.0411086309524,0.058337983631,0,1469131438019,0.0518973214286,4,1,455935,0.16076078869
0.0301804315476,0.0417131696429,0,1469131438019,0.0370163690476,5,1,457950,0.110863095238
0.0260881696429,0.0342726934524,0,1469131438019,0.039783296131,6,1,459917,0.106468563988
0.0437825520833,0.0555943080357,0,1469131438019,0.0509672619048,7,1,461900,0.16027250744
0.0248325892857,0.0339936755952,1,1469131438019,0.0356910342262,0,1,464391,0.10265531994
0.030994233631,0.0397600446429,1,1469131438019,0.0405505952381,1,1,466427,0.123721168155
0.0205775669643,0.0275530133929,1,1469131438019,0.0320172991071,2,1,468393,0.0818917410714
0.0264601934524,0.0362025669643,1,1469131438019,0.0410388764881,3,1,470375,0.119047619048
0.0282273065476,0.0347609747024,0,1469131438019,0.0356677827381,0,1,547956,0.104654947917
0.0392252604167,0.0582682291667,0,1469131438019,0.0526413690476,1,1,549996,0.154854910714
0.0240885416667,0.0324125744048,0,1469131438019,0.0328078497024,2,1,552009,0.0994466145833
0.0261811755952,0.0367838541667,0,1469131438019,0.0365978422619,3,1,554159,0.103934151786
0.0410853794643,0.0583844866071,0,1469131438019,0.0518973214286,4,1,556192,0.16076078869
0.0302269345238,0.041759672619,0,1469131438019,0.0370628720238,5,1,558221,0.111095610119
0.0259486607143,0.0341099330357,0,1469131438128,0.0397367931548,6,1,560244,0.105933779762
0.0443405877976,0.0562453497024,0,1469131438128,0.0514555431548,7,1,562271,0.161923363095
0.024646577381,0.0337844122024,1,1469131438128,0.0354585193452,0,1,564768,0.1015625
0.031505766369,0.0406901041667,1,1469131438128,0.0412016369048,1,1,566771,0.125674293155
0.0199730282738,0.0265531994048,1,1469131438128,0.0314127604167,2,1,568860,0.0802408854167
0.0276692708333,0.0374581473214,1,1469131438128,0.0425269717262,3,1,570887,0.125906808036
0.0282273065476,0.034435453869,0,1469131438128,0.0355980282738,0,1,648132,0.104933965774
0.0394577752976,0.0586170014881,0,1469131438128,0.0529203869048,1,1,650215,0.155715215774
0.0242047991071,0.0325520833333,0,1469131438128,0.0330403645833,2,1,652223,0.100190662202
0.026111421131,0.03662109375,0,1469131438128,0.0365513392857,3,1,654302,0.103585379464
0.041015625,0.0584309895833,0,1469131438128,0.0518508184524,4,1,656326,0.160435267857
0.0303664434524,0.0418991815476,0,1469131438128,0.0371791294643,5,1,658356,0.111514136905
0.0257393973214,0.0338309151786,0,1469131438128,0.0393415178571,6,1,660371,0.105143229167
0.0447126116071,0.0567336309524,0,1469131438128,0.0517345610119,7,1,662387,0.163109188988
0.0242978050595,0.0333891369048,1,1469131438128,0.0348539806548,0,1,664937,0.0993071056548
0.0315755208333,0.0408528645833,1,1469131438128,0.0413411458333,1,1,666948,0.125813802083
0.0198567708333,0.0265299479167,1,1469131438310,0.0308314732143,2,1,668948,0.079822358631
0.0276692708333,0.0374581473214,1,1469131438310,0.0425269717262,3,1,670962,0.125906808036
0.0283203125,0.0344819568452,0,1469131438310,0.0356212797619,0,1,748300,0.10535249256
0.0397135416667,0.0590355282738,0,1469131438310,0.0532924107143,1,1,750321,0.15673828125
0.0245535714286,0.0329938616071,0,1469131438310,0.0334821428571,2,1,752330,0.101864769345
0.0257626488095,0.0359468005952,0,1469131438310,0.0361328125,3,1,754372,0.102213541667
0.0409226190476,0.058361235119,0,1469131438310,0.0517345610119,4,1,756369,0.16015625
0.030529203869,0.0422014508929,0,1469131438310,0.037365141369,5,1,758364,0.111979166667
0.0254371279762,0.033458891369,0,1469131438310,0.0387369791667,6,1,760347,0.104166666667
0.0449683779762,0.0571056547619,0,1469131438310,0.0519670758929,7,1,762342,0.163922991071
0.0242745535714,0.0335053943452,1,1469131438310,0.0340401785714,0,1,764800,0.0972609747024
0.0316220238095,0.0409691220238,1,1469131438310,0.0414109002976,1,1,766803,0.125906808036
0.0198567708333,0.0267857142857,1,1469131438310,0.030505952381,2,1,768892,0.0799618675595
0.0276460193452,0.0375744047619,1,1469131438310,0.0423409598214,3,1,770911,0.126488095238
0.0286690848214,0.0348539806548,0,1469131438310,0.0357375372024,0,1,848494,0.106282552083
0.0396670386905,0.0589890252976,0,1469131438310,0.0532459077381,1,1,850619,0.156505766369
0.024669828869,0.0331101190476,0,1469131438417,0.0336449032738,2,1,852632,0.102376302083
0.0254836309524,0.0352725074405,0,1469131438417,0.0357142857143,3,1,854652,0.100888206845
0.0409691220238,0.0583844866071,0,1469131438417,0.0517113095238,4,1,856713,0.16027250744
0.0305757068452,0.0422944568452,0,1469131438417,0.0374116443452,5,1,858787,0.112118675595
0.0252278645833,0.0331798735119,0,1469131438417,0.0384812127976,6,1,860808,0.103585379464
0.0450381324405,0.0571754092262,0,1469131438417,0.052013578869,7,1,862824,0.164085751488
0.0242513020833,0.0335984002976,1,1469131438417,0.0337611607143,0,1,865314,0.0967959449405
0.0315987723214,0.0408993675595,1,1469131438417,0.0413643973214,1,1,867323,0.125720796131
0.0197172619048,0.0264136904762,1,1469131438417,0.0302734375,2,1,869318,0.0799386160714
0.0269019717262,0.0368303571429,1,1469131438417,0.0413876488095,3,1,871339,0.123349144345
0.0285295758929,0.0347144717262,0,1469131438417,0.0355980282738,0,1,948686,0.10584077381
0.0396670386905,0.0589890252976,0,1469131438417,0.0532459077381,1,1,950721,0.156505766369
0.0245535714286,0.032947358631,0,1469131438417,0.0335053943452,2,1,952815,0.101771763393
0.0253208705357,0.0348539806548,0,1469131438417,0.0355515252976,3,1,954876,0.100330171131
0.0407366071429,0.0581287202381,0,1469131438417,0.0514787946429,4,1,956895,0.159598214286
