blue,green,groupId,received,red,sensorId,time1,time2,white
0.0248325892857,0.03515625,0,1469806781674,0.0291341145833,6,47,434737,0.0941685267857
0.0362258184524,0.0478748139881,0,1469806781674,0.0430617559524,7,47,436795,0.135881696429
0.0271344866071,0.0398995535714,1,1469806781674,0.0330868675595,0,47,439279,0.103980654762
0.0265531994048,0.0357607886905,1,1469806781674,0.0355282738095,1,47,441311,0.107235863095
0.016369047619,0.0210193452381,1,1469806781674,0.020252046131,2,47,443336,0.0677780877976
0.0229027157738,0.0333891369048,1,1469806781674,0.0345749627976,3,47,445397,0.100399925595
0.0256928943452,0.0329241071429,0,1469806781674,0.0283435639881,0,47,522540,0.0933082217262
0.036853608631,0.055896577381,0,1469806781674,0.0510602678571,1,47,524685,0.14892578125
0.025158110119,0.0349934895833,0,1469806781675,0.0332496279762,2,47,526724,0.106956845238
0.027599516369,0.0383649553571,0,1469806781675,0.0294596354167,3,47,528752,0.101422991071
0.03564453125,0.051990327381,0,1469806781675,0.0464797247024,4,47,530779,0.142810639881
0.025646391369,0.0367838541667,0,1469806781676,0.032970610119,5,47,532856,0.0974934895833
0.0248325892857,0.0351795014881,0,1469806781676,0.0291573660714,6,47,534896,0.0941685267857
0.0362258184524,0.0478980654762,0,1469806781676,0.0430850074405,7,47,536907,0.135928199405
0.027111235119,0.0398763020833,1,1469806781676,0.0330403645833,0,47,539384,0.103841145833
0.0265299479167,0.0357607886905,1,1469806781780,0.0355282738095,1,47,541433,0.107166108631
0.0163225446429,0.0209495907738,1,1469806781780,0.0201822916667,2,47,543463,0.0676618303571
0.0228562127976,0.0332961309524,1,1469806781780,0.034435453869,3,47,545493,0.100120907738
0.0256928943452,0.032947358631,0,1469806781780,0.0283668154762,0,47,622712,0.0933547247024
0.036853608631,0.055896577381,0,1469806781781,0.0510602678571,1,47,624788,0.148902529762
0.0251813616071,0.0349934895833,0,1469806781781,0.0332496279762,2,47,626815,0.106956845238
0.027576264881,0.038318452381,0,1469806781781,0.0294596354167,3,47,628876,0.101353236607
0.03564453125,0.052013578869,0,1469806781781,0.0465262276786,4,47,630903,0.142926897321
0.025646391369,0.0368071056548,0,1469806781781,0.032970610119,5,47,632931,0.0975167410714
0.0248325892857,0.0351795014881,0,1469806781782,0.0291806175595,6,47,635235,0.0941917782738
0.0362490699405,0.0478980654762,0,1469806781782,0.0430850074405,7,47,637249,0.135928199405
0.027087983631,0.0398530505952,1,1469806781782,0.0330171130952,0,47,639699,0.103701636905
0.0265531994048,0.0357840401786,1,1469806781782,0.0355050223214,1,47,641709,0.107073102679
0.0162992931548,0.0209263392857,1,1469806781782,0.0201822916667,2,47,643701,0.0677780877976
0.0228329613095,0.0332263764881,1,1469806781783,0.0343191964286,3,47,645729,0.0998883928571
0.0256928943452,0.032947358631,0,1469806781960,0.0283668154762,0,47,722889,0.0933547247024
0.036853608631,0.0558733258929,0,1469806781960,0.051037016369,1,47,724972,0.148856026786
0.025158110119,0.0349934895833,0,1469806781960,0.0332496279762,2,47,727004,0.10693359375
0.027576264881,0.038318452381,0,1469806781960,0.0294596354167,3,47,729039,0.101376488095
0.03564453125,0.052013578869,0,1469806781960,0.0464797247024,4,47,731066,0.142857142857
0.0256696428571,0.0368303571429,0,1469806781960,0.0329938616071,5,47,733113,0.0975399925595
0.0248325892857,0.0352027529762,0,1469806781960,0.0292038690476,6,47,735147,0.09423828125
0.0362490699405,0.0478980654762,0,1469806781960,0.0430850074405,7,47,737155,0.135997953869
0.027087983631,0.0398530505952,1,1469806781960,0.0330171130952,0,47,739630,0.103585379464
0.0265299479167,0.0357607886905,1,1469806781960,0.0355050223214,1,47,741653,0.107026599702
0.0163225446429,0.0209263392857,1,1469806781961,0.0202287946429,2,47,743682,0.0679408482143
0.0228329613095,0.033203125,1,1469806781961,0.0342494419643,3,47,745724,0.0997256324405
0.0256928943452,0.032947358631,0,1469806781961,0.0283668154762,0,47,823068,0.0933547247024
0.036853608631,0.055896577381,0,1469806781961,0.0510602678571,1,47,825150,0.148879278274
0.025158110119,0.0349934895833,0,1469806781961,0.0332496279762,2,47,827166,0.10693359375
0.0275297619048,0.0382486979167,0,1469806782067,0.0294363839286,3,47,829208,0.101283482143
0.03564453125,0.052013578869,0,1469806782067,0.0464797247024,4,47,831242,0.142857142857
0.0256696428571,0.0368303571429,0,1469806782067,0.0329938616071,5,47,833279,0.0975399925595
0.0248325892857,0.0352027529762,0,1469806782067,0.0292038690476,6,47,835308,0.0941917782738
0.0362490699405,0.0478748139881,0,1469806782067,0.0430850074405,7,47,837336,0.135951450893
0.027087983631,0.0398530505952,1,1469806782067,0.0329938616071,0,47,839822,0.103538876488
0.0265299479167,0.0357607886905,1,1469806782067,0.0355050223214,1,47,841850,0.106980096726
0.016345796131,0.0209263392857,1,1469806782067,0.020252046131,2,47,843860,0.0681501116071
0.0228097098214,0.0331798735119,1,1469806782067,0.0341796875,3,47,846027,0.0995628720238
0.0256928943452,0.032947358631,0,1469806782067,0.0283668154762,0,47,923256,0.0933547247024
0.0368303571429,0.0558733258929,0,1469806782067,0.051037016369,1,47,925349,0.148879278274
0.025158110119,0.0349934895833,0,1469806782068,0.0332496279762,2,47,927374,0.106956845238
0.0275065104167,0.0382021949405,0,1469806782068,0.0294131324405,3,47,929393,0.101236979167
0.0355980282738,0.0519670758929,0,1469806782068,0.0464564732143,4,47,931418,0.142764136905
0.025646391369,0.0367838541667,0,1469806782068,0.032970610119,5,47,934493,0.0975167410714
0.0248325892857,0.0352027529762,0,1469806782173,0.0292038690476,6,47,936992,0.09423828125
0.0362490699405,0.0478980654762,0,1469806782173,0.0430617559524,7,47,939020,0.135951450893
0.027111235119,0.0398763020833,1,1469806782173,0.0330403645833,0,47,941509,0.103608630952
0.0265299479167,0.0357607886905,1,1469806782174,0.0355050223214,1,47,943547,0.106956845238
0.016369047619,0.0209263392857,1,1469806782174,0.0202985491071,2,47,945599,0.068359375
0.0228097098214,0.0331798735119,1,1469806782174,0.0341796875,3,47,947632,0.0995628720238
0.0256928943452,0.032947358631,0,1469806782174,0.0283435639881,0,48,23458,0.0933547247024
0.0368303571429,0.0558733258929,0,1469806782174,0.051037016369,1,48,25540,0.148832775298
0.025158110119,0.0349934895833,0,1469806782174,0.0332496279762,2,48,27562,0.106980096726
0.0274832589286,0.0381789434524,0,1469806782174,0.0293898809524,3,48,29608,0.101167224702
0.0356212797619,0.051990327381,0,1469806782174,0.0464797247024,4,48,31634,0.142833891369
0.025623139881,0.0367838541667,0,1469806782174,0.032970610119,5,48,33663,0.0974934895833
0.0248093377976,0.0352027529762,0,1469806782174,0.0292038690476,6,48,35683,0.0941917782738
0.0362258184524,0.0478748139881,0,1469806782174,0.0430617559524,7,48,37708,0.135904947917
0.027111235119,0.0398763020833,1,1469806782174,0.0330403645833,0,48,40208,0.103608630952
0.0265299479167,0.0357607886905,1,1469806782279,0.0355050223214,1,48,42251,0.10693359375
0.016369047619,0.0209263392857,1,1469806782280,0.0202985491071,2,48,44337,0.068359375
0.0227864583333,0.0331566220238,1,1469806782280,0.0341099330357,3,48,46505,0.0993071056548
0.0256928943452,0.0329241071429,0,1469806782280,0.0283435639881,0,48,123651,0.0933779761905
0.036876860119,0.055896577381,0,1469806782280,0.0510602678571,1,48,125751,0.148902529762
0.025158110119,0.0349702380952,0,1469806782280,0.0332263764881,2,48,127797,0.106910342262
0.0274600074405,0.0381324404762,0,1469806782280,0.0293898809524,3,48,129828,0.101097470238
0.0356212797619,0.0519438244048,0,1469806782280,0.0464332217262,4,48,131850,0.142740885417
0.025646391369,0.0368071056548,0,1469806782280,0.0329938616071,5,48,133910,0.0975399925595
0.0248325892857,0.0352027529762,0,1469806782280,0.0292038690476,6,48,135992,0.0942150297619
0.0362258184524,0.0478748139881,0,1469806782280,0.0430617559524,7,48,138015,0.135904947917
0.027087983631,0.0398995535714,1,1469806782280,0.0330403645833,0,48,140583,0.103538876488
0.0265299479167,0.0357375372024,1,1469806782280,0.0354817708333,1,48,142627,0.106863839286
0.0163922991071,0.0209495907738,1,1469806782280,0.0203450520833,2,48,144667,0.0686383928571
0.0227864583333,0.0331798735119,1,1469806782281,0.0340634300595,3,48,146699,0.0991908482143
0.0257161458333,0.032947358631,0,1469806782459,0.0283900669643,0,48,223838,0.0934012276786
0.0368071056548,0.0558500744048,0,1469806782460,0.051013764881,1,48,225986,0.148739769345
0.0251116071429,0.034900483631,0,1469806782460,0.033203125,2,48,228011,0.106701078869
0.0272972470238,0.037830171131,0,1469806782460,0.0292503720238,3,48,230089,0.100609188988
0.0354585193452,0.0516648065476,0,1469806782460,0.046154203869,4,48,232127,0.142345610119
0.025646391369,0.0368071056548,0,1469806782460,0.032970610119,5,48,234238,0.0975399925595
0.0248093377976,0.0352027529762,0,1469806782460,0.0292038690476,6,48,236255,0.0941685267857
0.0362025669643,0.0478515625,0,1469806782460,0.0430385044643,7,48,238335,0.135811941964
0.0270414806548,0.0398530505952,1,1469806782460,0.0329938616071,0,48,240823,0.103120349702
0.0265066964286,0.0357142857143,1,1469806782460,0.0354585193452,1,48,242848,0.106770833333
0.0164155505952,0.0209728422619,1,1469806782460,0.0203683035714,2,48,244921,0.0687546502976
0.0228097098214,0.033203125,1,1469806782460,0.0340401785714,3,48,246961,0.0991675967262
0.0258091517857,0.0330868675595,0,1469806782460,0.0285295758929,0,48,324090,0.09375
0.0367606026786,0.0557803199405,0,1469806782460,0.0509672619048,1,48,326155,0.148507254464
0.0250651041667,0.0348539806548,0,1469806782460,0.0331566220238,2,48,328189,0.106515066964
0.02685546875,0.0371558779762,0,1469806782567,0.0289248511905,3,48,330216,0.0994698660714
0.0352725074405,0.0512462797619,0,1469806782567,0.0457124255952,4,48,332241,0.141834077381
0.025623139881,0.0367606026786,0,1469806782567,0.032947358631,5,48,334329,0.097423735119
0.0248790922619,0.0352957589286,0,1469806782567,0.0292503720238,6,48,336328,0.0943080357143
0.0362258184524,0.0478980654762,0,1469806782567,0.0430617559524,7,48,338312,0.135928199405
0.0269949776786,0.0397367931548,1,1469806782567,0.0328543526786,0,48,340847,0.102585565476
0.0265299479167,0.0357375372024,1,1469806782567,0.0354817708333,1,48,342858,0.106910342262
0.0163922991071,0.0209495907738,1,1469806782567,0.0203218005952,2,48,344913,0.0684291294643
0.0228097098214,0.0332263764881,1,1469806782567,0.0341331845238,3,48,346950,0.099353608631
0.0259254092262,0.033203125,0,1469806782567,0.0286923363095,0,48,424261,0.0942150297619
0.0367140997024,0.0557338169643,0,1469806782567,0.0509207589286,1,48,426326,0.148297991071
0.0250651041667,0.0348307291667,0,1469806782568,0.0331566220238,2,48,428345,0.1064453125
0.0265531994048,0.0367606026786,0,1469806782568,0.0287620907738,3,48,430463,0.0987955729167
0.0352027529762,0.0513160342262,0,1469806782568,0.0455729166667,4,48,432511,0.141694568452
0.025623139881,0.0367606026786,0,1469806782568,0.032947358631,5,48,434552,0.097423735119
0.0249488467262,0.035388764881,0,1469806782674,0.0292503720238,6,48,436633,0.0944010416667
0.0362955729167,0.0479678199405,0,1469806782674,0.0431315104167,7,48,438667,0.13611421131
0.0269949776786,0.0397135416667,1,1469806782674,0.0327613467262,0,48,441159,0.102399553571
0.0265299479167,0.0357607886905,1,1469806782674,0.0355282738095,1,48,443188,0.10730561756
0.0163225446429,0.02099609375,1,1469806782675,0.0202287946429,2,48,445244,0.0674525669643
0.0229027157738,0.0333891369048,1,1469806782675,0.0345284598214,3,48,447281,0.100423177083
0.0260416666667,0.0333658854167,0,1469806782675,0.0289481026786,0,48,524387,0.0947265625
0.0366675967262,0.0556408110119,0,1469806782675,0.0508510044643,1,48,526535,0.147995721726
0.0250418526786,0.0348307291667,0,1469806782675,0.0331333705357,2,48,528564,0.106375558036
0.0267392113095,0.0370163690476,0,1469806782675,0.0289713541667,3,48,530596,0.0993071056548
0.0352260044643,0.0516880580357,0,1469806782675,0.0459449404762,4,48,532696,0.142043340774
0.025623139881,0.0367606026786,0,1469806782675,0.032947358631,5,48,534754,0.097423735119
0.0250186011905,0.0354817708333,0,1469806782675,0.0292503720238,6,48,536764,0.094470796131
0.0362955729167,0.0479678199405,0,1469806782675,0.0431315104167,7,48,538783,0.13611421131
0.027111235119,0.0398530505952,1,1469806782675,0.0328311011905,0,48,541290,0.103050595238
0.0265764508929,0.0358072916667,1,1469806782780,0.0355515252976,1,48,543317,0.107724144345
0.0162992931548,0.0211123511905,1,1469806782780,0.0201822916667,2,48,545359,0.0664527529762
0.0231352306548,0.0338309151786,1,1469806782780,0.0352957589286,3,48,547394,0.102492559524
0.0261579241071,0.0335751488095,0,1469806782780,0.0292271205357,0,48,624545,0.09521484375
0.0365280877976,0.0554547991071,0,1469806782780,0.0507114955357,1,48,626605,0.147530691964
0.0250186011905,0.0348307291667,0,1469806782780,0.0331566220238,2,48,628695,0.106282552083
0.0272274925595,0.03759765625,0,1469806782780,0.0292503720238,3,48,630719,0.100353422619
0.0352957589286,0.0518973214286,0,1469806782781,0.0463634672619,4,48,632733,0.142229352679
0.0255766369048,0.0366908482143,0,1469806782781,0.0329008556548,5,48,634794,0.0972842261905
0.0250418526786,0.0355050223214,0,1469806782781,0.0292503720238,6,48,636889,0.094470796131
0.036365327381,0.0480143229167,0,1469806782781,0.0431780133929,7,48,638890,0.136300223214
0.0272507440476,0.0399693080357,1,1469806782781,0.0331566220238,0,48,641316,0.104538690476
0.026599702381,0.0358305431548,1,1469806782781,0.0356212797619,1,48,643321,0.108049665179
0.0161597842262,0.0211123511905,1,1469806782781,0.02001953125,2,48,645359,0.0651041666667
0.0233444940476,0.0342261904762,1,1469806782781,0.0359700520833,3,48,647370,0.104631696429
0.0263439360119,0.0339006696429,0,1469806782960,0.0295991443452,0,48,724809,0.0958891369048
0.036365327381,0.0551990327381,0,1469806782960,0.050548735119,1,48,726873,0.14697265625
0.0250418526786,0.0348307291667,0,1469806782961,0.033203125,2,48,728895,0.106282552083
0.0276692708333,0.0388997395833,0,1469806782961,0.0296921502976,3,48,730920,0.101655505952
0.0355050223214,0.0519670758929,0,1469806782961,0.0464797247024,4,48,732967,0.141880580357
0.0255301339286,0.03662109375,0,1469806782961,0.0328543526786,5,48,735012,0.09716796875
0.0250883556548,0.0355747767857,0,1469806782961,0.0292271205357,6,48,737022,0.0945172991071
0.036365327381,0.0480375744048,0,1469806782961,0.043201264881,7,48,739035,0.136369977679
0.0273204985119,0.0399925595238,1,1469806782961,0.0333193824405,0,48,741537,0.105654761905
0.026622953869,0.0358305431548,1,1469806782961,0.0356212797619,1,48,743589,0.108305431548
0.0159737723214,0.02099609375,1,1469806782961,0.0198102678571,2,48,745640,0.0638253348214
0.0234607514881,0.0344819568452,1,1469806782961,0.0364350818452,3,48,747661,0.1064453125
0.0266462053571,0.0342959449405,0,1469806782961,0.0301106770833,0,48,824914,0.0968191964286
0.0362955729167,0.0550827752976,0,1469806782961,0.0504789806548,1,48,826979,0.146740141369
0.0250883556548,0.034923735119,0,1469806782961,0.0333426339286,2,48,829035,0.10632905506
0.0279482886905,0.03955078125,0,1469806783068,0.030040922619,3,48,831073,0.102701822917
0.0356910342262,0.0520600818452,0,1469806783073,0.0465959821429,4,48,833091,0.142717633929
0.0255301339286,0.0365745907738,0,1469806783075,0.0328311011905,5,48,835124,0.0970982142857
0.0250883556548,0.0355747767857,0,1469806783075,0.0292271205357,6,48,837147,0.0945172991071
0.036388578869,0.0480608258929,0,1469806783075,0.0432477678571,7,48,839181,0.136462983631
0.0273902529762,0.0400158110119,1,1469806783075,0.033458891369,0,48,841651,0.1064453125
0.0266462053571,0.0358305431548,1,1469806783075,0.0356677827381,1,48,843675,0.10851469494
0.0158342633929,0.0208565848214,1,1469806783075,0.0196940104167,2,48,845756,0.0630812872024
0.0234840029762,0.0345284598214,1,1469806783075,0.0366908482143,3,48,847790,0.107654389881
0.0269717261905,0.0345982142857,0,1469806783075,0.030529203869,0,48,925095,0.0977725074405
0.0362955729167,0.0550827752976,0,1469806783075,0.050548735119,1,48,927163,0.146833147321
0.0251116071429,0.0349469866071,0,1469806783075,0.0335286458333,2,48,929181,0.106631324405
0.0280412946429,0.0396437872024,0,1469806783075,0.0301339285714,3,48,931196,0.10314360119
0.0357607886905,0.0520833333333,0,1469806783075,0.0466657366071,4,48,933235,0.143159412202
0.0255068824405,0.0365048363095,0,1469806783075,0.0327845982143,5,48,935275,0.0969587053571
0.025158110119,0.0356677827381,0,1469806783175,0.0292736235119,6,48,938190,0.0946335565476
0.0364118303571,0.048084077381,0,1469806783175,0.0432942708333,7,48,940258,0.136579241071
0.0275297619048,0.0400855654762,1,1469806783175,0.0335751488095,0,48,942766,0.107189360119
0.0266694568452,0.035877046131,1,1469806783175,0.0357142857143,1,48,944817,0.108630952381
0.0157645089286,0.0208333333333,1,1469806783175,0.0196940104167,2,48,946838,0.062732514881
0.0235305059524,0.0345517113095,1,1469806783175,0.0369233630952,3,48,948947,0.108677455357
0.0272507440476,0.0347144717262,0,1469806783175,0.0307384672619,0,49,25265,0.0986328125
0.0364118303571,0.0552222842262,0,1469806783175,0.0506184895833,1,49,27339,0.147251674107
0.0251813616071,0.0350632440476,0,1469806783176,0.0336216517857,2,49,29387,0.107561383929
0.028064546131,0.0396437872024,0,1469806783176,0.0301571800595,3,49,31424,0.103259858631
0.0357375372024,0.0520368303571,0,1469806783176,0.046642485119,4,49,33442,0.143205915179
0.0254371279762,0.0364118303571,0,1469806783176,0.03271484375,5,49,35527,0.0967959449405
0.0252046130952,0.0357840401786,0,1469806783176,0.029296875,6,49,37550,0.0947033110119
0.0364350818452,0.0481305803571,0,1469806783176,0.0433640252976,7,49,39569,0.136742001488
0.0276460193452,0.0401553199405,1,1469806783176,0.03369140625,0,49,42053,0.107747395833
0.0266694568452,0.035877046131,1,1469806783281,0.0357375372024,1,49,44151,0.108630952381
0.0157412574405,0.0208333333333,1,1469806783281,0.0196940104167,2,49,46233,0.0624069940476
0.0235770089286,0.0345749627976,1,1469806783281,0.037109375,3,49,48262,0.109537760417
0.0272739955357,0.0350632440476,0,1469806783281,0.0306687127976,0,49,125484,0.0991908482143
0.0365280877976,0.0553850446429,0,1469806783281,0.0506882440476,1,49,127545,0.147693452381
0.0253673735119,0.0352260044643,0,1469806783281,0.03369140625,2,49,129572,0.107956659226
0.028087797619,0.0396902901786,0,1469806783281,0.0302036830357,3,49,131590,0.10339936756
0.0357840401786,0.0520833333333,0,1469806783281,0.0467122395833,4,49,133604,0.14343843006
0.0254371279762,0.0364118303571,0,1469806783281,0.0327380952381,5,49,135650,0.0968424479167
0.0252743675595,0.035877046131,0,1469806783281,0.0293433779762,6,49,137651,0.0948195684524
0.0364350818452,0.0481538318452,0,1469806783281,0.0434337797619,7,49,139682,0.13683500744
0.0276925223214,0.0402018229167,1,1469806783282,0.0337611607143,0,49,142216,0.108072916667
0.026599702381,0.0357375372024,1,1469806783282,0.0357607886905,1,49,144316,0.108537946429
0.0156715029762,0.020763578869,1,1469806783282,0.0196242559524,2,49,146343,0.0621279761905
0.0235072544643,0.034412202381,1,1469806783282,0.0370861235119,3,49,148361,0.109444754464
0.0269019717262,0.0352027529762,0,1469806783464,0.0306919642857,0,49,225625,0.0996558779762
0.03662109375,0.0555013020833,0,1469806783464,0.0507579985119,1,49,227688,0.148135230655
0.0253208705357,0.0351795014881,0,1469806783464,0.0335286458333,2,49,229728,0.107607886905
0.0281343005952,0.0397135416667,0,1469806783464,0.0302734375,3,49,231749,0.103585379464
0.0358305431548,0.0521530877976,0,1469806783464,0.0467354910714,4,49,233767,0.143484933036
0.0254603794643,0.0364583333333,0,1469806783464,0.0327380952381,5,49,235806,0.0968889508929
0.0252743675595,0.035900297619,0,1469806783464,0.0293666294643,6,49,237837,0.0948195684524
0.036365327381,0.0480375744048,0,1469806783464,0.0433872767857,7,49,239883,0.136625744048
0.0277390252976,0.0402483258929,1,1469806783464,0.0338076636905,0,49,242369,0.108258928571
0.026622953869,0.0357142857143,1,1469806783464,0.035877046131,1,49,244426,0.108561197917
0.015625,0.0206473214286,1,1469806783464,0.0195079985119,2,49,246508,0.0619652157738
0.0233677455357,0.0341564360119,1,1469806783464,0.036876860119,3,49,248541,0.108654203869
0.0265299479167,0.0340401785714,0,1469806783464,0.03125,0,49,325804,0.0985398065476
0.0366908482143,0.0555710565476,0,1469806783464,0.0508510044643,1,49,327871,0.1484375
0.0252511160714,0.0350632440476,0,1469806783466,0.0333426339286,2,49,329907,0.107189360119
0.0281808035714,0.0397600446429,0,1469806783466,0.0303199404762,3,49,331935,0.103771391369
0.0358537946429,0.0522228422619,0,1469806783571,0.0467819940476,4,49,333950,0.143577938988
0.0254836309524,0.0365048363095,0,1469806783571,0.0327613467262,5,49,336024,0.096935453869
0.0252976190476,0.0359468005952,0,1469806783571,0.0293898809524,6,49,338016,0.0948660714286
0.036365327381,0.0480375744048,0,1469806783572,0.0433640252976,7,49,340015,0.136555989583
0.0277390252976,0.040271577381,1,1469806783572,0.0338309151786,0,49,342544,0.108351934524
0.0265764508929,0.0357142857143,1,1469806783572,0.0360630580357,1,49,344604,0.108584449405
0.015625,0.0205775669643,1,1469806783572,0.0193917410714,2,49,346643,0.0618722098214
0.023181733631,0.0338541666667,1,1469806783572,0.0365745907738,3,49,348737,0.107561383929
0.0263904389881,0.0334821428571,0,1469806783572,0.0296223958333,0,49,426021,0.0966099330357
0.0368071056548,0.0557105654762,0,1469806783572,0.0509440104167,1,49,428090,0.148716517857
0.0252046130952,0.0349934895833,0,1469806783572,0.0332263764881,2,49,430195,0.10693359375
0.0282040550595,0.039806547619,0,1469806783572,0.0303431919643,3,49,432225,0.103910900298
0.0359468005952,0.0523390997024,0,1469806783572,0.0468517485119,4,49,434300,0.143787202381
0.0255068824405,0.0365745907738,0,1469806783572,0.0328078497024,5,49,436330,0.0970517113095
0.0252976190476,0.0359235491071,0,1469806783572,0.0293898809524,6,49,438347,0.0948428199405
0.0363420758929,0.0480143229167,0,1469806783679,0.0432942708333,7,49,440376,0.136439732143
0.0277855282738,0.0403180803571,1,1469806783679,0.0338541666667,0,49,442850,0.108491443452
0.0264136904762,0.0354585193452,1,1469806783679,0.0357840401786,1,49,444962,0.107933407738
0.015625,0.0205310639881,1,1469806783679,0.019298735119,2,49,446992,0.0618257068452
0.0229957217262,0.0335518973214,1,1469806783679,0.0362490699405,3,49,449018,0.1064453125
0.0257626488095,0.0331101190476,0,1469806783679,0.0287620907738,0,49,526210,0.0950985863095
0.036853608631,0.0558268229167,0,1469806783679,0.051037016369,1,49,528253,0.148949032738
0.0251813616071,0.0349702380952,0,1469806783679,0.0332263764881,2,49,530283,0.106910342262
0.0282505580357,0.0398763020833,0,1469806783679,0.0303664434524,3,49,532302,0.103980654762
0.0359468005952,0.0523856026786,0,1469806783679,0.0468517485119,4,49,534344,0.143833705357
0.0255533854167,0.0366443452381,0,1469806783679,0.0328776041667,5,49,536371,0.0972377232143
0.0252743675595,0.035877046131,0,1469806783679,0.0293898809524,6,49,538391,0.0947963169643
0.0362955729167,0.0479678199405,0,1469806783680,0.043224516369,7,49,540786,0.136207217262
0.0277622767857,0.0403645833333,1,1469806783680,0.0338541666667,0,49,543311,0.108468191964
0.0259951636905,0.0352492559524,1,1469806783680,0.0351795014881,1,49,545360,0.107235863095
0.015625,0.0204845610119,1,1469806783858,0.0192289806548,2,49,547377,0.061779203869
0.0227864583333,0.0332263764881,1,1469806783858,0.0359468005952,3,49,549419,0.1064453125
0.0255766369048,0.032947358631,0,1469806783858,0.0287155877976,0,49,626314,0.0938662574405
0.036876860119,0.0558733258929,0,1469806783858,0.0510602678571,1,49,628368,0.14904203869
0.0251813616071,0.0349702380952,0,1469806783858,0.0332496279762,2,49,630398,0.106910342262
0.0282505580357,0.0398995535714,0,1469806783858,0.0303664434524,3,49,632415,0.10400390625
0.0359700520833,0.0524321056548,0,1469806783858,0.0468982514881,4,49,634573,0.14392671131
0.0255533854167,0.0366443452381,0,1469806783858,0.0328776041667,5,49,636587,0.0972377232143
0.0252046130952,0.0357607886905,0,1469806783858,0.0293666294643,6,49,638666,0.0947033110119
0.0362258184524,0.0478748139881,0,1469806783858,0.0431547619048,7,49,640666,0.136044456845
0.0277855282738,0.0403878348214,1,1469806783858,0.0338541666667,0,49,643103,0.108421688988
0.0259021577381,0.0350167410714,1,1469806783858,0.03515625,1,49,645134,0.106794084821
0.0157180059524,0.0206240699405,1,1469806783858,0.0193219866071,2,49,647142,0.06201171875
0.0227864583333,0.0332263764881,1,1469806783858,0.0359468005952,3,49,649137,0.105236235119
0.0255068824405,0.0329008556548,0,1469806783858,0.0286225818452,0,49,726501,0.0934477306548
0.0369001116071,0.055919828869,0,1469806783965,0.0511067708333,1,49,728557,0.149158296131
0.025158110119,0.0349702380952,0,1469806783965,0.0332496279762,2,49,730576,0.10693359375
0.0282738095238,0.0399228050595,0,1469806783965,0.0303664434524,3,49,732593,0.104027157738
0.0360165550595,0.052478608631,0,1469806783965,0.0469215029762,4,49,734713,0.144066220238
0.0255998883929,0.0366908482143,0,1469806783965,0.0329241071429,5,49,736748,0.0973539806548
0.0250186011905,0.0355050223214,0,1469806783965,0.0293201264881,6,49,738761,0.0944475446429
0.0361328125,0.0477353050595,0,1469806783965,0.0431315104167,7,49,740857,0.13585844494
0.0277622767857,0.0403878348214,1,1469806783965,0.0338309151786,0,49,743345,0.10828218006
0.0262741815476,0.0352027529762,1,1469806783965,0.0352725074405,1,49,745446,0.107189360119
0.0157180059524,0.0206240699405,1,1469806783965,0.0193219866071,2,49,747477,0.06201171875
0.0228097098214,0.0332496279762,1,1469806783965,0.0358537946429,3,49,749514,0.104143415179
0.0252511160714,0.03271484375,0,1469806783965,0.0282970610119,0,49,826672,0.0919828869048
0.0369233630952,0.0559430803571,0,1469806783965,0.0511300223214,1,49,828804,0.149181547619
0.025134858631,0.0349702380952,0,1469806783965,0.0332728794643,2,49,830844,0.106956845238
0.0282970610119,0.0399693080357,0,1469806783965,0.0303431919643,3,49,832872,0.103957403274
0.0360165550595,0.052478608631,0,1469806784075,0.0469215029762,4,49,834888,0.144066220238
0.025623139881,0.0367373511905,0,1469806784075,0.032947358631,5,49,836991,0.0974469866071
0.0246930803571,0.0350399925595,0,1469806784075,0.029296875,6,49,839059,0.0940987723214
0.0360165550595,0.047619047619,0,1469806784075,0.0430850074405,7,49,841104,0.135532924107
0.0276692708333,0.0403413318452,1,1469806784075,0.0337844122024,0,49,843596,0.107886904762
0.0264369419643,0.0355050223214,1,1469806784076,0.0354352678571,1,49,845668,0.107607886905
0.0159040178571,0.0210658482143,1,1469806784076,0.0195777529762,2,49,847704,0.0625465029762
0.0232282366071,0.0338541666667,1,1469806784076,0.036388578869,3,49,849726,0.1064453125
0.0251116071429,0.0325985863095,0,1469806784076,0.0282273065476,0,49,926887,0.091796875
0.0369233630952,0.0559663318452,0,1469806784076,0.0511532738095,1,49,928954,0.149251302083
0.025134858631,0.0349934895833,0,1469806784076,0.0333193824405,2,49,930979,0.107026599702
0.0282505580357,0.0398995535714,0,1469806784076,0.0302501860119,3,49,933065,0.103585379464
0.0359700520833,0.0524321056548,0,1469806784076,0.046875,4,49,935100,0.14392671131
0.0256696428571,0.0368071056548,0,1469806784076,0.0330171130952,5,49,937096,0.0975864955357
0.024669828869,0.0349469866071,0,1469806784076,0.029296875,6,49,939706,0.0940522693452
0.0361328125,0.0477818080357,0,1469806784076,0.0431315104167,7,49,942520,0.135881696429
0.027576264881,0.040294828869,1,1469806784183,0.0337611607143,0,49,945030,0.107468377976
0.0264601934524,0.0355747767857,1,1469806784183,0.0354585193452,1,49,947050,0.107747395833
0.0157412574405,0.0209030877976,1,1469806784183,0.0195079985119,2,49,949105,0.0620349702381
0.0233909970238,0.0341099330357,1,1469806784183,0.0366675967262,3,49,951132,0.108351934524
0.0252511160714,0.0326683407738,0,1469806784183,0.0283203125,0,50,27064,0.0923549107143
0.036876860119,0.055896577381,0,1469806784183,0.0510835193452,1,50,29164,0.149065290179
0.0252046130952,0.0350632440476,0,1469806784183,0.0333426339286,2,50,31205,0.107119605655
0.0281343005952,0.039783296131,0,1469806784183,0.0301106770833,3,50,33227,0.103166852679
0.0359468005952,0.0524088541667,0,1469806784183,0.046875,4,50,35249,0.143833705357
0.025646391369,0.0367838541667,0,1469806784183,0.0329938616071,5,50,37284,0.0975399925595
0.0248790922619,0.0352492559524,0,1469806784183,0.029296875,6,50,39311,0.0943545386905
0.0361328125,0.0477818080357,0,1469806784183,0.0431315104167,7,50,41335,0.135881696429
0.0275065104167,0.0402018229167,1,1469806784183,0.0337379092262,0,50,43819,0.107166108631
0.0264834449405,0.0355747767857,1,1469806784183,0.0354817708333,1,50,45948,0.10779389881
0.0154389880952,0.0202055431548,1,1469806784183,0.0191592261905,2,50,47983,0.0612211681548
0.0234375,0.0341796875,1,1469806784183,0.0368071056548,3,50,49996,0.109142485119
0.0256928943452,0.032947358631,0,1469806784363,0.0287853422619,0,50,127250,0.0943545386905
0.0368303571429,0.0558035714286,0,1469806784364,0.051037016369,1,50,129300,0.148902529762
0.0252278645833,0.0350632440476,0,1469806784364,0.0333426339286,2,50,131313,0.107166108631
0.0280412946429,0.0396437872024,0,1469806784364,0.0299944196429,3,50,133346,0.102725074405
0.0359235491071,0.0523390997024,0,1469806784364,0.0468284970238,4,50,135436,0.143717447917
0.0255998883929,0.0367140997024,0,1469806784364,0.0329241071429,5,50,137458,0.0973074776786
0.0249488467262,0.0353422619048,0,1469806784364,0.0292271205357,6,50,139479,0.0943545386905
0.0363188244048,0.0479678199405,0,1469806784364,0.043224516369,7,50,141516,0.136369977679
0.0274367559524,0.0401088169643,1,1469806784364,0.0337611607143,0,50,144081,0.107096354167
0.0265066964286,0.0355980282738,1,1469806784364,0.0355282738095,1,50,146120,0.10802641369
0.0154622395833,0.0204148065476,1,1469806784364,0.0192057291667,2,50,148131,0.0611514136905
0.0236235119048,0.0345284598214,1,1469806784364,0.0372023809524,3,50,150228,0.110816592262
0.0259951636905,0.0335518973214,0,1469806784364,0.0294363839286,0,50,227424,0.0946568080357
0.0366908482143,0.0556175595238,0,1469806784364,0.0508742559524,1,50,229505,0.148507254464
0.025134858631,0.0349702380952,0,1469806784364,0.0333426339286,2,50,231541,0.106910342262
0.0279715401786,0.0395275297619,0,1469806784470,0.0298781622024,3,50,233555,0.102446056548
0.0358537946429,0.05224609375,0,1469806784470,0.0467354910714,4,50,235584,0.143461681548
0.0255533854167,0.0366675967262,0,1469806784470,0.0329008556548,5,50,237622,0.0971912202381
0.0249720982143,0.0353422619048,0,1469806784470,0.0292038690476,6,50,239655,0.0943080357143
0.036388578869,0.0480608258929,0,1469806784470,0.0432942708333,7,50,241681,0.13660249256
0.0273670014881,0.0399925595238,1,1469806784470,0.03369140625,0,50,244238,0.106794084821
0.0266694568452,0.035900297619,1,1469806784470,0.0357375372024,1,50,246331,0.10877046131
0.0156482514881,0.0209263392857,1,1469806784470,0.0196010044643,2,50,248357,0.0616164434524
0.0239490327381,0.0350399925595,1,1469806784470,0.0376906622024,3,50,250377,0.112769717262
0.0259719122024,0.0337611607143,0,1469806784470,0.0294828869048,0,50,327602,0.0948195684524
0.0366675967262,0.0555943080357,0,1469806784470,0.0508510044643,1,50,329668,0.148484002976
0.0250418526786,0.0348772321429,0,1469806784470,0.0332961309524,2,50,331694,0.106631324405
0.0279482886905,0.0394810267857,0,1469806784470,0.0298316592262,3,50,333721,0.102376302083
0.0357840401786,0.0521763392857,0,1469806784470,0.0466889880952,4,50,335735,0.143345424107
0.0255766369048,0.0366443452381,0,1469806784470,0.0329008556548,5,50,337736,0.0972144717262
0.0249488467262,0.0353422619048,0,1469806784577,0.0291806175595,6,50,339736,0.0942847842262
0.0364118303571,0.048084077381,0,1469806784578,0.0433175223214,7,50,341750,0.13671875
0.0272739955357,0.0398297991071,1,1469806784578,0.0335286458333,0,50,344437,0.106189546131
0.0267392113095,0.0359700520833,1,1469806784578,0.0357607886905,1,50,346487,0.108979724702
0.0157877604167,0.021228608631,1,1469806784578,0.0197405133929,2,50,348512,0.0619652157738
0.0240885416667,0.0352492559524,1,1469806784578,0.037830171131,3,50,350584,0.113537016369
0.0258324032738,0.033458891369,0,1469806784578,0.0291341145833,0,50,427838,0.0944010416667
0.0366675967262,0.0555710565476,0,1469806784578,0.05078125,1,50,429936,0.148274739583
0.0249953497024,0.0348074776786,0,1469806784579,0.0331798735119,2,50,431971,0.106305803571
0.0279715401786,0.03955078125,0,1469806784579,0.0298549107143,3,50,434059,0.102492559524
0.0357840401786,0.0521530877976,0,1469806784579,0.0466657366071,4,50,436082,0.143229166667
0.0255766369048,0.0366675967262,0,1469806784579,0.0329008556548,5,50,438156,0.0972144717262
0.0249720982143,0.035388764881,0,1469806784579,0.0291806175595,6,50,440188,0.0943080357143
0.036388578869,0.0480608258929,0,1469806784579,0.0432942708333,7,50,442218,0.136625744048
0.0272507440476,0.0396902901786,1,1469806784579,0.0333891369048,0,50,444749,0.105654761905
0.0267159598214,0.0359468005952,1,1469806784684,0.0357375372024,1,50,446831,0.108909970238
0.015880766369,0.0213681175595,1,1469806784684,0.0198102678571,2,50,448854,0.0623372395833
0.0241117931548,0.0352725074405,1,1469806784684,0.0377604166667,3,50,450871,0.113327752976
0.0257393973214,0.0331101190476,0,1469806784685,0.0287853422619,0,50,528020,0.093982514881
0.0366675967262,0.0556175595238,0,1469806784685,0.05078125,1,50,530070,0.148181733631
0.0250186011905,0.0348307291667,0,1469806784685,0.0331566220238,2,50,532087,0.106352306548
0.0279715401786,0.0395275297619,0,1469806784685,0.0298316592262,3,50,534229,0.102446056548
0.0357375372024,0.0521763392857,0,1469806784685,0.046619233631,4,50,536265,0.143136160714
0.0255998883929,0.0367373511905,0,1469806784685,0.0329241071429,5,50,538301,0.0973307291667
0.0249720982143,0.035412016369,0,1469806784685,0.0292038690476,6,50,540329,0.0943545386905
0.036388578869,0.0480608258929,0,1469806784685,0.0432477678571,7,50,542407,0.136532738095
0.0272042410714,0.0396205357143,1,1469806784685,0.0331566220238,0,50,544912,0.104887462798
0.0266927083333,0.0359468005952,1,1469806784685,0.0357142857143,1,50,546939,0.10877046131
0.0160900297619,0.0215076264881,1,1469806784685,0.0199497767857,2,50,549044,0.0631045386905
0.0240885416667,0.0351795014881,1,1469806784685,0.0375744047619,3,50,551061,0.112513950893
0.0257393973214,0.0329938616071,0,1469806784865,0.0285295758929,0,50,628210,0.0938197544643
0.0367838541667,0.0558035714286,0,1469806784865,0.0509905133929,1,50,630339,0.148577008929
0.0251116071429,0.034923735119,0,1469806784865,0.0332263764881,2,50,632377,0.106677827381
0.02783203125,0.0391322544643,0,1469806784865,0.0296921502976,3,50,634700,0.102074032738
0.0357142857143,0.0521530877976,0,1469806784865,0.0465959821429,4,50,636691,0.143136160714
0.0256696428571,0.0368303571429,0,1469806784865,0.0330171130952,5,50,638781,0.0975399925595
0.0249255952381,0.0353655133929,0,1469806784865,0.0291806175595,6,50,640786,0.0943080357143
0.036388578869,0.0480608258929,0,1469806784865,0.043224516369,7,50,642795,0.136509486607
0.0271809895833,0.0396902901786,1,1469806784865,0.0330403645833,0,50,645272,0.104236421131
0.0266927083333,0.0359468005952,1,1469806784865,0.0357142857143,1,50,647289,0.108654203869
0.0162527901786,0.0215541294643,1,1469806784865,0.0200660342262,2,50,649284,0.0638253348214
0.0239722842262,0.0349934895833,1,1469806784865,0.0372953869048,3,50,651276,0.111095610119
0.0257626488095,0.0330171130952,0,1469806784865,0.0284598214286,0,50,728385,0.0937034970238
0.0368303571429,0.0558733258929,0,1469806784865,0.051037016369,1,50,730449,0.148786272321
0.025134858631,0.0349934895833,0,1469806784865,0.0332728794643,2,50,732477,0.106910342262
0.0276925223214,0.038806733631,0,1469806784971,0.0295758928571,3,50,734504,0.101748511905
0.0357375372024,0.0521530877976,0,1469806784971,0.0465959821429,4,50,736513,0.143159412202
0.0256696428571,0.036853608631,0,1469806784971,0.0330171130952,5,50,738538,0.0975632440476
0.02490234375,0.0352957589286,0,1469806784971,0.0291806175595,6,50,740574,0.0942615327381
0.036365327381,0.0480143229167,0,1469806784971,0.043201264881,7,50,742658,0.136416480655
0.0271577380952,0.0396902901786,1,1469806784971,0.0330636160714,0,50,745163,0.104422433036
0.0266694568452,0.0359700520833,1,1469806784971,0.0356677827381,1,50,747203,0.108491443452
0.0161830357143,0.0213681175595,1,1469806784971,0.0199962797619,2,50,749239,0.0640578497024
0.0237397693452,0.0345749627976,1,1469806784971,0.0367606026786,3,50,751271,0.10877046131
0.0257393973214,0.0329938616071,0,1469806784971,0.0284598214286,0,50,828560,0.0936569940476
0.036853608631,0.055896577381,0,1469806784971,0.0510602678571,1,50,830663,0.148786272321
0.025158110119,0.0349934895833,0,1469806784971,0.0332728794643,2,50,832693,0.106910342262
0.0277622767857,0.0388764880952,0,1469806784971,0.0295991443452,3,50,834725,0.101864769345
0.0356910342262,0.0521298363095,0,1469806784971,0.0465959821429,4,50,836774,0.14306640625
0.025646391369,0.0368303571429,0,1469806784971,0.0329938616071,5,50,838844,0.0974934895833
0.02490234375,0.0352957589286,0,1469806785079,0.0291806175595,6,50,840878,0.09423828125
0.0363188244048,0.0479910714286,0,1469806785079,0.0431547619048,7,50,842904,0.136276971726
0.0271344866071,0.0395740327381,1,1469806785079,0.032970610119,0,50,845469,0.104236421131
0.0266694568452,0.0359700520833,1,1469806785079,0.03564453125,1,50,847512,0.108351934524
0.0161365327381,0.021228608631,1,1469806785079,0.0199497767857,2,50,849531,0.0642438616071
0.0235537574405,0.0342494419643,1,1469806785079,0.036365327381,3,50,851542,0.107142857143
0.0257393973214,0.0329938616071,0,1469806785079,0.0284830729167,0,50,928754,0.0936802455357
0.036853608631,0.055896577381,0,1469806785079,0.0510602678571,1,50,930823,0.148902529762
0.025158110119,0.0349934895833,0,1469806785079,0.0332728794643,2,50,932925,0.106910342262
0.0279017857143,0.0390625,0,1469806785079,0.0296688988095,3,50,934956,0.102120535714
0.0357375372024,0.0521530877976,0,1469806785079,0.046642485119,4,50,936963,0.143136160714
0.0256696428571,0.0368303571429,0,1469806785079,0.0329938616071,5,50,938984,0.0975399925595
0.0249255952381,0.0353422619048,0,1469806785079,0.0292038690476,6,50,941101,0.0942847842262
0.0363188244048,0.0479678199405,0,1469806785079,0.0431315104167,7,50,943929,0.13623046875
0.0271344866071,0.03955078125,1,1469806785080,0.032970610119,0,50,946912,0.104306175595
0.0266462053571,0.0359235491071,1,1469806785185,0.03564453125,1,50,949040,0.108235677083
0.01611328125,0.0211588541667,1,1469806785185,0.0199032738095,2,50,951058,0.064220610119
0.0234607514881,0.0341099330357,1,1469806785186,0.0362258184524,3,50,953083,0.106631324405
0.0257626488095,0.0330171130952,0,1469806785186,0.0284830729167,0,51,28995,0.0937034970238
0.0368303571429,0.0558733258929,0,1469806785186,0.051037016369,1,51,31069,0.148832775298
0.025158110119,0.0349934895833,0,1469806785186,0.0332728794643,2,51,33097,0.106910342262
0.0279250372024,0.0391555059524,0,1469806785186,0.0297154017857,3,51,35120,0.102236793155
0.0357375372024,0.0521995907738,0,1469806785186,0.046642485119,4,51,37191,0.143205915179
0.0256696428571,0.0368303571429,0,1469806785186,0.0330171130952,5,51,39235,0.0975632440476
0.0249255952381,0.0353655133929,0,1469806785186,0.0291806175595,6,51,41267,0.0942847842262
0.0363188244048,0.0479910714286,0,1469806785186,0.0431547619048,7,51,43306,0.136253720238
0.0271577380952,0.0395972842262,1,1469806785186,0.0329938616071,0,51,45816,0.104445684524
0.0266462053571,0.0359468005952,1,1469806785186,0.0356212797619,1,51,47857,0.108258928571
0.01611328125,0.0211588541667,1,1469806785186,0.0198567708333,2,51,49875,0.0641043526786
0.0234840029762,0.0340866815476,1,1469806785186,0.0362258184524,3,51,51875,0.106654575893
0.0257626488095,0.0330171130952,0,1469806785366,0.0284830729167,0,51,129112,0.0937034970238
0.036876860119,0.055896577381,0,1469806785366,0.0510602678571,1,51,131176,0.148949032738
0.025158110119,0.0350167410714,0,1469806785366,0.0332728794643,2,51,133234,0.106980096726
0.0279250372024,0.0391555059524,0,1469806785366,0.0297154017857,3,51,135275,0.102283296131
0.0357607886905,0.0522228422619,0,1469806785366,0.0466657366071,4,51,137278,0.143252418155
0.0256696428571,0.0368303571429,0,1469806785366,0.0329938616071,5,51,139305,0.0975167410714
0.0249488467262,0.0353655133929,0,1469806785366,0.0291806175595,6,51,141347,0.0942847842262
0.0363420758929,0.0479910714286,0,1469806785366,0.0431780133929,7,51,143396,0.136323474702
0.0271577380952,0.0395972842262,1,1469806785366,0.0329938616071,0,51,145951,0.104445684524
0.0266462053571,0.0359468005952,1,1469806785366,0.03564453125,1,51,147990,0.108258928571
0.0160900297619,0.0211356026786,1,1469806785366,0.0198102678571,2,51,149999,0.0639880952381
0.0235072544643,0.0340866815476,1,1469806785366,0.0362025669643,3,51,152009,0.106538318452
0.0257161458333,0.0329938616071,0,1469806785366,0.0284365699405,0,51,229333,0.0935872395833
0.036876860119,0.055919828869,0,1469806785366,0.0510602678571,1,51,231406,0.148995535714
0.0251813616071,0.0350167410714,0,1469806785366,0.0332728794643,2,51,233418,0.107026599702
0.0279250372024,0.0391322544643,0,1469806785473,0.0296921502976,3,51,235497,0.102260044643
0.0357607886905,0.0521995907738,0,1469806785473,0.0466889880952,4,51,237529,0.143275669643
0.0256696428571,0.0368303571429,0,1469806785473,0.0329938616071,5,51,239570,0.0975167410714
0.0249255952381,0.0353422619048,0,1469806785473,0.0291573660714,6,51,241584,0.09423828125
0.0363420758929,0.0479910714286,0,1469806785473,0.0431780133929,7,51,243615,0.136323474702
0.0271809895833,0.0396670386905,1,1469806785473,0.0330403645833,0,51,246145,0.104538690476
0.0266462053571,0.0359235491071,1,1469806785473,0.03564453125,1,51,248185,0.108189174107
0.0160667782738,0.0210890997024,1,1469806785473,0.019763764881,2,51,250197,0.0639880952381
0.0235072544643,0.0340866815476,1,1469806785473,0.0362025669643,3,51,252215,0.106538318452
0.0256928943452,0.032970610119,0,1469806785473,0.0284133184524,0,51,329476,0.093517485119
0.036876860119,0.055919828869,0,1469806785473,0.0510835193452,1,51,331535,0.149018787202
0.025158110119,0.0350167410714,0,1469806785473,0.0332728794643,2,51,333566,0.107026599702
0.0279250372024,0.0391090029762,0,1469806785473,0.0296921502976,3,51,335584,0.102260044643
0.0357375372024,0.0521763392857,0,1469806785473,0.046642485119,4,51,337568,0.143159412202
0.0256696428571,0.0368303571429,0,1469806785473,0.0329938616071,5,51,339573,0.0975399925595
0.0249255952381,0.0353190104167,0,1469806785580,0.0291573660714,6,51,341588,0.09423828125
0.0363188244048,0.0479678199405,0,1469806785580,0.0431315104167,7,51,343591,0.13623046875
0.0271809895833,0.0396670386905,1,1469806785580,0.0330403645833,0,51,346163,0.104515438988
0.0266462053571,0.035900297619,1,1469806785580,0.0356212797619,1,51,348202,0.108049665179
0.0160667782738,0.0210193452381,1,1469806785580,0.0197405133929,2,51,350270,0.0641741071429
0.0233909970238,0.0339006696429,1,1469806785580,0.0359700520833,3,51,352267,0.105701264881
0.025646391369,0.032947358631,0,1469806785580,0.0283900669643,0,51,429654,0.0933779761905
0.036853608631,0.055896577381,0,1469806785580,0.0510602678571,1,51,431726,0.148949032738
0.025158110119,0.0350167410714,0,1469806785580,0.0332728794643,2,51,433738,0.107003348214
0.0279250372024,0.0390857514881,0,1469806785580,0.0296921502976,3,51,435755,0.102260044643
0.0357375372024,0.0521995907738,0,1469806785580,0.0466657366071,4,51,437788,0.143205915179
0.025646391369,0.0368071056548,0,1469806785580,0.032970610119,5,51,439828,0.0975167410714
0.0249255952381,0.0352725074405,0,1469806785580,0.0291341145833,6,51,441853,0.0942150297619
0.0363188244048,0.0479445684524,0,1469806785580,0.0431082589286,7,51,443947,0.136160714286
0.0271809895833,0.0396205357143,1,1469806785580,0.0330171130952,0,51,446558,0.104468936012
