blue,green,groupId,received,red,sensorId,time1,time2,white
0.0484095982143,0.0691731770833,0,1469554787235,0.0609654017857,1,50,643416,0.182291666667
0.0320638020833,0.0430385044643,0,1469554787235,0.0380394345238,2,50,645501,0.126883370536
0.040783110119,0.0505952380952,0,1469554787235,0.0435732886905,3,50,647511,0.149623325893
0.0502232142857,0.0673595610119,0,1469554787235,0.05859375,4,50,649532,0.186616443452
0.0404575892857,0.0531296502976,0,1469554787235,0.0457356770833,5,50,651578,0.141531808036
0.0419456845238,0.0577566964286,0,1469554787235,0.04736328125,6,50,653609,0.145647321429
0.0601748511905,0.0734281994048,0,1469554787235,0.0641276041667,7,50,655655,0.208449590774
0.0428989955357,0.0578031994048,1,1469554787235,0.0478980654762,0,50,658131,0.15515718006
0.04052734375,0.0514555431548,1,1469554787235,0.048595610119,1,50,660163,0.148111979167
0.034435453869,0.0384579613095,1,1469554787235,0.0411551339286,2,50,662174,0.145089285714
0.0332263764881,0.0458984375,1,1469554787235,0.0425269717262,3,50,664256,0.124930245536
0.0445033482143,0.0535249255952,0,1469554787235,0.0491303943452,0,50,741506,0.156296502976
0.0484328497024,0.0692196800595,0,1469554787235,0.0609886532738,1,50,743556,0.182384672619
0.0321103050595,0.0430617559524,0,1469554787235,0.0380626860119,2,50,745575,0.126976376488
0.0408528645833,0.0507114955357,0,1469554787235,0.0436197916667,3,50,747596,0.149832589286
0.05029296875,0.0674990699405,0,1469554787339,0.0586635044643,4,50,749629,0.186802455357
0.0404575892857,0.0531296502976,0,1469554787339,0.0457589285714,5,50,751664,0.1416015625
0.0419224330357,0.0577566964286,0,1469554787339,0.0473167782738,6,50,753685,0.145600818452
0.0601981026786,0.073474702381,0,1469554787339,0.0641508556548,7,50,755720,0.208565848214
0.0429222470238,0.0577799479167,1,1469554787339,0.0478980654762,0,50,758153,0.15515718006
0.0405040922619,0.0514555431548,1,1469554787339,0.048595610119,1,50,760145,0.148018973214
0.0346912202381,0.03857421875,1,1469554787339,0.0413178943452,2,50,762115,0.145763578869
0.0333426339286,0.0460379464286,1,1469554787339,0.0425734747024,3,50,765268,0.125139508929
0.0445033482143,0.0535481770833,0,1469554787339,0.0491303943452,0,50,841674,0.156226748512
0.0484561011905,0.0692196800595,0,1469554787339,0.0609886532738,1,50,843737,0.182384672619
0.0320870535714,0.0430617559524,0,1469554787340,0.0380626860119,2,50,845756,0.126953125
0.0409458705357,0.05078125,0,1469554787341,0.0436662946429,3,50,847768,0.15001860119
0.0503162202381,0.0675223214286,0,1469554787341,0.0586867559524,4,50,849796,0.186825706845
0.0404808407738,0.0531529017857,0,1469554787341,0.0457589285714,5,50,851839,0.141624813988
0.0419224330357,0.0577799479167,0,1469554787342,0.0472702752976,6,50,853866,0.145531063988
0.0602213541667,0.073497953869,0,1469554787447,0.0641741071429,7,50,855984,0.208635602679
0.0428989955357,0.0577334449405,1,1469554787447,0.0478980654762,0,50,858475,0.155133928571
0.0404808407738,0.0514555431548,1,1469554787447,0.048595610119,1,50,860575,0.147809709821
0.0350632440476,0.0387834821429,1,1469554787447,0.0415969122024,2,50,862593,0.146647135417
0.0333426339286,0.0460611979167,1,1469554787447,0.0424339657738,3,50,864620,0.124906994048
0.0444568452381,0.0535016741071,0,1469554787449,0.0491071428571,0,50,941859,0.156110491071
0.0484561011905,0.0692196800595,0,1469554787449,0.0610119047619,1,50,943922,0.182431175595
0.0320870535714,0.0430617559524,0,1469554787449,0.0380626860119,2,50,946011,0.126976376488
0.0409458705357,0.05078125,0,1469554787449,0.043689546131,3,50,948032,0.150111607143
0.0503162202381,0.0675455729167,0,1469554787449,0.0586867559524,4,50,950216,0.186779203869
0.0404808407738,0.0531761532738,0,1469554787449,0.0457821800595,5,50,952229,0.141671316964
0.0418759300595,0.0577566964286,0,1469554787449,0.0472005208333,6,50,954314,0.14539155506
0.0601981026786,0.073474702381,0,1469554787449,0.0641741071429,7,50,956333,0.208565848214
0.0428757440476,0.0576404389881,1,1469554787449,0.0478283110119,0,50,958790,0.155017671131
0.0404110863095,0.0514322916667,1,1469554787449,0.048572358631,1,50,960764,0.147507440476
0.0350632440476,0.0387834821429,1,1469554787629,0.0415969122024,2,50,962738,0.146647135417
0.0333658854167,0.0461077008929,1,1469554787629,0.0422944568452,3,50,964772,0.12462797619
0.04443359375,0.053455171131,0,1469554787632,0.049060639881,0,51,42025,0.155994233631
0.0484328497024,0.0691731770833,0,1469554787632,0.0609886532738,1,51,44164,0.182384672619
0.0321103050595,0.0430850074405,0,1469554787632,0.0380859375,2,51,46190,0.126999627976
0.0409691220238,0.05078125,0,1469554787632,0.043712797619,3,51,48203,0.150181361607
0.0503394717262,0.0675688244048,0,1469554787632,0.0587332589286,4,51,50228,0.18689546131
0.0404808407738,0.0531994047619,0,1469554787632,0.0458054315476,5,51,52273,0.141694568452
0.0418526785714,0.0577799479167,0,1469554787632,0.047130766369,6,51,54330,0.145252046131
0.0601981026786,0.0734514508929,0,1469554787632,0.0641508556548,7,51,56347,0.208519345238
0.0428524925595,0.0576171875,1,1469554787632,0.0478283110119,0,51,58833,0.154994419643
0.0403413318452,0.0514090401786,1,1469554787632,0.0485491071429,1,51,60858,0.147205171131
0.0355050223214,0.0390159970238,1,1469554787632,0.0419224330357,2,51,62865,0.147623697917
0.0333658854167,0.0461774553571,1,1469554787632,0.0421549479167,3,51,64892,0.124255952381
0.0444103422619,0.053455171131,0,1469554787632,0.049060639881,0,51,142202,0.155901227679
0.0484328497024,0.0691964285714,0,1469554787632,0.0610119047619,1,51,144313,0.182407924107
0.0321103050595,0.0430850074405,0,1469554787736,0.0380859375,2,51,146321,0.127022879464
0.0409923735119,0.05078125,0,1469554787736,0.0437360491071,3,51,148346,0.15027436756
0.0503394717262,0.0675455729167,0,1469554787736,0.0587100074405,4,51,150377,0.186848958333
0.0405040922619,0.0531761532738,0,1469554787737,0.0457821800595,5,51,152410,0.141694568452
0.0418061755952,0.0577566964286,0,1469554787737,0.0470145089286,6,51,154431,0.144996279762
0.0601981026786,0.0734514508929,0,1469554787737,0.0641508556548,7,51,156497,0.208519345238
0.0428059895833,0.0575474330357,1,1469554787737,0.0477818080357,0,51,158987,0.154831659226
0.040271577381,0.0513857886905,1,1469554787737,0.0485026041667,1,51,160999,0.146809895833
0.0360398065476,0.0393415178571,1,1469554787737,0.0423642113095,2,51,163000,0.148786272321
0.0334123883929,0.0463169642857,1,1469554787737,0.0420154389881,3,51,165103,0.123976934524
0.0444103422619,0.053478422619,0,1469554787737,0.049060639881,0,51,242412,0.155808221726
0.0484561011905,0.0691964285714,0,1469554787737,0.0610119047619,1,51,244523,0.182431175595
0.0321103050595,0.0431082589286,0,1469554787737,0.0380859375,2,51,246533,0.12706938244
0.0409691220238,0.0507579985119,0,1469554787737,0.043712797619,3,51,248556,0.15027436756
0.0503394717262,0.0675688244048,0,1469554787737,0.0587332589286,4,51,250582,0.186918712798
0.0405040922619,0.0531761532738,0,1469554787843,0.0457821800595,5,51,252678,0.141694568452
0.041759672619,0.0578031994048,0,1469554787843,0.0469215029762,6,51,254736,0.144833519345
0.0601748511905,0.0734514508929,0,1469554787843,0.0641508556548,7,51,256745,0.208472842262
0.0427827380952,0.0575241815476,1,1469554787843,0.0477585565476,0,51,259270,0.15466889881
0.0401785714286,0.0513625372024,1,1469554787843,0.0484561011905,1,51,261258,0.14636811756
0.0367140997024,0.0397600446429,1,1469554787843,0.0429222470238,2,51,263243,0.150111607143
0.0335053943452,0.0464797247024,1,1469554787843,0.0418991815476,3,51,265272,0.123628162202
0.04443359375,0.0535016741071,0,1469554787843,0.0491071428571,0,51,342569,0.155854724702
0.0484561011905,0.0691964285714,0,1469554787843,0.0610119047619,1,51,344640,0.182454427083
0.0321103050595,0.0430850074405,0,1469554787844,0.0381091889881,2,51,346644,0.127092633929
0.0409691220238,0.0507347470238,0,1469554787844,0.0437360491071,3,51,348711,0.150297619048
0.0503394717262,0.0675688244048,0,1469554787844,0.0587332589286,4,51,350749,0.186918712798
0.04052734375,0.05322265625,0,1469554787844,0.0458286830357,5,51,352783,0.141787574405
0.0417131696429,0.0577566964286,0,1469554787844,0.0467587425595,6,51,354834,0.144507998512
0.0601748511905,0.073474702381,0,1469554787844,0.0641741071429,7,51,356870,0.208472842262
0.042712983631,0.0574311755952,1,1469554787950,0.0476888020833,0,51,359330,0.154366629464
0.0400855654762,0.0513625372024,1,1469554787950,0.0484561011905,1,51,361322,0.146019345238
0.0373883928571,0.040271577381,1,1469554787950,0.0435732886905,2,51,363406,0.151413690476
0.0335053943452,0.046619233631,1,1469554787950,0.041736421131,3,51,365507,0.123139880952
0.0444800967262,0.0535714285714,0,1469554787950,0.0492001488095,0,51,442736,0.155970982143
0.0484793526786,0.0692196800595,0,1469554787950,0.06103515625,1,51,444791,0.182593936012
0.0321568080357,0.0431315104167,0,1469554787950,0.0381324404762,2,51,446799,0.127162388393
0.0408761160714,0.050548735119,0,1469554787950,0.0436430431548,3,51,448808,0.150111607143
0.0504324776786,0.0677083333333,0,1469554787950,0.058849516369,4,51,450830,0.187174479167
0.04052734375,0.0532459077381,0,1469554787951,0.0458519345238,5,51,452860,0.141834077381
0.0416434151786,0.0577101934524,0,1469554787951,0.0465494791667,6,51,454898,0.144066220238
0.0601981026786,0.073497953869,0,1469554787951,0.064197358631,7,51,456925,0.208565848214
0.0425734747024,0.0571521577381,1,1469554787951,0.0475725446429,0,51,459492,0.153971354167
0.0400390625,0.0513625372024,1,1469554787951,0.0484328497024,1,51,461510,0.145693824405
0.0380859375,0.0408063616071,1,1469554787951,0.0442243303571,2,51,463505,0.152553013393
0.033458891369,0.0466657366071,1,1469554788132,0.0415969122024,3,51,465533,0.122605096726
0.0444568452381,0.0536411830357,0,1469554788132,0.0492234002976,0,51,542924,0.155924479167
0.0485026041667,0.0692196800595,0,1469554788132,0.06103515625,1,51,544986,0.1826171875
0.0322033110119,0.0431780133929,0,1469554788132,0.0381789434524,2,51,546991,0.127371651786
0.0408296130952,0.0504092261905,0,1469554788132,0.0436430431548,3,51,549098,0.150088355655
0.0504789806548,0.0679640997024,0,1469554788132,0.0590122767857,4,51,551122,0.187337239583
0.04052734375,0.0531994047619,0,1469554788132,0.0458286830357,5,51,553159,0.14171781994
0.0415736607143,0.0577101934524,0,1469554788132,0.0462704613095,6,51,555286,0.143531436012
0.0602213541667,0.0735444568452,0,1469554788132,0.0642671130952,7,51,557323,0.208751860119
0.0427594866071,0.0572684151786,1,1469554788132,0.0477353050595,0,51,559799,0.154878162202
0.0399460565476,0.0513392857143,1,1469554788132,0.0483863467262,1,51,561815,0.1455078125
0.0388997395833,0.0415271577381,1,1469554788132,0.0450381324405,2,51,563844,0.153831845238
0.033435639881,0.046642485119,1,1469554788132,0.0415504092262,3,51,565949,0.122395833333
0.0444103422619,0.0536411830357,0,1469554788132,0.0492466517857,0,51,643089,0.15576171875
0.0484793526786,0.0692196800595,0,1469554788132,0.0610584077381,1,51,645232,0.1826171875
0.0322033110119,0.0431780133929,0,1469554788238,0.0381789434524,2,51,647241,0.127348400298
0.041015625,0.050525483631,0,1469554788238,0.0438755580357,3,51,649265,0.150971912202
0.050548735119,0.068126860119,0,1469554788238,0.0591052827381,4,51,651373,0.187593005952
0.04052734375,0.05322265625,0,1469554788238,0.0458519345238,5,51,653420,0.141764322917
0.0414574032738,0.0576869419643,0,1469554788238,0.0458751860119,6,51,655509,0.142857142857
0.0602446056548,0.0735677083333,0,1469554788238,0.0643601190476,7,51,657534,0.208937872024
0.0432477678571,0.057849702381,1,1469554788239,0.0482700892857,0,51,660016,0.15734281994
0.0398763020833,0.0513392857143,1,1469554788239,0.0484095982143,1,51,662036,0.1455078125
0.039783296131,0.0423177083333,1,1469554788239,0.0456891741071,2,51,664112,0.154924665179
0.0333193824405,0.0465029761905,1,1469554788239,0.0414806547619,3,51,666146,0.121977306548
0.044201078869,0.0535249255952,0,1469554788239,0.0492699032738,0,51,743256,0.15564546131
0.0483165922619,0.0690336681548,0,1469554788239,0.0608956473214,1,51,745318,0.181966145833
0.031994047619,0.0429454985119,0,1469554788239,0.0379929315476,2,51,747407,0.126534598214
0.0414574032738,0.0512927827381,0,1469554788239,0.0443405877976,3,51,749433,0.152646019345
0.0503627232143,0.0673130580357,0,1469554788239,0.0586170014881,4,51,751463,0.187081473214
0.0406203497024,0.0533156622024,0,1469554788344,0.0459216889881,5,51,753500,0.142182849702
0.0415271577381,0.0579427083333,0,1469554788344,0.0457124255952,6,51,755569,0.142787388393
0.0602678571429,0.0735909598214,0,1469554788344,0.0644298735119,7,51,757581,0.209077380952
0.0432477678571,0.057849702381,1,1469554788344,0.0482700892857,0,51,760009,0.15734281994
0.0397600446429,0.0512230282738,1,1469554788344,0.0482700892857,1,51,761987,0.145066034226
0.0398763020833,0.0422712053571,1,1469554788344,0.0454566592262,2,51,764043,0.154064360119
0.0328543526786,0.0458751860119,1,1469554788345,0.041015625,3,51,766085,0.120535714286
0.0443870907738,0.0538504464286,0,1469554788345,0.0497814360119,0,51,843501,0.1572265625
0.0477818080357,0.0682663690476,0,1469554788345,0.0603608630952,1,51,845578,0.180082775298
0.0317847842262,0.042712983631,0,1469554788345,0.037830171131,2,51,847588,0.125511532738
0.042224702381,0.0528273809524,0,1469554788345,0.045154389881,3,51,849609,0.155505952381
0.0498744419643,0.0675223214286,0,1469554788345,0.0582217261905,4,51,851664,0.186360677083
0.0406203497024,0.0532924107143,0,1469554788345,0.0458984375,5,51,853705,0.142299107143
0.0419224330357,0.0585472470238,0,1469554788345,0.0459914434524,6,51,855741,0.143624441964
0.0602446056548,0.0735909598214,0,1469554788345,0.064453125,7,51,857763,0.209123883929
0.0434337797619,0.0577799479167,1,1469554788451,0.0485026041667,0,51,860236,0.158365885417
0.0397135416667,0.051037016369,1,1469554788451,0.0482003348214,1,51,862258,0.144973028274
0.0384347098214,0.0405040922619,1,1469554788451,0.043689546131,2,51,864334,0.149716331845
0.031994047619,0.0446428571429,1,1469554788451,0.040271577381,3,51,866373,0.118489583333
0.0452706473214,0.0552920386905,0,1469554788451,0.0510602678571,0,51,943725,0.160621279762
0.047130766369,0.0673828125,0,1469554788451,0.0597330729167,1,51,945779,0.176990327381
0.03173828125,0.0426897321429,0,1469554788451,0.037853422619,2,51,947804,0.125046502976
0.042736235119,0.0538736979167,0,1469554788451,0.0458519345238,3,51,949865,0.157645089286
0.0504557291667,0.0680338541667,0,1469554788451,0.0589890252976,4,51,951871,0.186011904762
0.04052734375,0.0531063988095,0,1469554788451,0.0457821800595,5,51,953884,0.141996837798
0.042224702381,0.0589890252976,0,1469554788451,0.0460844494048,6,51,955995,0.143949962798
0.0601050967262,0.0734514508929,0,1469554788451,0.0644066220238,7,51,958000,0.208821614583
0.0438755580357,0.057872953869,1,1469554788451,0.0489908854167,0,51,960411,0.161458333333
0.0398763020833,0.0510835193452,1,1469554788451,0.0482235863095,1,51,962399,0.145693824405
0.0354585193452,0.0375046502976,1,1469554788451,0.0404808407738,2,51,964421,0.14197358631
0.030994233631,0.0432942708333,1,1469554788633,0.0396670386905,3,51,966428,0.117350260417
0.04638671875,0.0571754092262,0,1469554788634,0.0536179315476,0,52,43895,0.164411272321
0.0470377604167,0.0673363095238,0,1469554788634,0.0598958333333,1,52,46014,0.175757998512
0.0319010416667,0.0429222470238,0,1469554788634,0.0384579613095,2,52,48033,0.125697544643
0.0430152529762,0.0543154761905,0,1469554788634,0.046130952381,3,52,50053,0.158017113095
0.0506649925595,0.0680106026786,0,1469554788634,0.0590355282738,4,52,52098,0.187662760417
0.0404343377976,0.0529436383929,0,1469554788634,0.045665922619,5,52,54213,0.141671316964
0.0423874627976,0.0592215401786,0,1469554788634,0.0460844494048,6,52,56250,0.143601190476
0.0600120907738,0.0734049479167,0,1469554788634,0.0645461309524,7,52,58254,0.208728608631
0.0442475818452,0.0582682291667,1,1469554788634,0.0492699032738,0,52,60778,0.16320219494
0.0399460565476,0.0509672619048,1,1469554788634,0.0482468377976,1,52,62800,0.146182105655
0.0323195684524,0.03515625,1,1469554788634,0.03759765625,2,52,64816,0.133928571429
0.030529203869,0.0425037202381,1,1469554788634,0.0395972842262,3,52,66845,0.117978050595
0.0463169642857,0.0568266369048,0,1469554788634,0.0548967633929,0,52,144128,0.164736793155
0.047619047619,0.0680338541667,0,1469554788634,0.060546875,1,52,146179,0.179757254464
0.0325985863095,0.0438755580357,0,1469554788634,0.0405505952381,2,52,148208,0.130045572917
0.0431082589286,0.0543852306548,0,1469554788740,0.0460844494048,3,52,150245,0.15759858631
0.0504324776786,0.0677083333333,0,1469554788740,0.0588030133929,4,52,152272,0.186918712798
0.0403180803571,0.0528273809524,0,1469554788741,0.0455496651786,5,52,154335,0.141345796131
0.0424339657738,0.0592447916667,0,1469554788741,0.0460844494048,6,52,156400,0.143275669643
0.0598958333333,0.0732886904762,0,1469554788741,0.0647321428571,7,52,158419,0.208844866071
0.0441313244048,0.0581752232143,1,1469554788741,0.0491536458333,0,52,160884,0.162690662202
0.0398995535714,0.050548735119,1,1469554788741,0.0485258556548,1,52,162898,0.14660063244
0.0303199404762,0.0338309151786,1,1469554788741,0.0359468005952,2,52,164941,0.128231956845
0.030529203869,0.0422712053571,1,1469554788741,0.0398995535714,3,52,166973,0.119373139881
0.0458054315476,0.0553385416667,0,1469554788741,0.0537341889881,0,52,244306,0.1630859375
0.0479910714286,0.0684756324405,0,1469554788741,0.0608491443452,1,52,246395,0.181431361607
0.0334123883929,0.0447126116071,0,1469554788741,0.0417829241071,2,52,248417,0.13244047619
0.0426199776786,0.0539202008929,0,1469554788741,0.0455961681548,3,52,250443,0.156436011905
0.0503394717262,0.0676618303571,0,1469554788741,0.0587332589286,4,52,252479,0.186453683036
0.0402250744048,0.052734375,0,1469554788741,0.0454566592262,5,52,254558,0.140973772321
0.0424572172619,0.0591750372024,0,1469554788847,0.046154203869,6,52,256566,0.143112909226
0.0595703125,0.0728469122024,0,1469554788847,0.0646623883929,7,52,258561,0.208100818452
0.0436662946429,0.0577566964286,1,1469554788847,0.0486886160714,0,52,261037,0.160505022321
0.0403413318452,0.0516880580357,1,1469554788847,0.0495256696429,1,52,263026,0.148949032738
0.0293433779762,0.033203125,1,1469554788847,0.034900483631,2,52,265045,0.1240234375
0.030529203869,0.0422712053571,1,1469554788847,0.0398995535714,3,52,267067,0.119373139881
0.0448521205357,0.054454985119,0,1469554788847,0.0508975074405,0,52,344420,0.159412202381
0.0480143229167,0.0684756324405,0,1469554788847,0.0606166294643,1,52,346445,0.180826822917
0.0328776041667,0.0446196056548,0,1469554788847,0.0420154389881,2,52,348480,0.130882626488
0.0420386904762,0.0534319196429,0,1469554788847,0.0451311383929,3,52,350496,0.1552734375
0.05029296875,0.067638578869,0,1469554788847,0.0586867559524,4,52,352515,0.186314174107
0.0402483258929,0.0528041294643,0,1469554788847,0.0455031622024,5,52,354570,0.140973772321
0.0422712053571,0.0588727678571,0,1469554788847,0.046130952381,6,52,356633,0.14269438244
0.0592215401786,0.0725911458333,0,1469554788847,0.0646623883929,7,52,358660,0.207380022321
0.0431315104167,0.0573381696429,1,1469554788847,0.0480608258929,0,52,361120,0.157854352679
0.0406203497024,0.053478422619,1,1469554788955,0.0504324776786,1,52,363127,0.149879092262
0.029064360119,0.0331333705357,1,1469554788956,0.0345982142857,2,52,365246,0.122047061012
0.0305757068452,0.042247953869,1,1469554788956,0.0401320684524,3,52,367272,0.120047433036
0.0427827380952,0.052966889881,0,1469554788956,0.0501767113095,0,52,444610,0.150344122024
0.048084077381,0.068615141369,0,1469554788956,0.0605933779762,1,52,446646,0.180966331845
0.032459077381,0.043689546131,0,1469554788956,0.0393415178571,2,52,448673,0.128603980655
0.0415969122024,0.0531296502976,0,1469554788956,0.0448288690476,3,52,450702,0.15418061756
0.05029296875,0.067638578869,0,1469554788956,0.0587100074405,4,52,452809,0.186383928571
0.0403645833333,0.0529203869048,0,1469554788956,0.045642671131,5,52,454881,0.141369047619
0.0419689360119,0.0585472470238,0,1469554788956,0.0460379464286,6,52,456914,0.142113095238
0.0587565104167,0.0718703497024,0,1469554788956,0.064685639881,7,52,458939,0.20617094494
0.0425269717262,0.0567336309524,1,1469554788956,0.0472470238095,0,52,461405,0.154994419643
0.0402483258929,0.0541062127976,1,1469554788956,0.0506649925595,1,52,463426,0.150181361607
0.0289481026786,0.0331333705357,1,1469554788956,0.0345052083333,2,52,465507,0.120954241071
0.0305989583333,0.0422014508929,1,1469554788956,0.0402018229167,3,52,467624,0.119675409226
0.0418294270833,0.0509207589286,0,1469554789134,0.0471540178571,0,52,544776,0.144787016369
0.0481770833333,0.0687081473214,0,1469554789134,0.0606631324405,1,52,546815,0.181198846726
0.0321568080357,0.0430850074405,0,1469554789134,0.0384812127976,2,52,548883,0.126953125
0.041271391369,0.0529436383929,0,1469554789134,0.0446196056548,3,52,550908,0.153111049107
0.05029296875,0.0675688244048,0,1469554789134,0.0587100074405,4,52,552935,0.18640718006
0.0404110863095,0.0530133928571,0,1469554789134,0.045665922619,5,52,554995,0.14148530506
0.041736421131,0.0582682291667,0,1469554789134,0.0459914434524,6,52,557025,0.141810825893
0.0590587797619,0.0726609002976,0,1469554789134,0.0656156994048,7,52,559046,0.207240513393
0.0421316964286,0.0564546130952,1,1469554789135,0.0466889880952,0,52,561512,0.152855282738
0.0402018229167,0.0535714285714,1,1469554789135,0.0521065848214,1,52,563602,0.151227678571
0.0287620907738,0.0330636160714,1,1469554789135,0.0343424479167,2,52,565649,0.120024181548
0.0305757068452,0.0421316964286,1,1469554789135,0.0401785714286,3,52,567669,0.11925688244
0.0420619419643,0.0510602678571,0,1469554789135,0.0458984375,0,52,644963,0.14367094494
0.0482235863095,0.0688011532738,0,1469554789135,0.0606863839286,1,52,647001,0.181361607143
0.0320870535714,0.0429454985119,0,1469554789135,0.0381556919643,2,52,649022,0.12646484375
0.0411783854167,0.0529436383929,0,1469554789242,0.0445963541667,3,52,651045,0.15271577381
0.0503162202381,0.0675688244048,0,1469554789242,0.0587100074405,4,52,653122,0.186476934524
0.0404575892857,0.0530831473214,0,1469554789242,0.0456891741071,5,52,655181,0.141624813988
0.0415271577381,0.0580357142857,0,1469554789242,0.0459449404762,6,52,657206,0.141624813988
0.0590587797619,0.0726609002976,0,1469554789242,0.0656156994048,7,52,659273,0.207240513393
0.0419224330357,0.0564313616071,1,1469554789242,0.0463402157738,0,52,661784,0.151529947917
0.0404808407738,0.052990141369,1,1469554789242,0.0522925967262,1,52,663799,0.150065104167
0.0287620907738,0.0330636160714,1,1469554789242,0.0343424479167,2,52,665902,0.120024181548
0.0306919642857,0.0422712053571,1,1469554789242,0.0404110863095,3,52,667949,0.119419642857
0.0425037202381,0.0513857886905,0,1469554789242,0.0458984375,0,52,745127,0.145531063988
0.0482700892857,0.0688709077381,0,1469554789242,0.0607328869048,1,52,747161,0.181547619048
0.0320638020833,0.0429222470238,0,1469554789242,0.0380626860119,2,52,749275,0.126395089286
0.0411551339286,0.052990141369,0,1469554789243,0.0446196056548,3,52,751297,0.152692522321
0.0503859747024,0.0677083333333,0,1469554789243,0.058826264881,4,52,753326,0.186802455357
0.0405040922619,0.0531296502976,0,1469554789243,0.0457589285714,5,52,755443,0.141787574405
0.0414109002976,0.057872953869,0,1469554789348,0.0458984375,6,52,757527,0.14148530506
0.0596400669643,0.0735444568452,0,1469554789348,0.0663597470238,7,52,759528,0.209263392857
0.0418991815476,0.0565011160714,1,1469554789348,0.0462472098214,0,52,761950,0.151064918155
0.0407133556548,0.0527808779762,1,1469554789348,0.0518043154762,1,52,763939,0.148879278274
0.0289015997024,0.033203125,1,1469554789348,0.0344819568452,2,52,766053,0.120582217262
0.0308314732143,0.04248046875,1,1469554789348,0.0404575892857,3,52,768079,0.11925688244
0.0425037202381,0.0513625372024,0,1469554789348,0.0457589285714,0,52,845359,0.145345052083
0.0482700892857,0.0688709077381,0,1469554789348,0.0607096354167,1,52,847394,0.181454613095
0.0320405505952,0.0428757440476,0,1469554789348,0.0379929315476,2,52,849416,0.126255580357
0.0411551339286,0.052966889881,0,1469554789348,0.0446196056548,3,52,851527,0.152622767857
0.0504324776786,0.0678013392857,0,1469554789348,0.0588727678571,4,52,853562,0.186918712798
0.0405040922619,0.0531529017857,0,1469554789348,0.0457589285714,5,52,855615,0.141810825893
0.0414109002976,0.057849702381,0,1469554789348,0.0459216889881,6,52,857641,0.141508556548
0.0599190848214,0.0735212053571,0,1469554789348,0.0668247767857,7,52,859690,0.210681733631
0.0418294270833,0.056384858631,1,1469554789348,0.046130952381,0,52,862134,0.150809151786
0.040783110119,0.0526878720238,1,1469554789455,0.0514555431548,1,52,864238,0.148274739583
0.0295061383929,0.0336216517857,1,1469554789455,0.0350167410714,2,52,866275,0.122767857143
0.0309244791667,0.0426664806548,1,1469554789455,0.040294828869,3,52,868309,0.118443080357
0.0424339657738,0.0512462797619,0,1469554789455,0.0455961681548,0,52,945538,0.144996279762
0.0482933407738,0.0689174107143,0,1469554789455,0.0607328869048,1,52,947677,0.181594122024
0.0320172991071,0.0428524925595,0,1469554789455,0.0379464285714,2,52,949749,0.126162574405
0.0412248883929,0.052990141369,0,1469554789455,0.0446428571429,3,52,951769,0.152785528274
0.0504324776786,0.0678013392857,0,1469554789455,0.0588727678571,4,52,953755,0.18689546131
0.0405040922619,0.0531529017857,0,1469554789455,0.0457589285714,5,52,955801,0.141764322917
0.0414574032738,0.0579427083333,0,1469554789455,0.0459681919643,6,52,957806,0.141624813988
0.0599423363095,0.0734514508929,0,1469554789455,0.0668712797619,7,52,959789,0.211030505952
0.0417829241071,0.0561755952381,1,1469554789455,0.0460611979167,0,52,962200,0.15076264881
0.0406436011905,0.0525483630952,1,1469554789455,0.0512462797619,1,52,964325,0.147507440476
0.0304129464286,0.0342726934524,1,1469554789455,0.0357375372024,2,52,966342,0.125558035714
0.0311337425595,0.0429920014881,1,1469554789455,0.0402018229167,3,52,968332,0.11779203869
0.0423409598214,0.0511300223214,0,1469554789638,0.0454566592262,0,53,45653,0.144601004464
0.0483165922619,0.0689406622024,0,1469554789638,0.060779389881,1,53,47702,0.181710379464
0.0320172991071,0.0428757440476,0,1469554789638,0.0379696800595,2,53,49721,0.126209077381
0.0413643973214,0.0531296502976,0,1469554789638,0.0447358630952,3,53,51776,0.153297061012
0.0504557291667,0.0678478422619,0,1469554789638,0.0588960193452,4,53,53804,0.186965215774
0.04052734375,0.0531761532738,0,1469554789638,0.0457589285714,5,53,55928,0.141764322917
0.0414574032738,0.0579427083333,0,1469554789638,0.0459681919643,6,53,57963,0.141624813988
0.0599190848214,0.0735909598214,0,1469554789638,0.0666852678571,7,53,59983,0.2099609375
0.0418526785714,0.0561755952381,1,1469554789638,0.0462007068452,0,53,62451,0.151204427083
0.04052734375,0.0526181175595,1,1469554789638,0.0514322916667,1,53,64488,0.147321428571
0.0313197544643,0.034900483631,1,1469554789638,0.0364815848214,2,53,66522,0.12804594494
0.0314127604167,0.0434802827381,1,1469554789638,0.0402018229167,3,53,68555,0.117582775298
0.042224702381,0.051037016369,0,1469554789638,0.0453869047619,0,53,145814,0.144298735119
0.0483165922619,0.0689406622024,0,1469554789638,0.060779389881,1,53,147872,0.181710379464
0.0320405505952,0.0428989955357,0,1469554789638,0.0379929315476,2,53,149901,0.126278831845
0.0415736607143,0.0532459077381,0,1469554789638,0.0448521205357,3,53,151920,0.153948102679
0.0504789806548,0.0678943452381,0,1469554789744,0.0588960193452,4,53,153923,0.186965215774
0.04052734375,0.0531761532738,0,1469554789744,0.0457821800595,5,53,156059,0.141857328869
0.0416201636905,0.05810546875,0,1469554789744,0.0460611979167,6,53,158092,0.141950334821
0.0593843005952,0.0733816964286,0,1469554789744,0.0660807291667,7,53,160108,0.20812406994
0.0419921875,0.0561988467262,1,1469554789744,0.0463634672619,0,53,162571,0.15185546875
0.0403878348214,0.0529436383929,1,1469554789744,0.0519438244048,1,53,164625,0.148018973214
0.0322265625,0.0355282738095,1,1469554789744,0.0372256324405,2,53,166658,0.130394345238
0.0315987723214,0.0438755580357,1,1469554789744,0.0401785714286,3,53,168677,0.11730375744
0.041736421131,0.0506417410714,0,1469554789744,0.0453636532738,0,53,246037,0.142485119048
0.04833984375,0.0689174107143,0,1469554789744,0.0607561383929,1,53,248079,0.181687127976
0.0320638020833,0.0429222470238,0,1469554789744,0.0380626860119,2,53,250107,0.12634858631
0.0418061755952,0.0533621651786,0,1469554789744,0.0449683779762,3,53,252141,0.154645647321
0.0504557291667,0.0679408482143,0,1469554789744,0.0588960193452,4,53,254248,0.186965215774
0.04052734375,0.0531529017857,0,1469554789744,0.0457821800595,5,53,256284,0.141903831845
0.0418294270833,0.058337983631,0,1469554789744,0.046154203869,6,53,258282,0.142322358631
0.0588727678571,0.0723353794643,0,1469554789851,0.0653366815476,7,53,260282,0.206263950893
0.0421549479167,0.0562453497024,1,1469554789852,0.046619233631,0,53,262716,0.15283203125
0.0401785714286,0.053478422619,1,1469554789852,0.0520833333333,1,53,264742,0.148995535714
0.0332961309524,0.0364118303571,1,1469554789852,0.0382254464286,2,53,266770,0.133393787202
0.0319010416667,0.0444103422619,1,1469554789852,0.040271577381,3,53,268861,0.117210751488
0.0416666666667,0.0507579985119,0,1469554789852,0.0469912574405,0,53,346152,0.144391741071
0.0482933407738,0.0688941592262,0,1469554789852,0.0607561383929,1,53,348213,0.181617373512
0.0321103050595,0.0430385044643,0,1469554789852,0.038318452381,2,53,350247,0.126674107143
0.0421084449405,0.0535946800595,0,1469554789852,0.0452008928571,3,53,352271,0.155622209821
0.0504557291667,0.0679408482143,0,1469554789852,0.0588960193452,4,53,354314,0.186965215774
0.0405505952381,0.0531529017857,0,1469554789852,0.0457821800595,5,53,356371,0.141927083333
0.042224702381,0.0587100074405,0,1469554789852,0.04638671875,6,53,358407,0.143043154762
0.0587565104167,0.0718703497024,0,1469554789852,0.0642903645833,7,53,360418,0.205636160714
0.0424572172619,0.0565243675595,1,1469554789852,0.0470842633929,0,53,362875,0.154459635417
0.0400390625,0.053943452381,1,1469554789852,0.050525483631,1,53,364963,0.147437686012
0.0345982142857,0.0375744047619,1,1469554790032,0.0396205357143,2,53,366989,0.136974516369
0.0322498139881,0.045177641369,1,1469554790032,0.0403878348214,3,53,369007,0.117001488095
0.0439220610119,0.0539202008929,0,1469554790032,0.0507579985119,0,53,446330,0.155366443452
0.0481770833333,0.0687081473214,0,1469554790032,0.0606631324405,1,53,448353,0.18126860119
0.0323195684524,0.0434802827381,0,1469554790032,0.0390392485119,2,53,450374,0.127859933036
0.0425967261905,0.053943452381,0,1469554790032,0.0455496651786,3,53,452413,0.156994047619
0.050525483631,0.0679873511905,0,1469554790032,0.0589192708333,4,53,454460,0.187034970238
0.0404808407738,0.0531063988095,0,1469554790032,0.0457589285714,5,53,456492,0.141764322917
0.0428757440476,0.0593843005952,0,1469554790032,0.0468982514881,6,53,458524,0.144694010417
0.0594308035714,0.0727771577381,0,1469554790032,0.0644996279762,7,53,460556,0.207380022321
0.0432477678571,0.0574544270833,1,1469554790032,0.0481538318452,0,53,463017,0.158389136905
0.0399693080357,0.0526181175595,1,1469554790032,0.0499209449405,1,53,465061,0.146158854167
0.0353190104167,0.0382719494048,1,1469554790032,0.0407133556548,2,53,467081,0.1396484375
0.0320870535714,0.045154389881,1,1469554790032,0.0401785714286,3,53,469112,0.116117931548
0.0463169642857,0.0567103794643,0,1469554790032,0.0546875,0,53,546505,0.163341703869
0.0479910714286,0.0685221354167,0,1469554790138,0.0606631324405,1,53,548569,0.181105840774
0.0330868675595,0.044689360119,0,1469554790138,0.0416666666667,2,53,550602,0.131533668155
0.0428059895833,0.0541294642857,0,1469554790138,0.0457356770833,3,53,552627,0.157505580357
0.0506649925595,0.0680571056548,0,1469554790139,0.0589890252976,4,53,554656,0.187406994048
0.0405040922619,0.0530831473214,0,1469554790139,0.0457356770833,5,53,556699,0.14197358631
0.0431082589286,0.0599190848214,0,1469554790139,0.047107514881,6,53,558732,0.145693824405
0.0601981026786,0.0736607142857,0,1469554790139,0.064685639881,7,53,560749,0.209147135417
0.044177827381,0.0586867559524,1,1469554790139,0.04931640625,0,53,563217,0.16259765625
0.0396902901786,0.0509440104167,1,1469554790139,0.0484328497024,1,53,565338,0.144252232143
0.0350399925595,0.0377139136905,1,1469554790139,0.0406203497024,2,53,567362,0.139625186012
0.0315290178571,0.0443870907738,1,1469554790139,0.0395275297619,3,53,569379,0.114839099702
0.0464797247024,0.0571986607143,0,1469554790139,0.0532691592262,0,53,646679,0.165085565476
0.0475725446429,0.0680571056548,0,1469554790139,0.0604771205357,1,53,648723,0.179036458333
0.0326915922619,0.0439220610119,0,1469554790139,0.0401088169643,2,53,650750,0.130278087798
0.0422944568452,0.0533854166667,0,1469554790139,0.0451078869048,3,53,652813,0.15613374256
0.0508277529762,0.068126860119,0,1469554790246,0.0591052827381,4,53,654853,0.188127790179
0.0406901041667,0.0533156622024,0,1469554790246,0.0459216889881,5,53,656884,0.142531622024
0.04248046875,0.0592912946429,0,1469554790247,0.0465959821429,6,53,658912,0.144740513393
0.0604538690476,0.0738234747024,0,1469554790247,0.0645926339286,7,53,660958,0.209542410714
0.043712797619,0.0584542410714,1,1469554790247,0.0489908854167,0,53,663409,0.160202752976
0.0397600446429,0.051013764881,1,1469554790247,0.0479910714286,1,53,665511,0.144019717262
0.0369233630952,0.0394112723214,1,1469554790247,0.0428757440476,2,53,667625,0.144787016369
0.0320405505952,0.0455031622024,1,1469554790247,0.0397367931548,3,53,669659,0.115280877976
0.0452706473214,0.0545014880952,0,1469554790247,0.0506882440476,0,53,746862,0.159714471726
0.0478515625,0.0684058779762,0,1469554790247,0.0604771205357,1,53,748955,0.179873511905
0.0318777901786,0.0428757440476,0,1469554790247,0.0379929315476,2,53,750995,0.125720796131
0.04052734375,0.0506184895833,0,1469554790247,0.0435732886905,3,53,753019,0.15076264881
0.0507579985119,0.0682663690476,0,1469554790247,0.0591285342262,4,53,755060,0.188174293155
0.0408063616071,0.0535481770833,0,1469554790247,0.0460844494048,5,53,757071,0.142833891369
0.0416434151786,0.0580822172619,0,1469554790247,0.0457589285714,6,53,759078,0.142833891369
0.0604538690476,0.0737769717262,0,1469554790352,0.0644996279762,7,53,761055,0.20947265625
0.0426432291667,0.0576636904762,1,1469554790352,0.0479445684524,0,53,763547,0.155017671131
0.0394810267857,0.0509905133929,1,1469554790353,0.0477818080357,1,53,765570,0.142926897321
0.0418526785714,0.0455729166667,1,1469554790353,0.0484561011905,2,53,767557,0.157645089286
0.0333193824405,0.0479910714286,1,1469554790353,0.0408296130952,3,53,769548,0.117396763393
0.0452473958333,0.05419921875,0,1469554790353,0.0497814360119,0,53,847037,0.159109933036
0.0486188616071,0.0693359375,0,1469554790353,0.0611281622024,1,53,849094,0.18298921131
0.0323195684524,0.0432942708333,0,1469554790353,0.0382952008929,2,53,851124,0.127650669643
0.0403180803571,0.0508510044643,0,1469554790353,0.0436430431548,3,53,853151,0.149135044643
0.0506882440476,0.0684058779762,0,1469554790353,0.0592912946429,4,53,855201,0.187918526786
0.0406668526786,0.0534086681548,0,1469554790353,0.0460146949405,5,53,857237,0.14208984375
0.0412248883929,0.0574776785714,0,1469554790353,0.045154389881,6,53,859254,0.141508556548
0.0604538690476,0.0737537202381,0,1469554790353,0.0644996279762,7,53,861338,0.209426153274
0.0413178943452,0.0558035714286,1,1469554790353,0.0470610119048,0,53,863800,0.148902529762
0.0394112723214,0.0511997767857,1,1469554790353,0.0476888020833,1,53,865897,0.142601376488
0.044177827381,0.0495024181548,1,1469554790533,0.0509905133929,2,53,867939,0.163295200893
0.0338309151786,0.0492931547619,1,1469554790533,0.041248139881,3,53,869955,0.117606026786
0.0450381324405,0.0539899553571,0,1469554790533,0.0495256696429,0,53,947226,0.158458891369
0.0485491071429,0.0692196800595,0,1469554790533,0.0610584077381,1,53,949658,0.182686941964
0.0324358258929,0.0434105282738,0,1469554790533,0.0383649553571,2,53,951683,0.128069196429
0.0409226190476,0.051525297619,0,1469554790533,0.044201078869,3,53,953678,0.150646391369
0.0506184895833,0.0682663690476,0,1469554790533,0.0592912946429,4,53,955769,0.187895275298
0.0407133556548,0.053478422619,0,1469554790533,0.0460844494048,5,53,957797,0.142182849702
0.0412016369048,0.0576171875,0,1469554790533,0.0449916294643,6,53,959794,0.141020275298
0.0604771205357,0.0738002232143,0,1469554790533,0.0645461309524,7,53,961772,0.209565662202
0.0414806547619,0.0557803199405,1,1469554790533,0.0471772693452,0,53,964344,0.149809337798
0.0392717633929,0.0511532738095,1,1469554790533,0.0475027901786,1,53,966370,0.142229352679
0.0450148809524,0.05126953125,1,1469554790533,0.0521065848214,2,53,968346,0.165294828869
0.0338309151786,0.0492931547619,1,1469554790533,0.041248139881,3,53,970336,0.117606026786
0.0450148809524,0.053966703869,0,1469554790533,0.0495954241071,0,54,47398,0.15783110119
0.0486421130952,0.0693359375,0,1469554790639,0.0611746651786,1,54,49462,0.18310546875
0.0324358258929,0.04345703125,0,1469554790639,0.0383882068452,2,54,51570,0.128162202381
0.0406203497024,0.0507579985119,0,1469554790639,0.0437593005952,3,54,53590,0.150367373512
0.0506184895833,0.0680571056548,0,1469554790639,0.0592447916667,4,54,55616,0.187895275298
0.0407366071429,0.0535249255952,0,1469554790639,0.0460844494048,5,54,57650,0.142322358631
0.0411783854167,0.0575241815476,0,1469554790639,0.0448521205357,6,54,59730,0.140811011905
0.0604771205357,0.0738234747024,0,1469554790639,0.0645461309524,7,54,61725,0.209612165179
0.0418991815476,0.0565941220238,1,1469554790639,0.0471772693452,0,54,64262,0.151553199405
0.0390857514881,0.051013764881,1,1469554790639,0.0472470238095,1,54,66302,0.141741071429
0.0447126116071,0.0511997767857,1,1469554790639,0.0521995907738,2,54,68343,0.165248325893
0.0340866815476,0.050037202381,1,1469554790639,0.0416201636905,3,54,70375,0.118024553571
0.0450613839286,0.0543387276786,0,1469554790639,0.0499441964286,0,54,147655,0.157877604167
0.0487118675595,0.0694289434524,0,1469554790639,0.0612444196429,1,54,149724,0.183268229167
0.032482328869,0.0435035342262,0,1469554790639,0.0384579613095,2,54,151764,0.128348214286
0.0401785714286,0.0501069568452,0,1469554790639,0.0433640252976,3,54,153785,0.14990234375
0.050525483631,0.0677315848214,0,1469554790747,0.0590122767857,4,54,155907,0.187569754464
0.040783110119,0.0535481770833,0,1469554790747,0.0461077008929,5,54,157958,0.142508370536
0.0411551339286,0.0575474330357,0,1469554790747,0.0448288690476,6,54,159966,0.140880766369
0.0604771205357,0.0738234747024,0,1469554790747,0.0645461309524,7,54,161971,0.209612165179
0.0428292410714,0.0586170014881,1,1469554790747,0.0480375744048,0,54,164469,0.154320126488
0.0390625,0.0509672619048,1,1469554790748,0.0472702752976,1,54,166513,0.141741071429
0.043712797619,0.0494326636905,1,1469554790748,0.0511532738095,2,54,168536,0.16248139881
0.033923921131,0.0497814360119,1,1469554790748,0.0414574032738,3,54,170568,0.117652529762
0.0450846354167,0.0545712425595,0,1469554790748,0.0501534598214,0,54,247776,0.158226376488
0.0486886160714,0.0694521949405,0,1469554790748,0.0611979166667,1,54,249843,0.182779947917
0.0324358258929,0.0434337797619,0,1469554790748,0.0383882068452,2,54,251906,0.128069196429
0.0402018229167,0.0501302083333,0,1469554790748,0.0433640252976,3,54,253931,0.149995349702
0.050525483631,0.0676850818452,0,1469554790748,0.0589192708333,4,54,256027,0.187523251488
0.0408528645833,0.0536179315476,0,1469554790748,0.046154203869,5,54,258041,0.142857142857
0.0412248883929,0.0575939360119,0,1469554790748,0.0449451264881,6,54,260055,0.141183035714
0.0605003720238,0.0738467261905,0,1469554790853,0.0645926339286,7,54,262047,0.209705171131
0.0431082589286,0.05908203125,1,1469554790853,0.0482700892857,0,54,264509,0.155226934524
0.0391555059524,0.0509905133929,1,1469554790853,0.0474097842262,1,54,266553,0.142020089286
0.042736235119,0.0475725446429,1,1469554790853,0.0499209449405,2,54,268596,0.159574962798
0.0335518973214,0.048828125,1,1469554790853,0.0409923735119,3,54,270616,0.117094494048
0.0450846354167,0.0545712425595,0,1469554790853,0.0501767113095,0,54,347958,0.158412388393
0.0486421130952,0.0694056919643,0,1469554790853,0.0611514136905,1,54,350023,0.18273344494
0.0323660714286,0.0433872767857,0,1469554790853,0.038341703869,2,54,352057,0.127883184524
0.040271577381,0.0503162202381,0,1469554790853,0.0434105282738,3,54,354148,0.15027436756
0.050548735119,0.0676850818452,0,1469554790853,0.0588727678571,4,54,356203,0.187523251488
0.0408528645833,0.0536179315476,0,1469554790853,0.046154203869,5,54,358245,0.142903645833
0.0412248883929,0.0575939360119,0,1469554790853,0.0449916294643,6,54,360259,0.141299293155
0.0605236235119,0.0738932291667,0,1469554790853,0.0646391369048,7,54,362258,0.20984468006
0.0429454985119,0.058826264881,1,1469554790853,0.0481305803571,0,54,364766,0.154645647321
0.039295014881,0.051037016369,1,1469554790853,0.0476422991071,1,54,366803,0.142508370536
