blue,green,groupId,received,red,sensorId,time1,time2,white
0.0210425967262,0.0298084077381,1,1469738043160,0.0274135044643,2,7,596369,0.0782180059524
0.0315522693452,0.0452473958333,1,1469738043160,0.0486886160714,3,7,598397,0.139415922619
0.0250186011905,0.0322498139881,0,1469738043160,0.0281575520833,0,7,675786,0.0887974330357
0.0366675967262,0.0560128348214,0,1469738043160,0.051013764881,1,7,677843,0.146763392857
0.0222516741071,0.0316685267857,0,1469738043160,0.0299014136905,2,7,679863,0.0951450892857
0.01953125,0.0276925223214,0,1469738043160,0.0234142485119,3,7,681876,0.0745675223214
0.0382952008929,0.0556873139881,0,1469738043160,0.0494559151786,4,7,683891,0.15185546875
0.0269484747024,0.0384114583333,0,1469738043160,0.0339936755952,5,7,686009,0.099865141369
0.0189034598214,0.0260649181548,0,1469738043160,0.0239025297619,6,7,688041,0.0780784970238
0.0398297991071,0.0517345610119,0,1469738043160,0.0465727306548,7,7,690053,0.147019159226
0.0239025297619,0.0337379092262,1,1469738043160,0.0347609747024,0,7,692513,0.109421502976
0.0285295758929,0.037853422619,1,1469738043160,0.0377836681548,1,7,694623,0.115490141369
0.0210890997024,0.0298549107143,1,1469738043161,0.0275065104167,2,7,696639,0.078357514881
0.0315755208333,0.0453171502976,1,1469738043161,0.0487351190476,3,7,698655,0.139462425595
0.0250186011905,0.0322498139881,0,1469738043161,0.0281575520833,0,7,776017,0.0888206845238
0.0366908482143,0.0560360863095,0,1469738043266,0.051013764881,1,7,778056,0.146833147321
0.0222516741071,0.0316917782738,0,1469738043266,0.0298781622024,2,7,780078,0.0951683407738
0.01953125,0.0277157738095,0,1469738043266,0.0234142485119,3,7,782178,0.0745907738095
0.038318452381,0.0556640625,0,1469738043266,0.0494559151786,4,7,784274,0.151878720238
0.0269717261905,0.0384347098214,0,1469738043266,0.0339936755952,5,7,786307,0.0999348958333
0.0189034598214,0.0260649181548,0,1469738043266,0.0239025297619,6,7,788325,0.0780784970238
0.0398297991071,0.0517578125,0,1469738043266,0.0465959821429,7,7,790339,0.147019159226
0.0238792782738,0.0337379092262,1,1469738043266,0.0347609747024,0,7,792806,0.109328497024
0.0285295758929,0.0378766741071,1,1469738043266,0.0378069196429,1,7,794837,0.115490141369
0.0211123511905,0.0299014136905,1,1469738043266,0.0275530133929,2,7,796926,0.0784970238095
0.0315987723214,0.0453404017857,1,1469738043267,0.0487583705357,3,7,798956,0.13953218006
0.0250186011905,0.0322498139881,0,1469738043267,0.0281575520833,0,7,876155,0.0888206845238
0.0366908482143,0.0560360863095,0,1469738043267,0.051037016369,1,7,878247,0.146833147321
0.0222516741071,0.0316685267857,0,1469738043267,0.0299014136905,2,7,880266,0.0951683407738
0.01953125,0.0277157738095,0,1469738043267,0.0234142485119,3,7,882289,0.0745907738095
0.0382719494048,0.0556408110119,0,1469738043268,0.0494094122024,4,7,884324,0.151762462798
0.0269717261905,0.0384347098214,0,1469738043375,0.0339936755952,5,7,886361,0.0999348958333
0.0189034598214,0.0260649181548,0,1469738043375,0.0239025297619,6,7,888387,0.0780784970238
0.0398297991071,0.0517578125,0,1469738043375,0.0465727306548,7,7,890388,0.147019159226
0.0238560267857,0.0337379092262,1,1469738043375,0.0347144717262,0,7,892915,0.10925874256
0.0285295758929,0.0378766741071,1,1469738043375,0.0378069196429,1,7,894955,0.115490141369
0.0211123511905,0.0299014136905,1,1469738043375,0.0275530133929,2,7,896972,0.0784505208333
0.0315987723214,0.0453404017857,1,1469738043375,0.0487583705357,3,7,898978,0.13953218006
0.0250418526786,0.0322498139881,0,1469738043375,0.0281575520833,0,7,976340,0.0888206845238
0.0366908482143,0.0560360863095,0,1469738043376,0.051037016369,1,7,978369,0.146879650298
0.0222516741071,0.0316685267857,0,1469738043376,0.0299014136905,2,7,980384,0.0951683407738
0.01953125,0.0277157738095,0,1469738043376,0.0234142485119,3,7,982409,0.0745675223214
0.0382952008929,0.0556640625,0,1469738043376,0.0494559151786,4,7,984448,0.151832217262
0.0269484747024,0.0384114583333,0,1469738043376,0.0339936755952,5,7,986482,0.0998883928571
0.0189034598214,0.0260881696429,0,1469738043376,0.02392578125,6,7,988498,0.0780784970238
0.039806547619,0.0517578125,0,1469738043376,0.0465727306548,7,7,990548,0.146995907738
0.0239025297619,0.0337379092262,1,1469738043376,0.0347377232143,0,7,992997,0.109375
0.0285295758929,0.037853422619,1,1469738043557,0.0378069196429,1,7,995027,0.115513392857
0.0210890997024,0.0298316592262,1,1469738043560,0.0274832589286,2,7,997088,0.0782877604167
0.0315987723214,0.0452938988095,1,1469738043560,0.0487351190476,3,7,999115,0.139508928571
0.0250418526786,0.0322730654762,0,1469738043561,0.0281808035714,0,8,76510,0.0888671875
0.0366908482143,0.0560593377976,0,1469738043561,0.0510602678571,1,8,78594,0.146879650298
0.0222516741071,0.0316917782738,0,1469738043564,0.0299014136905,2,8,80613,0.09521484375
0.01953125,0.0277390252976,0,1469738043564,0.0234142485119,3,8,82627,0.0745675223214
0.038318452381,0.0556640625,0,1469738043564,0.0494559151786,4,8,84711,0.15185546875
0.0269484747024,0.0383882068452,0,1469738043564,0.0339704241071,5,8,86785,0.0998186383929
0.0189034598214,0.0260649181548,0,1469738043564,0.0239025297619,6,8,88806,0.0780784970238
0.0398297991071,0.0517578125,0,1469738043564,0.0465959821429,7,8,90811,0.147065662202
0.0239025297619,0.0337611607143,1,1469738043564,0.0347609747024,0,8,93281,0.109398251488
0.0285295758929,0.0378766741071,1,1469738043564,0.037830171131,1,8,95335,0.115536644345
0.0210193452381,0.0297619047619,1,1469738043564,0.0273902529762,2,8,97366,0.0780552455357
0.0315290178571,0.0452008928571,1,1469738043564,0.0486653645833,3,8,99378,0.139322916667
0.0250418526786,0.0322730654762,0,1469738043564,0.0281808035714,0,8,176691,0.0888671875
0.0367140997024,0.0560825892857,0,1469738043667,0.0510835193452,1,8,178735,0.146949404762
0.0222516741071,0.0316917782738,0,1469738043667,0.0299014136905,2,8,180824,0.09521484375
0.01953125,0.0277157738095,0,1469738043667,0.0234375,3,8,182857,0.0745442708333
0.0382719494048,0.0556408110119,0,1469738043667,0.0494094122024,4,8,184893,0.151785714286
0.0269484747024,0.0384114583333,0,1469738043668,0.0339936755952,5,8,186931,0.0998883928571
0.0189034598214,0.0260649181548,0,1469738043668,0.02392578125,6,8,189020,0.0781017485119
0.0398297991071,0.0517810639881,0,1469738043668,0.046619233631,7,8,191016,0.14708891369
0.0239025297619,0.0337379092262,1,1469738043668,0.0347609747024,0,8,193476,0.109398251488
0.0285295758929,0.0378766741071,1,1469738043668,0.0378069196429,1,8,195514,0.115536644345
0.0209495907738,0.0296688988095,1,1469738043668,0.0272507440476,2,8,197554,0.0777762276786
0.031482514881,0.0450846354167,1,1469738043668,0.0486188616071,3,8,199578,0.139206659226
0.0250418526786,0.0322730654762,0,1469738043668,0.0281808035714,0,8,276960,0.0888671875
0.0366908482143,0.0560360863095,0,1469738043668,0.051037016369,1,8,279009,0.14685639881
0.0222516741071,0.0316685267857,0,1469738043668,0.0299014136905,2,8,281036,0.0951683407738
0.0195545014881,0.0277855282738,0,1469738043668,0.0234840029762,3,8,283056,0.07470703125
0.0382952008929,0.0556640625,0,1469738043668,0.0494326636905,4,8,285123,0.151832217262
0.0269484747024,0.0384114583333,0,1469738043773,0.0339936755952,5,8,287153,0.099865141369
0.0188802083333,0.0260416666667,0,1469738043773,0.0239025297619,6,8,289158,0.0779854910714
0.0398530505952,0.0517810639881,0,1469738043773,0.046619233631,7,8,291159,0.14708891369
0.0238560267857,0.03369140625,1,1469738043773,0.0347609747024,0,8,293631,0.108956473214
0.0285295758929,0.0378766741071,1,1469738043773,0.037830171131,1,8,295673,0.115513392857
0.0209030877976,0.0295991443452,1,1469738043773,0.0271809895833,2,8,297687,0.0775902157738
0.0314127604167,0.0449683779762,1,1469738043773,0.0485491071429,3,8,299706,0.139067150298
0.0250883556548,0.0323660714286,0,1469738043773,0.0282970610119,0,8,377073,0.0890764508929
0.0366443452381,0.0559430803571,0,1469738043773,0.0509672619048,1,8,379128,0.14660063244
0.022205171131,0.0316220238095,0,1469738043773,0.0298549107143,2,8,381189,0.0950055803571
0.0197172619048,0.0279947916667,0,1469738043773,0.023670014881,3,8,383215,0.075427827381
0.0382021949405,0.0553617931548,0,1469738043773,0.0492001488095,4,8,385255,0.151506696429
0.0269252232143,0.0383649553571,0,1469738043773,0.033947172619,5,8,387296,0.0997953869048
0.0187174479167,0.0258556547619,0,1469738043773,0.0237397693452,6,8,389318,0.0773111979167
0.0398297991071,0.0517578125,0,1469738043773,0.046619233631,7,8,391324,0.147065662202
0.0237630208333,0.0334821428571,1,1469738043775,0.0345982142857,0,8,393776,0.106701078869
0.0285295758929,0.037830171131,1,1469738043883,0.0377836681548,1,8,395885,0.115466889881
0.0207868303571,0.0294363839286,1,1469738043883,0.0270414806548,2,8,397930,0.0772181919643
0.0312965029762,0.0447591145833,1,1469738043883,0.0484095982143,3,8,399937,0.138718377976
0.0251116071429,0.0325055803571,0,1469738043883,0.0283900669643,0,8,477262,0.0892857142857
0.0365280877976,0.0558268229167,0,1469738043883,0.0508510044643,1,8,479324,0.146251860119
0.0221819196429,0.0315987723214,0,1469738043883,0.0298084077381,2,8,481340,0.0948428199405
0.0199730282738,0.0283435639881,0,1469738043883,0.0239955357143,3,8,483342,0.0764741443452
0.0377604166667,0.0550362723214,0,1469738043883,0.048107328869,4,8,485386,0.15027436756
0.0269019717262,0.038341703869,0,1469738043883,0.033947172619,5,8,487424,0.0997953869048
0.0185546875,0.0256696428571,0,1469738043883,0.0235770089286,6,8,489428,0.0764973958333
0.0398297991071,0.0517578125,0,1469738043883,0.0465727306548,7,8,491437,0.146995907738
0.023670014881,0.0331566220238,1,1469738043883,0.0341564360119,0,8,493937,0.10460844494
0.0284830729167,0.0377836681548,1,1469738043883,0.0377604166667,1,8,496061,0.115280877976
0.0207170758929,0.0293201264881,1,1469738043883,0.0269019717262,2,8,498088,0.0769391741071
0.0311569940476,0.0444800967262,1,1469738043883,0.0482235863095,3,8,500100,0.138323102679
0.025158110119,0.0325520833333,0,1469738044063,0.0284598214286,0,8,577451,0.0893787202381
0.0365048363095,0.0558035714286,0,1469738044063,0.0508277529762,1,8,579505,0.146158854167
0.0221586681548,0.0315290178571,0,1469738044063,0.02978515625,2,8,581545,0.0945870535714
0.0201125372024,0.0285993303571,0,1469738044063,0.0241350446429,3,8,583563,0.0768694196429
0.037109375,0.0545014880952,0,1469738044063,0.0472005208333,4,8,585592,0.148018973214
0.0269484747024,0.0383649553571,0,1469738044063,0.0339936755952,5,8,587616,0.0999581473214
0.0185779389881,0.0256928943452,0,1469738044063,0.0236235119048,6,8,589644,0.0765904017857
0.039806547619,0.0517345610119,0,1469738044063,0.0465959821429,7,8,591643,0.14697265625
0.0235537574405,0.0329241071429,1,1469738044063,0.0338076636905,0,8,594174,0.103585379464
0.0284598214286,0.0377604166667,1,1469738044063,0.0377139136905,1,8,596199,0.115234375
0.0206938244048,0.0292736235119,1,1469738044063,0.0268322172619,2,8,598298,0.0768461681548
0.0310872395833,0.0443870907738,1,1469738044063,0.0481538318452,3,8,600315,0.138113839286
0.0251813616071,0.0325288318452,0,1469738044063,0.028552827381,0,8,677637,0.0894252232143
0.0364815848214,0.0557803199405,0,1469738044063,0.0508277529762,1,8,679691,0.146089099702
0.0221586681548,0.0315290178571,0,1469738044063,0.02978515625,2,8,681703,0.0945405505952
0.0200660342262,0.0285295758929,0,1469738044070,0.0240885416667,3,8,683725,0.07666015625
0.0370628720238,0.0543619791667,0,1469738044173,0.0470377604167,4,8,685773,0.147716703869
0.0269484747024,0.0383649553571,0,1469738044173,0.0340169270833,5,8,687805,0.100027901786
0.0186709449405,0.0258091517857,0,1469738044173,0.0237397693452,6,8,689814,0.0771019345238
0.039806547619,0.0517345610119,0,1469738044173,0.0465959821429,7,8,691809,0.14697265625
0.0236467633929,0.0330403645833,1,1469738044174,0.0339704241071,0,8,694343,0.104143415179
0.0284598214286,0.0377836681548,1,1469738044174,0.0377371651786,1,8,696362,0.115257626488
0.0205543154762,0.0291108630952,1,1469738044174,0.026622953869,2,8,698372,0.0763578869048
0.0310872395833,0.0443638392857,1,1469738044174,0.0481538318452,3,8,700379,0.138160342262
0.0252046130952,0.0325985863095,0,1469738044174,0.0286225818452,0,8,777807,0.0894019717262
0.0365280877976,0.0558268229167,0,1469738044174,0.0508510044643,1,8,779862,0.146158854167
0.0221586681548,0.0315522693452,0,1469738044174,0.0298316592262,2,8,781895,0.0946800595238
0.02001953125,0.0284598214286,0,1469738044174,0.0240420386905,3,8,783918,0.0765206473214
0.0374813988095,0.0550362723214,0,1469738044174,0.0476655505952,4,8,786023,0.149716331845
0.0269252232143,0.038341703869,0,1469738044174,0.0339704241071,5,8,788055,0.0999348958333
0.0186941964286,0.0258324032738,0,1469738044174,0.0237397693452,6,8,790089,0.0771484375
0.039806547619,0.0517345610119,0,1469738044279,0.0465959821429,7,8,792107,0.146995907738
0.0239025297619,0.0332961309524,1,1469738044279,0.0342494419643,0,8,794585,0.105259486607
0.0284830729167,0.0378069196429,1,1469738044279,0.0377604166667,1,8,796612,0.115280877976
0.0205543154762,0.0291108630952,1,1469738044279,0.026622953869,2,8,798681,0.0763578869048
0.0309477306548,0.0440848214286,1,1469738044279,0.0479678199405,3,8,800702,0.137881324405
0.0252976190476,0.0327845982143,0,1469738044279,0.0288550967262,0,8,878028,0.0896577380952
0.0365280877976,0.0558500744048,0,1469738044279,0.0508742559524,1,8,880090,0.146228608631
0.0221819196429,0.0315987723214,0,1469738044279,0.0298549107143,2,8,882093,0.0947963169643
0.0200660342262,0.0285063244048,0,1469738044279,0.0240885416667,3,8,884187,0.0767299107143
0.0377604166667,0.0557803199405,0,1469738044279,0.048828125,4,8,886272,0.151088169643
0.0269252232143,0.038318452381,0,1469738044279,0.0339704241071,5,8,888303,0.099865141369
0.0186011904762,0.0257626488095,0,1469738044279,0.0236235119048,6,8,890307,0.0766834077381
0.039806547619,0.0517345610119,0,1469738044279,0.0465959821429,7,8,892313,0.146995907738
0.0242978050595,0.0333891369048,1,1469738044280,0.0340401785714,0,8,894820,0.106794084821
0.0284598214286,0.0377836681548,1,1469738044280,0.0377371651786,1,8,896825,0.115280877976
0.0203450520833,0.0287853422619,1,1469738044461,0.0262509300595,2,8,898845,0.0755208333333
0.0306919642857,0.0436197916667,1,1469738044461,0.0476655505952,3,8,900939,0.137230282738
0.0254603794643,0.032947358631,0,1469738044461,0.0291806175595,0,8,978171,0.0901692708333
0.0365048363095,0.0558035714286,0,1469738044461,0.0508277529762,1,8,980227,0.146205357143
0.022205171131,0.0316220238095,0,1469738044461,0.0299014136905,2,8,982331,0.0949125744048
0.0201125372024,0.0285993303571,0,1469738044461,0.0241350446429,3,8,984377,0.0769624255952
0.0380859375,0.0560825892857,0,1469738044461,0.0494326636905,4,8,986399,0.151274181548
0.0269019717262,0.0382719494048,0,1469738044461,0.033947172619,5,8,988432,0.0997721354167
0.0185081845238,0.0256696428571,0,1469738044461,0.0234840029762,6,8,990450,0.0761021205357
0.0398297991071,0.0517578125,0,1469738044461,0.046642485119,7,8,992445,0.147065662202
0.0244838169643,0.0335984002976,1,1469738044461,0.0342494419643,0,8,994926,0.10791015625
0.0284598214286,0.0377836681548,1,1469738044461,0.0377371651786,1,8,997028,0.115257626488
0.0200892857143,0.0284598214286,1,1469738044462,0.02587890625,2,8,999052,0.074474516369
0.0304827008929,0.0433407738095,1,1469738044462,0.0474562872024,3,9,1065,0.136625744048
0.025646391369,0.0330403645833,0,1469738044462,0.0295061383929,0,9,78421,0.0911690848214
0.0365280877976,0.0558035714286,0,1469738044462,0.0508277529762,1,9,80474,0.146228608631
0.0222516741071,0.0316685267857,0,1469738044570,0.0299246651786,2,9,82492,0.0950753348214
0.0201357886905,0.0286225818452,0,1469738044570,0.024158296131,3,9,84517,0.0769624255952
0.0383649553571,0.0562220982143,0,1469738044570,0.0495954241071,4,9,86541,0.151762462798
0.0268787202381,0.0382254464286,0,1469738044570,0.0339006696429,5,9,88568,0.0997023809524
0.0184849330357,0.0256696428571,0,1469738044570,0.0234840029762,6,9,90572,0.075916108631
0.0398297991071,0.0517810639881,0,1469738044570,0.046642485119,7,9,92571,0.14708891369
0.0244838169643,0.033923921131,1,1469738044570,0.0349934895833,0,9,95054,0.10791015625
0.0284365699405,0.0377371651786,1,1469738044570,0.0377371651786,1,9,97084,0.11511811756
0.0198567708333,0.0282970610119,1,1469738044571,0.0257161458333,2,9,99101,0.0739397321429
0.0304827008929,0.0432942708333,1,1469738044571,0.0474795386905,3,9,101197,0.136393229167
0.0257859002976,0.0330868675595,0,1469738044571,0.0296921502976,0,9,178544,0.092517671131
0.0365280877976,0.0557803199405,0,1469738044571,0.0508045014881,1,9,180594,0.146275111607
0.0222749255952,0.0316917782738,0,1469738044571,0.0299479166667,2,9,182669,0.09521484375
0.0201822916667,0.0286690848214,0,1469738044571,0.0242047991071,3,9,184720,0.0771251860119
0.0384579613095,0.0563151041667,0,1469738044571,0.0496651785714,4,9,186720,0.152180989583
0.0269019717262,0.0382254464286,0,1469738044571,0.033923921131,5,9,188735,0.0997721354167
0.0185081845238,0.0257393973214,0,1469738044679,0.0235305059524,6,9,190818,0.0760323660714
0.0398530505952,0.0517810639881,0,1469738044680,0.0466657366071,7,9,192829,0.147181919643
0.0245768229167,0.0341796875,1,1469738044680,0.035412016369,0,9,195308,0.108677455357
0.0284133184524,0.0376906622024,1,1469738044680,0.0377139136905,1,9,197348,0.11511811756
0.0199032738095,0.0281575520833,1,1469738044680,0.0258556547619,2,9,199369,0.0743117559524
0.0304361979167,0.0433640252976,1,1469738044680,0.0475725446429,3,9,201386,0.136207217262
0.0256928943452,0.0332263764881,0,1469738044680,0.0296688988095,0,9,278760,0.0934709821429
0.0365745907738,0.0558268229167,0,1469738044680,0.0508742559524,1,9,280801,0.146437872024
0.0223214285714,0.0317615327381,0,1469738044680,0.030017671131,2,9,282813,0.095470610119
0.020252046131,0.0287853422619,0,1469738044680,0.0242978050595,3,9,284890,0.0774972098214
0.0384579613095,0.0563151041667,0,1469738044680,0.0496651785714,4,9,286935,0.152180989583
0.0269252232143,0.0382486979167,0,1469738044680,0.033947172619,5,9,288964,0.0999348958333
0.0186011904762,0.02587890625,0,1469738044680,0.023670014881,6,9,290969,0.0765671502976
0.0398995535714,0.0518275669643,0,1469738044680,0.0467354910714,7,9,293068,0.147298177083
0.0245768229167,0.0341796875,1,1469738044680,0.035412016369,0,9,295557,0.108677455357
0.0284598214286,0.0377139136905,1,1469738044680,0.0377371651786,1,9,297592,0.115234375
0.0200660342262,0.0281343005952,1,1469738044859,0.0263904389881,2,9,299606,0.0752185639881
0.0304361979167,0.0435732886905,1,1469738044859,0.0477120535714,3,9,301639,0.135811941964
0.0255998883929,0.0334123883929,0,1469738044859,0.0298549107143,0,9,378910,0.0929594494048
0.0365745907738,0.0558035714286,0,1469738044859,0.0508742559524,1,9,381031,0.146484375
0.0223679315476,0.0318312872024,0,1469738044860,0.0300874255952,2,9,383065,0.0957728794643
0.0203450520833,0.0289015997024,0,1469738044860,0.0244140625,3,9,385097,0.0779389880952
0.0384579613095,0.0563383556548,0,1469738044860,0.0496884300595,4,9,387116,0.152250744048
0.0269019717262,0.0382719494048,0,1469738044860,0.033923921131,5,9,389203,0.0999581473214
0.0187174479167,0.0260184151786,0,1469738044860,0.0238327752976,6,9,391217,0.0771949404762
0.0398763020833,0.0518043154762,0,1469738044860,0.0467587425595,7,9,393213,0.147298177083
0.024669828869,0.0342959449405,1,1469738044860,0.0354817708333,0,9,395692,0.109514508929
0.0285063244048,0.0377836681548,1,1469738044860,0.0378069196429,1,9,397737,0.115490141369
0.0205310639881,0.0289248511905,1,1469738044860,0.0274135044643,2,9,399766,0.0770786830357
0.0303896949405,0.0437825520833,1,1469738044860,0.0478283110119,3,9,401786,0.135160900298
0.025623139881,0.0332961309524,0,1469738044860,0.0301339285714,0,9,479098,0.0918898809524
0.0365745907738,0.0558035714286,0,1469738044968,0.0508742559524,1,9,481149,0.146484375
0.0223911830357,0.0318312872024,0,1469738044968,0.0301106770833,2,9,483169,0.0959123883929
0.0205078125,0.0291108630952,0,1469738044969,0.024646577381,3,9,485256,0.0787527901786
0.0384812127976,0.0563383556548,0,1469738044969,0.0497116815476,4,9,487280,0.152273995536
0.0269252232143,0.0382952008929,0,1469738044969,0.0339704241071,5,9,489281,0.10009765625
0.0189034598214,0.0262741815476,0,1469738044969,0.0240885416667,6,9,491284,0.0780319940476
0.0398530505952,0.0517578125,0,1469738044969,0.0467354910714,7,9,493310,0.147181919643
0.0247628348214,0.0343424479167,1,1469738044969,0.035388764881,0,9,495787,0.109933035714
0.0285295758929,0.0378069196429,1,1469738044969,0.0378766741071,1,9,497814,0.115583147321
0.021228608631,0.0302036830357,1,1469738044969,0.0286458333333,2,9,499835,0.0796828497024
0.0301106770833,0.0437825520833,1,1469738044969,0.0476888020833,3,9,501862,0.133603050595
0.0253673735119,0.0328543526786,0,1469738044969,0.0299014136905,0,9,579297,0.0913783482143
0.0365978422619,0.0558268229167,0,1469738044969,0.0508975074405,1,9,581360,0.146647135417
0.0223911830357,0.0318080357143,0,1469738044970,0.030040922619,2,9,583371,0.0958658854167
0.020740327381,0.0294363839286,0,1469738044970,0.0249488467262,3,9,585457,0.0799153645833
0.0385277157738,0.056408110119,0,1469738044970,0.0497349330357,4,9,587479,0.152390252976
0.0269949776786,0.0384114583333,0,1469738045075,0.0340634300595,5,9,589514,0.100353422619
0.0191592261905,0.0265764508929,0,1469738045075,0.0244373139881,6,9,591521,0.0789388020833
0.0396902901786,0.0515485491071,0,1469738045075,0.046619233631,7,9,593523,0.146763392857
0.024646577381,0.0342494419643,1,1469738045075,0.0351795014881,0,9,596020,0.109235491071
0.0284365699405,0.0376674107143,1,1469738045075,0.0378069196429,1,9,598069,0.115327380952
0.0216703869048,0.0308547247024,1,1469738045075,0.0296456473214,2,9,600088,0.0819149925595
0.0301106770833,0.0437825520833,1,1469738045075,0.0476888020833,3,9,602106,0.133603050595
0.0251116071429,0.0325985863095,0,1469738045076,0.0289481026786,0,9,679475,0.0893787202381
0.0366443452381,0.0558500744048,0,1469738045076,0.0509207589286,1,9,681526,0.146740141369
0.0223911830357,0.0317847842262,0,1469738045076,0.030017671131,2,9,683549,0.0957728794643
0.0209728422619,0.0297619047619,0,1469738045076,0.0252046130952,3,9,685588,0.0809151785714
0.0385509672619,0.0564778645833,0,1469738045077,0.0497814360119,4,9,687609,0.152553013393
0.0269949776786,0.0384114583333,0,1469738045077,0.0340634300595,5,9,689622,0.100353422619
0.0194614955357,0.0269484747024,0,1469738045077,0.0248325892857,6,9,691615,0.080078125
0.0395275297619,0.0514090401786,0,1469738045077,0.0465494791667,7,9,693635,0.146344866071
0.0246000744048,0.0341796875,1,1469738045183,0.0350399925595,0,9,696136,0.108584449405
0.0283668154762,0.0375744047619,1,1469738045183,0.0377836681548,1,9,698153,0.115071614583
0.0220424107143,0.0312034970238,1,1469738045183,0.0303896949405,2,9,700174,0.0838681175595
0.0299479166667,0.0435267857143,1,1469738045183,0.0472237723214,3,9,702198,0.13292875744
0.0249953497024,0.0324358258929,0,1469738045183,0.0283900669643,0,9,779664,0.0884486607143
0.0366443452381,0.055896577381,0,1469738045186,0.0509672619048,1,9,781745,0.146833147321
0.0223911830357,0.0318080357143,0,1469738045186,0.030017671131,2,9,783776,0.0957961309524
0.0210890997024,0.0299246651786,0,1469738045188,0.0253441220238,3,9,785803,0.0814034598214
0.0386672247024,0.0566173735119,0,1469738045188,0.0498976934524,4,9,787826,0.152878534226
0.0270182291667,0.0384347098214,0,1469738045188,0.0340866815476,5,9,789855,0.100492931548
0.0197172619048,0.0272507440476,0,1469738045188,0.0251813616071,6,9,791869,0.0809849330357
0.0394345238095,0.0513857886905,0,1469738045188,0.0465959821429,7,9,793875,0.146298363095
0.0248790922619,0.0343424479167,1,1469738045188,0.0352492559524,0,9,796444,0.1103515625
0.0281343005952,0.0371558779762,1,1469738045188,0.0376906622024,1,9,798512,0.114699590774
0.0225306919643,0.0314360119048,1,1469738045188,0.0309477306548,2,9,800530,0.0858677455357
0.0296223958333,0.0431082589286,1,1469738045362,0.0464564732143,3,9,802540,0.131696428571
0.0249488467262,0.0323660714286,0,1469738045362,0.0282738095238,0,9,879866,0.0882626488095
0.0366443452381,0.0559430803571,0,1469738045364,0.0509905133929,1,9,881927,0.146879650298
0.0223911830357,0.0318080357143,0,1469738045364,0.0299944196429,2,9,883951,0.0958193824405
0.0211588541667,0.0299944196429,0,1469738045364,0.0254371279762,3,9,886109,0.0815894717262
0.0387602306548,0.0567103794643,0,1469738045364,0.0499906994048,4,9,888145,0.15320405506
0.0270414806548,0.0384579613095,0,1469738045364,0.0341099330357,5,9,890170,0.1005859375
0.0199962797619,0.0275297619048,0,1469738045364,0.0255533854167,6,9,892172,0.0819847470238
0.0394810267857,0.0513625372024,0,1469738045364,0.0467122395833,7,9,894282,0.1474609375
0.025158110119,0.0345982142857,1,1469738045364,0.0354817708333,0,9,896775,0.112072172619
0.0281343005952,0.036876860119,1,1469738045364,0.0374348958333,1,9,898802,0.113606770833
0.02294921875,0.0317847842262,1,1469738045364,0.0313430059524,2,9,900840,0.0875418526786
0.0293666294643,0.0421549479167,1,1469738045364,0.0457821800595,3,9,902929,0.130301339286
0.0248558407738,0.0322730654762,0,1469738045364,0.0281343005952,0,9,980029,0.0878208705357
0.0366675967262,0.0559663318452,0,1469738045364,0.051013764881,1,9,982112,0.146926153274
0.0224144345238,0.0318080357143,0,1469738045472,0.030017671131,2,9,984202,0.0958891369048
0.021251860119,0.0301339285714,0,1469738045472,0.0255301339286,3,9,986221,0.08203125
0.0387834821429,0.0567336309524,0,1469738045472,0.0500139508929,4,9,988241,0.153273809524
0.0270647321429,0.0384812127976,0,1469738045472,0.0341331845238,5,9,990264,0.100725446429
0.020275297619,0.0277855282738,0,1469738045472,0.0259021577381,6,9,992262,0.0829613095238
0.0393415178571,0.0512462797619,0,1469738045472,0.0467819940476,7,9,994319,0.14708891369
0.0254138764881,0.0348539806548,1,1469738045472,0.0357840401786,0,9,996790,0.113374255952
0.0276925223214,0.0360398065476,1,1469738045472,0.0371326264881,1,9,998895,0.112955729167
0.0230887276786,0.031970796131,1,1469738045472,0.031505766369,2,10,911,0.0883324032738
0.0291341145833,0.0415969122024,1,1469738045472,0.0453636532738,3,10,2920,0.129301525298
0.0247860863095,0.0322033110119,0,1469738045472,0.028064546131,0,10,80203,0.0874953497024
0.0366908482143,0.0560128348214,0,1469738045472,0.0510602678571,1,10,82263,0.147019159226
0.0224376860119,0.0318545386905,0,1469738045472,0.030040922619,2,10,84342,0.0960053943452
0.0213216145833,0.0302036830357,0,1469738045472,0.025623139881,3,10,86449,0.0823800223214
0.0388532366071,0.0568498883929,0,1469738045472,0.0501069568452,4,10,88471,0.153576078869
0.027087983631,0.0385044642857,0,1469738045472,0.0341796875,5,10,90483,0.100795200893
0.0203915550595,0.0279715401786,0,1469738045579,0.0260416666667,6,10,92480,0.0833798363095
0.0391787574405,0.0510835193452,0,1469738045579,0.0464332217262,7,10,94536,0.145414806548
0.0254371279762,0.0349469866071,1,1469738045579,0.035900297619,0,10,97014,0.113606770833
0.0274600074405,0.0358305431548,1,1469738045579,0.0359235491071,1,10,99032,0.111328125
0.0230422247024,0.031970796131,1,1469738045579,0.031482514881,2,10,101113,0.0881928943452
0.0290178571429,0.042224702381,1,1469738045579,0.0456194196429,3,10,103140,0.129952566964
0.0247628348214,0.0321800595238,0,1469738045579,0.0280412946429,0,10,180391,0.08740234375
0.0366908482143,0.0560128348214,0,1469738045579,0.0510602678571,1,10,182517,0.14708891369
0.0224376860119,0.0318545386905,0,1469738045579,0.0300641741071,2,10,184562,0.0960053943452
0.0212751116071,0.0301571800595,0,1469738045579,0.0255533854167,3,10,186578,0.0821940104167
0.0388532366071,0.0568498883929,0,1469738045579,0.0501069568452,4,10,188592,0.153599330357
0.0270647321429,0.0384812127976,0,1469738045579,0.0341796875,5,10,190622,0.100748697917
0.0204148065476,0.028087797619,0,1469738045579,0.026111421131,6,10,192620,0.0834728422619
0.0391555059524,0.0510602678571,0,1469738045579,0.04638671875,7,10,194625,0.145345052083
0.0254836309524,0.0349934895833,1,1469738045579,0.0359468005952,0,10,197182,0.11376953125
0.0273204985119,0.03564453125,1,1469738045685,0.0355050223214,1,10,199215,0.111165364583
0.02294921875,0.0318545386905,1,1469738045686,0.0313895089286,2,10,201245,0.0877743675595
0.0293433779762,0.0428524925595,1,1469738045686,0.0464099702381,3,10,203263,0.132091703869
0.0248093377976,0.0322498139881,0,1469738045686,0.0281808035714,0,10,280568,0.0877976190476
0.0366908482143,0.0559895833333,0,1469738045686,0.0510602678571,1,10,282620,0.146995907738
0.0224376860119,0.0318545386905,0,1469738045686,0.0300641741071,2,10,284647,0.0960053943452
0.0211588541667,0.0299711681548,0,1469738045686,0.025390625,3,10,286675,0.0815197172619
0.0387834821429,0.0567801339286,0,1469738045686,0.050037202381,4,10,288698,0.153343563988
0.0270647321429,0.0385044642857,0,1469738045686,0.0341796875,5,10,290704,0.100748697917
0.0202055431548,0.0278785342262,0,1469738045686,0.0258324032738,6,10,292693,0.0825892857143
0.039295014881,0.0511997767857,0,1469738045686,0.0464332217262,7,10,294734,0.145345052083
0.0253673735119,0.0348539806548,1,1469738045686,0.0358072916667,0,10,297216,0.113304501488
0.027576264881,0.0356910342262,1,1469738045686,0.0364583333333,1,10,299238,0.112374441964
0.02294921875,0.0317150297619,1,1469738045686,0.0312732514881,2,10,301334,0.0874953497024
0.0290178571429,0.04248046875,1,1469738045686,0.0462704613095,3,10,303358,0.13074311756
0.0250186011905,0.032459077381,0,1469738045866,0.0285993303571,0,10,380760,0.0889136904762
0.03662109375,0.055919828869,0,1469738045866,0.0509905133929,1,10,382864,0.146833147321
0.0224144345238,0.0318312872024,0,1469738045866,0.030040922619,2,10,384912,0.0958891369048
0.0209263392857,0.0296223958333,0,1469738045866,0.025134858631,3,10,386922,0.0804036458333
0.0386672247024,0.056640625,0,1469738045866,0.0499441964286,4,10,388968,0.15294828869
0.0270414806548,0.0385277157738,0,1469738045866,0.0341796875,5,10,391019,0.100725446429
0.0194847470238,0.027087983631,0,1469738045866,0.0248558407738,6,10,393030,0.0800083705357
0.039295014881,0.0511997767857,0,1469738045866,0.0464332217262,7,10,395043,0.145856584821
0.0250418526786,0.0345052083333,1,1469738045866,0.0354352678571,0,10,397544,0.111537388393
0.0281110491071,0.0371791294643,1,1469738045866,0.0374348958333,1,10,399583,0.114188058036
0.0224144345238,0.0310872395833,1,1469738045866,0.0308547247024,2,10,401606,0.0857514880952
0.0297619047619,0.043224516369,1,1469738045866,0.0454799107143,3,10,403627,0.130882626488
0.0253441220238,0.0327845982143,0,1469738045866,0.0288783482143,0,10,480946,0.0904482886905
0.0365280877976,0.0557803199405,0,1469738045866,0.0508510044643,1,10,483000,0.146484375
0.0223446800595,0.0317615327381,0,1469738045866,0.0299711681548,2,10,485095,0.0956101190476
0.0204845610119,0.0289946056548,0,1469738045972,0.0245768229167,3,10,487129,0.0784040178571
0.0384812127976,0.0563616071429,0,1469738045973,0.0497116815476,4,10,489135,0.152297247024
0.0269717261905,0.038341703869,0,1469738045973,0.0340169270833,5,10,491145,0.100260416667
0.0189499627976,0.0262741815476,0,1469738045973,0.0240652901786,6,10,493221,0.077892485119
0.0396437872024,0.051502046131,0,1469738045973,0.0465262276786,7,10,495260,0.146577380952
0.0245070684524,0.0341564360119,1,1469738045973,0.0350632440476,0,10,497728,0.108072916667
0.0284133184524,0.0376674107143,1,1469738045973,0.0377371651786,1,10,499744,0.115211123512
0.0216471354167,0.0307384672619,1,1469738045973,0.0297386532738,2,10,501761,0.0823102678571
0.0316917782738,0.0464564732143,1,1469738045973,0.0487351190476,3,10,503786,0.137509300595
0.025134858631,0.0323660714286,0,1469738045973,0.028552827381,0,10,581189,0.0892624627976
0.0364118303571,0.0556640625,0,1469738045973,0.0506882440476,1,10,583256,0.145833333333
0.0222516741071,0.0316220238095,0,1469738045973,0.0298549107143,2,10,585288,0.0948893229167
0.0200892857143,0.0283668154762,0,1469738045973,0.0240652901786,3,10,587309,0.0767531622024
0.038318452381,0.0560593377976,0,1469738045973,0.0495024181548,4,10,589351,0.151948474702
0.0269717261905,0.0384114583333,0,1469738045973,0.0340401785714,5,10,591368,0.100237165179
0.0191592261905,0.0264601934524,0,1469738046080,0.0242280505952,6,10,593367,0.0789853050595
0.0398297991071,0.0517345610119,0,1469738046080,0.046619233631,7,10,595448,0.147065662202
0.0242745535714,0.0336449032738,1,1469738046080,0.0340401785714,0,10,597945,0.106050037202
0.0285063244048,0.0378766741071,1,1469738046080,0.037853422619,1,10,599968,0.115583147321
0.0216471354167,0.0307384672619,1,1469738046080,0.0297386532738,2,10,601977,0.0823102678571
0.0325520833333,0.0474562872024,1,1469738046080,0.0497349330357,3,10,604065,0.141624813988
0.0251116071429,0.0324358258929,0,1469738046080,0.0282273065476,0,10,681322,0.0890066964286
0.0366908482143,0.0560593377976,0,1469738046080,0.0510602678571,1,10,683380,0.146902901786
0.0223446800595,0.0318080357143,0,1469738046080,0.0299944196429,2,10,685468,0.0955868675595
0.019275483631,0.0271344866071,0,1469738046080,0.0231352306548,3,10,687492,0.073497953869
0.0382486979167,0.0557803199405,0,1469738046080,0.0494094122024,4,10,689501,0.151692708333
0.0268787202381,0.038341703869,0,1469738046080,0.033947172619,5,10,691507,0.0995628720238
0.0191592261905,0.0264601934524,0,1469738046080,0.0242280505952,6,10,693524,0.0789853050595
0.0398530505952,0.0517578125,0,1469738046080,0.046619233631,7,10,695570,0.147112165179
0.0242978050595,0.0337611607143,1,1469738046080,0.0345982142857,0,10,698045,0.109700520833
0.028576078869,0.0379231770833,1,1469738046186,0.0378766741071,1,10,700062,0.11572265625
0.0224841889881,0.0318080357143,1,1469738046187,0.0304594494048,2,10,702089,0.0844494047619
0.0323660714286,0.0470377604167,1,1469738046187,0.049572172619,3,10,704175,0.141299293155
0.0252046130952,0.0326450892857,0,1469738046187,0.0282970610119,0,10,781511,0.0892857142857
0.0366908482143,0.0560360863095,0,1469738046187,0.0510835193452,1,10,783568,0.147042410714
0.0224376860119,0.0319010416667,0,1469738046187,0.0300874255952,2,10,785601,0.0960053943452
0.0190197172619,0.0266927083333,0,1469738046189,0.0228329613095,3,10,787619,0.0722423735119
0.0383882068452,0.0561058407738,0,1469738046189,0.049548921131,4,10,789638,0.152087983631
0.0266694568452,0.0381556919643,0,1469738046189,0.0337379092262,5,10,791656,0.0983305431548
0.0189267113095,0.0261579241071,0,1469738046189,0.0239722842262,6,10,793661,0.0782180059524
0.039806547619,0.0517345610119,0,1469738046189,0.0465959821429,7,10,795688,0.147019159226
0.0249488467262,0.0341331845238,1,1469738046189,0.0357375372024,0,10,798215,0.112885974702
0.0285295758929,0.037853422619,1,1469738046192,0.037830171131,1,10,800243,0.115513392857
0.0219959077381,0.0312965029762,1,1469738046192,0.0298316592262,2,10,802252,0.0823335193452
0.0317150297619,0.0456891741071,1,1469738046192,0.0488746279762,3,10,804332,0.139555431548
0.0251813616071,0.0325985863095,0,1469738046368,0.0282738095238,0,10,881694,0.0891462053571
0.0366675967262,0.0559895833333,0,1469738046368,0.051037016369,1,10,883757,0.14685639881
0.0224144345238,0.0319010416667,0,1469738046368,0.0300874255952,2,10,885799,0.0960286458333
0.0191359747024,0.0269019717262,0,1469738046368,0.02294921875,3,10,887820,0.0726609002976
0.0384114583333,0.0561290922619,0,1469738046368,0.049572172619,4,10,889806,0.152180989583
0.0266694568452,0.0381556919643,0,1469738046368,0.0337379092262,5,10,891815,0.0982840401786
0.0184151785714,0.0255533854167,0,1469738046368,0.0233444940476,6,10,893846,0.0757533482143
0.039806547619,0.0517345610119,0,1469738046368,0.0465959821429,7,10,895958,0.147042410714
0.0249953497024,0.0341564360119,1,1469738046368,0.0358305431548,0,10,898448,0.113071986607
0.0285295758929,0.037853422619,1,1469738046368,0.0378069196429,1,10,900466,0.115490141369
0.0211356026786,0.0302734375,1,1469738046368,0.0282970610119,2,10,902560,0.0787295386905
0.0311337425595,0.0445731026786,1,1469738046368,0.0482235863095,3,10,904589,0.138206845238
0.0251116071429,0.032482328869,0,1469738046368,0.0282273065476,0,10,981878,0.0890066964286
0.0366443452381,0.0560128348214,0,1469738046368,0.0510602678571,1,10,983939,0.146879650298
0.0224144345238,0.0318777901786,0,1469738046368,0.0300641741071,2,10,986049,0.0959123883929
0.019275483631,0.027087983631,0,1469738046476,0.0231352306548,3,10,988066,0.0733816964286
0.038341703869,0.0558500744048,0,1469738046476,0.0495024181548,4,10,990085,0.152018229167
0.0267857142857,0.0382486979167,0,1469738046476,0.0338309151786,5,10,992105,0.098888578869
0.0183454241071,0.0254603794643,0,1469738046476,0.0232514880952,6,10,994178,0.075451078869
0.039806547619,0.0517578125,0,1469738046476,0.0465959821429,7,10,996209,0.147042410714
0.0249720982143,0.0342726934524,1,1469738046476,0.0357607886905,0,10,998704,0.11339750744
0.0285295758929,0.0378766741071,1,1469738046476,0.037830171131,1,11,740,0.115513392857
0.0204613095238,0.0291108630952,1,1469738046476,0.0265764508929,2,11,2741,0.075916108631
0.0308547247024,0.0441080729167,1,1469738046476,0.0479213169643,3,11,4773,0.137602306548
0.0250883556548,0.0323660714286,0,1469738046476,0.0282505580357,0,11,82037,0.0889834449405
0.0366908482143,0.0560593377976,0,1469738046476,0.0510835193452,1,11,84160,0.146902901786
0.0223214285714,0.0317847842262,0,1469738046476,0.0299711681548,2,11,86192,0.0955403645833
0.0194382440476,0.02734375,0,1469738046476,0.0233444940476,3,11,88215,0.0743117559524
0.038318452381,0.0555710565476,0,1469738046476,0.0494326636905,4,11,90216,0.151901971726
0.0269252232143,0.0383649553571,0,1469738046476,0.033947172619,5,11,92224,0.0996558779762
0.0185314360119,0.0255998883929,0,1469738046476,0.0234375,6,11,94311,0.0764508928571
0.0398297991071,0.0517578125,0,1469738046583,0.046619233631,7,11,96340,0.14708891369
0.0243443080357,0.0341099330357,1,1469738046583,0.0353422619048,0,11,98811,0.111304873512
0.0285295758929,0.037853422619,1,1469738046583,0.0378069196429,1,11,100831,0.115466889881
0.0203450520833,0.0288318452381,1,1469738046583,0.0261579241071,2,11,102896,0.0753580729167
0.0310639880952,0.0445033482143,1,1469738046583,0.0482003348214,3,11,104931,0.138253348214
0.0250883556548,0.0323893229167,0,1469738046583,0.0283435639881,0,11,182223,0.0890299479167
0.0365978422619,0.0559895833333,0,1469738046583,0.051013764881,1,11,184340,0.14660063244
0.022228422619,0.0316685267857,0,1469738046583,0.0298781622024,2,11,186353,0.0951218377976
0.0196010044643,0.027576264881,0,1469738046583,0.0235770089286,3,11,188370,0.0753813244048
0.0384114583333,0.0561290922619,0,1469738046583,0.0495024181548,4,11,190372,0.152250744048
0.0269949776786,0.0384114583333,0,1469738046583,0.0340401785714,5,11,192394,0.100120907738
0.0186476934524,0.0257626488095,0,1469738046583,0.0235770089286,6,11,194422,0.0770089285714
0.0398530505952,0.0518043154762,0,1469738046583,0.046642485119,7,11,196435,0.147181919643
0.0244373139881,0.0337146577381,1,1469738046583,0.0345749627976,0,11,199001,0.107979910714
0.0284830729167,0.037830171131,1,1469738046583,0.0377836681548,1,11,201026,0.115373883929
0.0205310639881,0.0291108630952,1,1469738046763,0.0264369419643,2,11,203030,0.0761021205357
0.0312965029762,0.044921875,1,1469738046763,0.0482003348214,3,11,205096,0.138253348214
0.0251116071429,0.0324358258929,0,1469738046763,0.0283900669643,0,11,282403,0.0890531994048
0.0365513392857,0.055896577381,0,1469738046763,0.0508975074405,1,11,284483,0.146275111607
0.022205171131,0.0316452752976,0,1469738046763,0.0298549107143,2,11,286587,0.094959077381
0.0197172619048,0.0276925223214,0,1469738046763,0.0237165178571,3,11,288609,0.0758463541667
0.0384114583333,0.0561290922619,0,1469738046763,0.0495024181548,4,11,290617,0.152250744048
0.0269949776786,0.0384347098214,0,1469738046763,0.0340401785714,5,11,292620,0.100190662202
0.0186476934524,0.0257859002976,0,1469738046763,0.0236002604167,6,11,294677,0.0770321800595
0.0398763020833,0.0518043154762,0,1469738046763,0.046642485119,7,11,296702,0.147205171131
0.0247860863095,0.0337844122024,1,1469738046763,0.0341099330357,0,11,299194,0.1083984375
0.0285063244048,0.037830171131,1,1469738046763,0.0377604166667,1,11,301297,0.115373883929
0.0205078125,0.0291573660714,1,1469738046763,0.0264369419643,2,11,303323,0.0758231026786
0.0312965029762,0.044921875,1,1469738046763,0.0484793526786,3,11,305341,0.138834635417
0.0250883556548,0.0323893229167,0,1469738046763,0.0283203125,0,11,382656,0.0889601934524
0.0365745907738,0.055919828869,0,1469738046870,0.0509440104167,1,11,384716,0.14636811756
0.022228422619,0.0316452752976,0,1469738046870,0.0298781622024,2,11,386739,0.0950055803571
0.0197405133929,0.0276925223214,0,1469738046870,0.0237165178571,3,11,388755,0.0758696056548
0.0385509672619,0.0564313616071,0,1469738046870,0.0497581845238,4,11,390764,0.152692522321
0.0270414806548,0.0385277157738,0,1469738046870,0.0341099330357,5,11,392774,0.100399925595
0.0187174479167,0.0258556547619,0,1469738046870,0.023670014881,6,11,394803,0.0772181919643
0.0398763020833,0.0518043154762,0,1469738046870,0.046642485119,7,11,396815,0.147251674107
0.02490234375,0.033947172619,1,1469738046870,0.0343424479167,0,11,399298,0.10925874256
0.0285063244048,0.037853422619,1,1469738046870,0.0378069196429,1,11,401321,0.115443638393
0.0205078125,0.0292736235119,1,1469738046870,0.0265066964286,2,11,403335,0.0758463541667
0.0313895089286,0.045177641369,1,1469738046870,0.0486188616071,3,11,405443,0.13916015625
0.0250651041667,0.0323660714286,0,1469738046870,0.0282273065476,0,11,482764,0.0887974330357
0.0365978422619,0.0559663318452,0,1469738046870,0.0509672619048,1,11,484839,0.146437872024
0.022228422619,0.0316452752976,0,1469738046870,0.0298781622024,2,11,486873,0.0950520833333
0.0196242559524,0.0275530133929,0,1469738046870,0.0236002604167,3,11,488887,0.0753813244048
