blue,green,groupId,received,red,sensorId,time1,time2,white
0.0488746279762,0.07177734375,0,1470074433772,0.0631277901786,1,42,962714,0.19152250744
0.0393647693452,0.0544782366071,0,1470074433772,0.0501069568452,2,42,965054,0.157156808036
0.0356212797619,0.0498046875,0,1470074433772,0.0419921875,3,42,967085,0.136090959821
0.0469215029762,0.0658249627976,0,1470074433772,0.0566871279762,4,42,969110,0.177269345238
0.0594540550595,0.0814964657738,0,1470074433772,0.0708240327381,5,42,971130,0.218424479167
0.0365513392857,0.0517113095238,0,1470074433772,0.0437825520833,6,42,973143,0.132114955357
0.0542457217262,0.0695452008929,0,1470074433772,0.0611746651786,7,42,975191,0.194684709821
0.0375744047619,0.0532924107143,1,1470074433773,0.0460611979167,0,42,977671,0.144787016369
0.0389927455357,0.0506882440476,1,1470074433773,0.0484328497024,1,42,979677,0.150553385417
0.0521763392857,0.066150483631,1,1470074433773,0.066173735119,2,42,981759,0.208286830357
0.0308779761905,0.0439918154762,1,1470074433773,0.0420851934524,3,42,983764,0.121512276786
0.0391322544643,0.0491071428571,0,1470074433821,0.0446196056548,0,43,60874,0.139741443452
0.0489443824405,0.0718936011905,0,1470074433821,0.0631975446429,1,43,62927,0.191755022321
0.0393647693452,0.0545014880952,0,1470074433877,0.0501534598214,2,43,64955,0.157249813988
0.0355050223214,0.0496186755952,0,1470074433877,0.0416434151786,3,43,66968,0.13427734375
0.0466657366071,0.0651274181548,0,1470074433877,0.0562220982143,4,43,69022,0.176525297619
0.059314546131,0.081287202381,0,1470074433877,0.0706380208333,5,43,71058,0.217633928571
0.0368071056548,0.0518508184524,0,1470074433877,0.0444568452381,6,43,73079,0.135021391369
0.0541527157738,0.0694521949405,0,1470074433877,0.0611281622024,7,43,75116,0.194405691964
0.0383882068452,0.0548502604167,1,1470074433877,0.0465727306548,0,43,77599,0.14599609375
0.0389694940476,0.0506417410714,1,1470074433877,0.0484095982143,1,43,79616,0.150553385417
0.0537806919643,0.0686616443452,1,1470074433877,0.0677780877976,2,43,81618,0.211983816964
0.0306687127976,0.0443638392857,1,1470074433878,0.0420619419643,3,43,83621,0.120791480655
0.0393415178571,0.0495024181548,0,1470074433928,0.0454566592262,0,43,161068,0.141322544643
0.0491071428571,0.0721028645833,0,1470074433928,0.0633603050595,1,43,163109,0.192150297619
0.0394577752976,0.0545944940476,0,1470074433928,0.0501999627976,2,43,165150,0.15759858631
0.0362723214286,0.0508277529762,0,1470074433928,0.0419224330357,3,43,167151,0.134765625
0.0464099702381,0.0645693824405,0,1470074433928,0.0557338169643,4,43,169160,0.176013764881
0.0589425223214,0.0808686755952,0,1470074433979,0.0702427455357,5,43,171181,0.216122581845
0.0368071056548,0.0518508184524,0,1470074433979,0.0444568452381,6,43,173196,0.135021391369
0.0541062127976,0.0694289434524,0,1470074433980,0.0611049107143,7,43,175222,0.194312686012
0.0392252604167,0.0564778645833,1,1470074433980,0.0472702752976,0,43,177702,0.147623697917
0.0389462425595,0.0506417410714,1,1470074433980,0.0483863467262,1,43,179714,0.150530133929
0.0546875,0.0703357514881,1,1470074433981,0.0686848958333,2,43,181805,0.213681175595
0.0311802455357,0.0452241443452,1,1470074433981,0.0427594866071,3,43,183825,0.122977120536
0.0394810267857,0.0498976934524,0,1470074434030,0.0460844494048,0,43,261250,0.142392113095
0.0493629092262,0.0724748883929,0,1470074434030,0.0636393229167,1,43,263251,0.193103608631
0.0396205357143,0.0547805059524,0,1470074434030,0.0503859747024,2,43,265260,0.158342633929
0.0369466145833,0.0523390997024,0,1470074434030,0.0420386904762,3,43,267260,0.135067894345
0.046130952381,0.064220610119,0,1470074434030,0.0553152901786,4,43,269314,0.175548735119
0.0587797619048,0.0806594122024,0,1470074434030,0.070056733631,5,43,271351,0.215355282738
0.0369001116071,0.0518740699405,0,1470074434081,0.0447591145833,6,43,273381,0.136462983631
0.0541062127976,0.0694289434524,0,1470074434081,0.0611049107143,7,43,275483,0.194312686012
0.0393880208333,0.056873139881,1,1470074434081,0.0472702752976,0,43,277974,0.147553943452
0.0389927455357,0.0507347470238,1,1470074434081,0.0484561011905,1,43,279985,0.150832403274
0.0546875,0.0707310267857,1,1470074434081,0.0687546502976,2,43,281990,0.213402157738
0.0311802455357,0.0452241443452,1,1470074434081,0.0427594866071,3,43,284121,0.122977120536
0.0396205357143,0.0501999627976,0,1470074434132,0.0465262276786,0,43,361466,0.143508184524
0.0497116815476,0.0729399181548,0,1470074434132,0.0640345982143,1,43,363507,0.194521949405
0.0396205357143,0.0548037574405,0,1470074434132,0.0503859747024,2,43,365534,0.15831938244
0.0369698660714,0.0527808779762,0,1470074434132,0.0418759300595,3,43,367549,0.134207589286
0.0459681919643,0.0640811011905,0,1470074434132,0.0551060267857,4,43,369571,0.17517671131
0.0587797619048,0.0806361607143,0,1470074434132,0.070056733631,5,43,371598,0.215285528274
0.0371791294643,0.0523390997024,0,1470074434132,0.0452706473214,6,43,373627,0.13781156994
0.0541294642857,0.0694521949405,0,1470074434183,0.0611281622024,7,43,375666,0.194405691964
0.039295014881,0.0569428943452,1,1470074434183,0.0470377604167,0,43,378154,0.146763392857
0.0390159970238,0.0507347470238,1,1470074434183,0.0484793526786,1,43,380244,0.150855654762
0.0541759672619,0.0702427455357,1,1470074434183,0.0681966145833,2,43,382257,0.211588541667
0.0311104910714,0.0450846354167,1,1470074434183,0.0427827380952,3,43,384328,0.123279389881
0.0397367931548,0.0503859747024,0,1470074434236,0.0468052455357,0,43,461674,0.144345238095
0.0497349330357,0.0729399181548,0,1470074434236,0.0640345982143,1,43,463726,0.194638206845
0.0395740327381,0.0547340029762,0,1470074434236,0.0503394717262,2,43,465741,0.158017113095
0.03662109375,0.0520600818452,0,1470074434236,0.0414806547619,3,43,467756,0.133114769345
0.0459914434524,0.0640811011905,0,1470074434236,0.0551525297619,4,43,469863,0.17517671131
0.0588727678571,0.0807524181548,0,1470074434236,0.0701729910714,5,43,471892,0.215727306548
0.037365141369,0.0528041294643,0,1470074434236,0.0455961681548,6,43,473906,0.138532366071
0.05419921875,0.0695219494048,0,1470074434236,0.0611746651786,7,43,476091,0.19470796131
0.0390625,0.0567568824405,1,1470074434236,0.0467819940476,0,43,478568,0.14587983631
0.0389927455357,0.0506882440476,1,1470074434286,0.0484561011905,1,43,480573,0.150855654762
0.0537341889881,0.0697777157738,1,1470074434286,0.0677548363095,2,43,482577,0.21033296131
0.0308547247024,0.0445731026786,1,1470074434286,0.0426897321429,3,43,484629,0.123349144345
0.0398530505952,0.0504789806548,0,1470074434336,0.0469215029762,0,43,561846,0.14490327381
0.0496884300595,0.0728701636905,0,1470074434336,0.0640113467262,1,43,563897,0.194521949405
0.0395275297619,0.0546642485119,0,1470074434336,0.0503162202381,2,43,566073,0.15783110119
0.0365280877976,0.0515950520833,0,1470074434336,0.0413643973214,3,43,568072,0.133114769345
0.0462472098214,0.0645693824405,0,1470074434336,0.0555710565476,4,43,570056,0.175804501488
0.0589890252976,0.0809151785714,0,1470074434336,0.0703125,5,43,572135,0.21630859375
0.0374813988095,0.0530598958333,0,1470074434336,0.0457356770833,6,43,574219,0.13878813244
0.0542689732143,0.0696149553571,0,1470074434336,0.061267671131,7,43,576247,0.194986979167
0.0388764880952,0.0563151041667,1,1470074434336,0.0465494791667,0,43,578713,0.145461309524
0.0389694940476,0.0506184895833,1,1470074434386,0.0484328497024,1,43,580734,0.150809151786
0.0535946800595,0.0697544642857,1,1470074434386,0.0677548363095,2,43,582734,0.210402715774
0.0307152157738,0.0442243303571,1,1470074434386,0.0428524925595,3,43,584746,0.124418712798
0.0399460565476,0.0504324776786,0,1470074434436,0.0467354910714,0,43,662077,0.14501953125
0.0496186755952,0.07275390625,0,1470074434436,0.0639183407738,1,43,664173,0.194242931548
0.0395042782738,0.0546409970238,0,1470074434436,0.0502697172619,2,43,666184,0.157691592262
0.03662109375,0.0514555431548,0,1470074434436,0.0414341517857,3,43,668292,0.133719308036
0.0465262276786,0.0651041666667,0,1470074434436,0.055919828869,4,43,670322,0.176478794643
0.0590355282738,0.0809616815476,0,1470074434436,0.0703822544643,5,43,672345,0.216610863095
0.0374348958333,0.0530598958333,0,1470074434436,0.0456194196429,6,43,674381,0.138160342262
0.0543387276786,0.0697079613095,0,1470074434436,0.0613374255952,7,43,676416,0.195242745536
0.0386904761905,0.0555013020833,1,1470074434486,0.0463634672619,0,43,678881,0.145252046131
0.0389927455357,0.0506417410714,1,1470074434486,0.0484328497024,1,43,680883,0.150855654762
0.0535946800595,0.0697544642857,1,1470074434486,0.0677548363095,2,43,682876,0.210402715774
0.030529203869,0.0438523065476,1,1470074434486,0.0428292410714,3,43,684909,0.124930245536
0.039783296131,0.0501767113095,0,1470074434536,0.04638671875,0,43,762236,0.144112723214
0.049572172619,0.0726841517857,0,1470074434536,0.0638718377976,1,43,764351,0.194080171131
0.0394577752976,0.0546409970238,0,1470074434536,0.0502697172619,2,43,766349,0.157668340774
0.0365745907738,0.0513392857143,0,1470074434536,0.0416666666667,3,43,768334,0.134370349702
0.0465727306548,0.065197172619,0,1470074434536,0.0559895833333,4,43,770331,0.176548549107
0.0591052827381,0.0810314360119,0,1470074434536,0.0704520089286,5,43,772368,0.216820126488
0.0372023809524,0.0526181175595,0,1470074434536,0.0451078869048,6,43,774411,0.136625744048
0.0543619791667,0.0697312127976,0,1470074434536,0.0613839285714,7,43,776447,0.195359002976
0.0384579613095,0.0547340029762,1,1470074434587,0.046154203869,0,43,778919,0.144740513393
0.0390392485119,0.0507347470238,1,1470074434587,0.0485026041667,1,43,780938,0.151088169643
0.0538039434524,0.0699172247024,1,1470074434587,0.0680106026786,2,43,782946,0.210890997024
0.0304129464286,0.0438290550595,1,1470074434587,0.0428059895833,3,43,784978,0.125139508929
0.0395042782738,0.0497814360119,0,1470074434637,0.0460146949405,0,43,862432,0.142624627976
0.0495256696429,0.0726376488095,0,1470074434637,0.0638253348214,1,43,864481,0.193987165179
0.0395042782738,0.0546875,0,1470074434637,0.0503162202381,2,43,866484,0.157854352679
0.0364815848214,0.0511532738095,0,1470074434637,0.0418759300595,3,43,868517,0.134998139881
0.0465959821429,0.065197172619,0,1470074434637,0.0560593377976,4,43,870541,0.17664155506
0.0591750372024,0.0811244419643,0,1470074434637,0.0704985119048,5,43,872576,0.217099144345
0.0370396205357,0.0521995907738,0,1470074434637,0.0447591145833,6,43,874617,0.135579427083
0.0543154761905,0.0696847098214,0,1470074434637,0.0613374255952,7,43,876645,0.195149739583
0.0384579613095,0.0547340029762,1,1470074434637,0.046154203869,0,43,879100,0.144740513393
0.0391090029762,0.0508045014881,1,1470074434688,0.048572358631,1,43,881086,0.151274181548
0.054454985119,0.0706147693452,1,1470074434688,0.0686383928571,2,43,883080,0.212007068452
0.030505952381,0.0440848214286,1,1470074434688,0.0424339657738,3,43,885125,0.122791108631
0.0394112723214,0.0496419270833,0,1470074434751,0.0458519345238,0,43,962642,0.142229352679
0.0495024181548,0.0726143973214,0,1470074434751,0.0638485863095,1,43,964700,0.194010416667
0.03955078125,0.0547107514881,0,1470074434751,0.0503162202381,2,43,966707,0.157947358631
0.036365327381,0.0509207589286,0,1470074434751,0.0418991815476,3,43,968722,0.135184151786
0.0465959821429,0.065197172619,0,1470074434751,0.0560593377976,4,43,970741,0.17664155506
0.0592447916667,0.0811941964286,0,1470074434751,0.0705915178571,5,43,972783,0.217354910714
0.0369698660714,0.0521065848214,0,1470074434751,0.0446196056548,6,43,974830,0.135067894345
0.0543154761905,0.0696614583333,0,1470074434751,0.0613141741071,7,43,976835,0.195033482143
0.0382952008929,0.0542689732143,1,1470074434751,0.0460146949405,0,43,979298,0.144345238095
0.0391555059524,0.0508742559524,1,1470074434751,0.048595610119,1,43,981343,0.151343936012
0.0547340029762,0.0707775297619,1,1470074434751,0.0689174107143,2,43,983366,0.213146391369
0.0305989583333,0.0442243303571,1,1470074434752,0.0421316964286,3,43,985451,0.120930989583
0.0395275297619,0.0497116815476,0,1470074434820,0.0458519345238,0,44,62826,0.142485119048
0.0495024181548,0.0726143973214,0,1470074434870,0.0638253348214,1,44,64890,0.193917410714
0.0395275297619,0.0547107514881,0,1470074434870,0.0503162202381,2,44,66886,0.157877604167
0.0362723214286,0.0507579985119,0,1470074434870,0.0418759300595,3,44,68935,0.135091145833
0.0467354910714,0.0655459449405,0,1470074434870,0.0562686011905,4,44,70975,0.176990327381
0.0592215401786,0.0811941964286,0,1470074434872,0.0705915178571,5,44,73292,0.217331659226
0.0370396205357,0.0521530877976,0,1470074434872,0.0445265997024,6,44,75378,0.134812127976
0.0543619791667,0.0697079613095,0,1470074434872,0.0613374255952,7,44,77493,0.195149739583
0.038341703869,0.0543154761905,1,1470074434872,0.0460844494048,0,44,79970,0.144694010417
0.0391322544643,0.0508277529762,1,1470074434872,0.048572358631,1,44,81961,0.151227678571
0.0543619791667,0.0698939732143,1,1470074434872,0.0685221354167,2,44,84099,0.212611607143
0.0306222098214,0.0440848214286,1,1470074434872,0.0421316964286,3,44,86136,0.120907738095
0.0395740327381,0.0497116815476,0,1470074434921,0.0458984375,0,44,163015,0.142601376488
0.0495024181548,0.0725911458333,0,1470074434972,0.0638020833333,1,44,165077,0.193894159226
0.0395275297619,0.0547107514881,0,1470074434972,0.0503162202381,2,44,167102,0.157854352679
0.0362025669643,0.0506184895833,0,1470074434972,0.0418526785714,3,44,169119,0.135067894345
0.0467354910714,0.065662202381,0,1470074434972,0.056384858631,4,44,171132,0.176967075893
0.0592447916667,0.0811941964286,0,1470074434972,0.070568266369,5,44,173177,0.21740141369
0.0372488839286,0.0523390997024,0,1470074434972,0.0447126116071,6,44,175222,0.13611421131
0.0543387276786,0.0697079613095,0,1470074434972,0.0613374255952,7,44,177251,0.195149739583
0.038341703869,0.0543619791667,1,1470074434972,0.0458286830357,0,44,179707,0.144345238095
0.0390857514881,0.0508045014881,1,1470074434972,0.0485258556548,1,44,181725,0.151064918155
0.0536411830357,0.0686616443452,1,1470074434972,0.0677083333333,2,44,183739,0.211100260417
0.0306687127976,0.0439220610119,1,1470074434972,0.0422944568452,3,44,185772,0.121512276786
0.03955078125,0.0497116815476,0,1470074435023,0.0462704613095,0,44,263185,0.142973400298
0.0494326636905,0.072498139881,0,1470074435023,0.063709077381,1,44,265237,0.193615141369
0.0394577752976,0.0546177455357,0,1470074435074,0.0502697172619,2,44,267257,0.157552083333
0.0362955729167,0.0506417410714,0,1470074435074,0.0419456845238,3,44,269286,0.1357421875
0.0470145089286,0.0658947172619,0,1470074435074,0.0568033854167,4,44,271305,0.177548363095
0.0592447916667,0.0811709449405,0,1470074435074,0.0705915178571,5,44,273341,0.217540922619
0.037109375,0.0521065848214,0,1470074435074,0.0450613839286,6,44,275383,0.13927641369
0.0543154761905,0.0696382068452,0,1470074435074,0.0613141741071,7,44,277493,0.195056733631
0.0383882068452,0.0543619791667,1,1470074435074,0.0457124255952,0,44,279955,0.14453125
0.0390392485119,0.0507347470238,1,1470074435074,0.0484793526786,1,44,281964,0.150902157738
0.0528506324405,0.0674990699405,1,1470074435074,0.0668712797619,2,44,284106,0.209216889881
0.0306454613095,0.0437593005952,1,1470074435074,0.0424572172619,3,44,286162,0.122093563988
0.0392252604167,0.049548921131,0,1470074435125,0.046130952381,0,44,363446,0.142020089286
0.0493861607143,0.0724283854167,0,1470074435125,0.0636625744048,1,44,365567,0.193429129464
0.0394112723214,0.0545247395833,0,1470074435125,0.0501999627976,2,44,367579,0.157319568452
0.0364118303571,0.0507579985119,0,1470074435176,0.0420154389881,3,44,369592,0.136253720238
0.0474795386905,0.0663364955357,0,1470074435176,0.0571754092262,4,44,371606,0.178989955357
0.059314546131,0.0812406994048,0,1470074435176,0.0706845238095,5,44,373641,0.217819940476
0.035412016369,0.0501069568452,0,1470074435176,0.0449916294643,6,44,375681,0.138764880952
0.0543852306548,0.0697544642857,0,1470074435176,0.0615466889881,7,44,377695,0.195824032738
0.0391555059524,0.0552222842262,1,1470074435176,0.0466889880952,0,44,380228,0.149111793155
0.0389927455357,0.0507114955357,1,1470074435177,0.0484328497024,1,44,382235,0.150739397321
0.0515485491071,0.0657087053571,1,1470074435177,0.0657087053571,2,44,384318,0.205543154762
0.030505952381,0.0434802827381,1,1470074435177,0.0424572172619,3,44,386348,0.121837797619
0.0392020089286,0.0492234002976,0,1470074435227,0.0448521205357,0,44,463636,0.140531994048
0.0493861607143,0.0724051339286,0,1470074435227,0.0636858258929,1,44,465694,0.193452380952
0.0394345238095,0.0545479910714,0,1470074435227,0.0501767113095,2,44,467707,0.157412574405
0.0364350818452,0.0508277529762,0,1470074435227,0.0420619419643,3,44,469741,0.136509486607
0.0474562872024,0.0663829985119,0,1470074435278,0.0571986607143,4,44,471768,0.179152715774
0.0593843005952,0.081310453869,0,1470074435278,0.0707310267857,5,44,473793,0.217936197917
0.0331798735119,0.0478748139881,0,1470074435278,0.043224516369,6,44,475898,0.128813244048
0.0540364583333,0.0694521949405,0,1470074435278,0.0613606770833,7,44,478018,0.194080171131
0.0397600446429,0.0556408110119,1,1470074435278,0.0470145089286,0,44,480471,0.15185546875
0.0389229910714,0.0505719866071,1,1470074435278,0.0483630952381,1,44,482475,0.150344122024
0.0508045014881,0.0653366815476,1,1470074435278,0.0648949032738,2,44,484498,0.203683035714
0.0303664434524,0.0432942708333,1,1470074435278,0.042247953869,3,44,486526,0.121070498512
0.0399228050595,0.0501302083333,0,1470074435329,0.046642485119,0,44,563785,0.144484747024
0.0493629092262,0.0723818824405,0,1470074435329,0.0636858258929,1,44,566027,0.19347563244
0.0394345238095,0.0545712425595,0,1470074435329,0.0502232142857,2,44,568022,0.157505580357
0.0365048363095,0.0509672619048,0,1470074435329,0.0421781994048,3,44,570003,0.136858258929
0.0474562872024,0.0663829985119,0,1470074435380,0.0571754092262,4,44,572030,0.178850446429
0.0593843005952,0.0813337053571,0,1470074435380,0.0707310267857,5,44,574147,0.218005952381
0.0323195684524,0.047595796131,0,1470074435380,0.0409226190476,6,44,576200,0.118210565476
0.0535016741071,0.0690336681548,0,1470074435380,0.0611514136905,7,44,578207,0.191476004464
0.0399460565476,0.0557803199405,1,1470074435380,0.047107514881,0,44,580669,0.152739025298
0.0388764880952,0.0505719866071,1,1470074435380,0.04833984375,1,44,582694,0.15027436756
0.0491303943452,0.0637788318452,1,1470074435380,0.0634998139881,2,44,584733,0.199358258929
0.0304129464286,0.0433872767857,1,1470074435380,0.0423642113095,3,44,586754,0.121628534226
0.0403180803571,0.0506417410714,0,1470074435431,0.0475260416667,0,44,664058,0.146879650298
0.0493861607143,0.0723818824405,0,1470074435431,0.063732328869,1,44,666114,0.193568638393
0.0394577752976,0.0545712425595,0,1470074435431,0.0502232142857,2,44,668204,0.157552083333
0.0363420758929,0.0505952380952,0,1470074435431,0.0418526785714,3,44,670238,0.136509486607
0.0473865327381,0.0663364955357,0,1470074435431,0.0571056547619,4,44,672259,0.178455171131
0.0593843005952,0.0813337053571,0,1470074435482,0.0707310267857,5,44,674341,0.218005952381
0.0334123883929,0.0488746279762,0,1470074435482,0.0414806547619,6,44,676415,0.123349144345
0.0536411830357,0.0693126860119,0,1470074435482,0.0615699404762,7,44,678441,0.192522321429
0.0395972842262,0.055431547619,1,1470074435482,0.0468052455357,0,44,680901,0.15173921131
0.0389229910714,0.0506417410714,1,1470074435482,0.0484328497024,1,44,682906,0.150483630952
0.0479445684524,0.062755766369,1,1470074435482,0.0625,2,44,684945,0.195870535714
0.0306222098214,0.043712797619,1,1470074435482,0.0431082589286,3,44,686972,0.1240234375
0.0400855654762,0.0502464657738,0,1470074435533,0.0468052455357,0,44,764292,0.145763578869
0.0493861607143,0.0724516369048,0,1470074435533,0.0637788318452,1,44,766354,0.193684895833
0.0395042782738,0.0546409970238,0,1470074435533,0.05029296875,2,44,768369,0.157761346726
0.0361793154762,0.0502232142857,0,1470074435533,0.0415504092262,3,44,770376,0.13585844494
0.0473167782738,0.0662434895833,0,1470074435533,0.0571056547619,4,44,772434,0.17833891369
0.0593843005952,0.0813337053571,0,1470074435533,0.0707542782738,5,44,774486,0.218029203869
0.0333891369048,0.0487351190476,0,1470074435595,0.0423642113095,6,44,776510,0.124744233631
0.0536411830357,0.0693126860119,0,1470074435595,0.0615699404762,7,44,778511,0.192522321429
0.0392485119048,0.0551060267857,1,1470074435595,0.0465029761905,0,44,780979,0.150553385417
0.0389927455357,0.0507347470238,1,1470074435595,0.0484793526786,1,44,782995,0.15076264881
0.047595796131,0.0623837425595,1,1470074435595,0.0622209821429,2,44,785024,0.194917224702
0.03076171875,0.0439220610119,1,1470074435595,0.0436197916667,3,44,787042,0.125720796131
0.0402483258929,0.0505719866071,0,1470074435646,0.0475492931548,0,44,864355,0.146763392857
0.0494326636905,0.072498139881,0,1470074435646,0.0638253348214,1,44,866470,0.193824404762
0.0395740327381,0.0546875,0,1470074435646,0.0503162202381,2,44,868521,0.157993861607
0.0363188244048,0.0504789806548,0,1470074435646,0.0419224330357,3,44,870551,0.136486235119
0.0473865327381,0.0662667410714,0,1470074435646,0.05712890625,4,44,872568,0.178501674107
0.0593610491071,0.081287202381,0,1470074435646,0.0707077752976,5,44,874606,0.21788969494
0.0339704241071,0.0492466517857,0,1470074435651,0.0432942708333,6,44,876640,0.127487909226
0.0541062127976,0.0698474702381,0,1470074435651,0.0621512276786,7,44,878640,0.193987165179
0.0394810267857,0.0552222842262,1,1470074435651,0.0466889880952,0,44,881076,0.1513671875
0.0390392485119,0.05078125,1,1470074435651,0.0485258556548,1,44,883082,0.15087890625
0.0483630952381,0.0631975446429,1,1470074435652,0.0629417782738,2,44,885125,0.197660900298
0.0305989583333,0.0437360491071,1,1470074435652,0.043201264881,3,44,887153,0.124651227679
0.0403180803571,0.0506417410714,0,1470074435720,0.0476422991071,0,44,964556,0.146809895833
0.0494326636905,0.072521391369,0,1470074435772,0.0638485863095,1,44,966607,0.193894159226
0.0395740327381,0.0547340029762,0,1470074435772,0.0503394717262,2,44,968691,0.15808686756
0.0361560639881,0.0503394717262,0,1470074435772,0.0418294270833,3,44,970734,0.136067708333
0.0473400297619,0.0662202380952,0,1470074435772,0.0570591517857,4,44,972772,0.178362165179
0.059314546131,0.0812406994048,0,1470074435772,0.0706380208333,5,44,974826,0.217750186012
0.033923921131,0.049083891369,0,1470074435772,0.043224516369,6,44,976850,0.127743675595
0.0540829613095,0.06982421875,0,1470074435772,0.0621279761905,7,44,978842,0.193917410714
0.0394577752976,0.05517578125,1,1470074435772,0.0466657366071,0,44,981308,0.151227678571
0.0390857514881,0.0508510044643,1,1470074435772,0.048572358631,1,44,983318,0.151064918155
0.0491768973214,0.0641043526786,1,1470074435772,0.0636858258929,2,44,985348,0.200218563988
0.0305989583333,0.0437360491071,1,1470074435772,0.043201264881,3,44,987366,0.124651227679
0.0402483258929,0.050548735119,0,1470074435822,0.0475492931548,0,45,64740,0.146530877976
0.0494791666667,0.0725678943452,0,1470074435872,0.0638950892857,1,45,66776,0.194056919643
0.0395972842262,0.0547340029762,0,1470074435872,0.0503627232143,2,45,68809,0.158156622024
0.0362025669643,0.0504092261905,0,1470074435872,0.0418061755952,3,45,70829,0.136021205357
0.0473400297619,0.0661969866071,0,1470074435872,0.0570591517857,4,45,72840,0.178362165179
0.059314546131,0.0812639508929,0,1470074435872,0.0706612723214,5,45,74870,0.217750186012
0.033947172619,0.0491303943452,0,1470074435872,0.0432942708333,6,45,76898,0.127883184524
0.0540364583333,0.06982421875,0,1470074435872,0.0621512276786,7,45,78908,0.193894159226
0.0395275297619,0.0552687872024,1,1470074435872,0.0466889880952,0,45,81355,0.151297433036
0.0391090029762,0.0508742559524,1,1470074435872,0.048595610119,1,45,83367,0.151157924107
0.049548921131,0.0644996279762,1,1470074435872,0.0640345982143,2,45,85486,0.201357886905
0.0304361979167,0.0435732886905,1,1470074435872,0.042712983631,3,45,87520,0.123395647321
0.0403180803571,0.0506882440476,0,1470074435922,0.0478050595238,0,45,164929,0.146809895833
0.0495024181548,0.0725911458333,0,1470074435972,0.0638950892857,1,45,166975,0.194103422619
0.0395972842262,0.0547572544643,0,1470074435972,0.0503627232143,2,45,168992,0.158156622024
0.0362490699405,0.050525483631,0,1470074435972,0.0417829241071,3,45,171003,0.135951450893
0.0473400297619,0.066173735119,0,1470074435972,0.0570591517857,4,45,173039,0.178385416667
0.059337797619,0.0812639508929,0,1470074435972,0.0706612723214,5,45,175089,0.217726934524
0.033947172619,0.0491303943452,0,1470074435972,0.0432710193452,6,45,177113,0.128069196429
0.0539899553571,0.0697544642857,0,1470074435972,0.0620582217262,7,45,179120,0.193661644345
0.03955078125,0.0553152901786,1,1470074435972,0.0466889880952,0,45,181625,0.151320684524
0.0391090029762,0.0508742559524,1,1470074435972,0.048595610119,1,45,183636,0.151134672619
0.0498279389881,0.0647786458333,1,1470074435972,0.0643136160714,2,45,185654,0.202241443452
0.0303664434524,0.0434802827381,1,1470074435972,0.0425037202381,3,45,187671,0.12255859375
0.040294828869,0.0506882440476,0,1470074436022,0.0478515625,0,45,265111,0.146693638393
0.0495024181548,0.0726143973214,0,1470074436072,0.0639183407738,1,45,267169,0.194149925595
0.0395740327381,0.0547805059524,0,1470074436072,0.0503627232143,2,45,269200,0.158179873512
0.0362955729167,0.0505952380952,0,1470074436072,0.041736421131,3,45,271203,0.135904947917
0.0473167782738,0.0661039806548,0,1470074436072,0.0570126488095,4,45,273221,0.178269159226
0.059314546131,0.0811941964286,0,1470074436072,0.0706380208333,5,45,275273,0.217587425595
0.0339936755952,0.0492466517857,0,1470074436072,0.0434337797619,6,45,277321,0.128720238095
0.053966703869,0.0697544642857,0,1470074436072,0.0621047247024,7,45,279339,0.19373139881
0.0395740327381,0.0553850446429,1,1470074436072,0.0467122395833,0,45,281792,0.151390438988
0.0390857514881,0.0508742559524,1,1470074436072,0.048572358631,1,45,283804,0.151134672619
0.0503162202381,0.0652901785714,1,1470074436072,0.0648018973214,2,45,285953,0.203799293155
0.0303664434524,0.0434337797619,1,1470074436072,0.0422944568452,3,45,287986,0.121814546131
0.0403180803571,0.0507347470238,0,1470074436126,0.0479213169643,0,45,365332,0.146809895833
0.0494791666667,0.0725446428571,0,1470074436126,0.0638718377976,1,45,367383,0.193987165179
0.0396205357143,0.0547805059524,0,1470074436126,0.0503627232143,2,45,369394,0.158226376488
0.0363188244048,0.0506417410714,0,1470074436176,0.0417829241071,3,45,371424,0.135974702381
0.0472935267857,0.0661039806548,0,1470074436176,0.0570126488095,4,45,373452,0.178199404762
0.0592912946429,0.0811941964286,0,1470074436176,0.0706147693452,5,45,375511,0.217540922619
0.0345749627976,0.0502232142857,0,1470074436176,0.0444568452381,6,45,377527,0.132138206845
0.053966703869,0.0698939732143,0,1470074436176,0.0622907366071,7,45,379533,0.194963727679
0.0395275297619,0.0553385416667,1,1470074436176,0.0466889880952,0,45,382070,0.151204427083
0.0391090029762,0.0508510044643,1,1470074436176,0.048572358631,1,45,384131,0.151134672619
0.0505952380952,0.0656389508929,1,1470074436176,0.0650576636905,2,45,386164,0.204659598214
0.0303664434524,0.0433872767857,1,1470074436176,0.0421084449405,3,45,388257,0.121047247024
0.0403645833333,0.0507579985119,0,1470074436226,0.0478748139881,0,45,465528,0.146995907738
0.0494326636905,0.072498139881,0,1470074436226,0.0638020833333,1,45,467588,0.193824404762
0.0396437872024,0.0548037574405,0,1470074436277,0.0504092261905,2,45,469679,0.158272879464
0.0363420758929,0.0506649925595,0,1470074436277,0.0419456845238,3,45,471702,0.136137462798
0.0473400297619,0.0661272321429,0,1470074436277,0.0571056547619,4,45,473716,0.178664434524
0.059337797619,0.0812406994048,0,1470074436277,0.0706612723214,5,45,475750,0.217680431548
0.0376674107143,0.0538504464286,0,1470074436277,0.04833984375,6,45,477762,0.146275111607
0.0543387276786,0.0700334821429,0,1470074436277,0.062732514881,7,45,479775,0.198451450893
0.0395740327381,0.055408296131,1,1470074436277,0.0467587425595,0,45,482227,0.15125093006
0.0390857514881,0.0508277529762,1,1470074436277,0.0485491071429,1,45,484385,0.15099516369
0.0505952380952,0.0656389508929,1,1470074436277,0.0650576636905,2,45,486419,0.204659598214
0.0303896949405,0.0434105282738,1,1470074436277,0.0420154389881,3,45,488437,0.120768229167
0.0405040922619,0.0511532738095,0,1470074436329,0.0482003348214,0,45,565698,0.14757719494
0.0494326636905,0.0724748883929,0,1470074436329,0.0638020833333,1,45,567724,0.193754650298
0.0396437872024,0.0548270089286,0,1470074436329,0.0504092261905,2,45,569716,0.15831938244
0.0362490699405,0.050525483631,0,1470074436380,0.0418061755952,3,45,571699,0.135463169643
0.0470842633929,0.0657552083333,0,1470074436380,0.0569196428571,4,45,573725,0.177664620536
0.059337797619,0.0812406994048,0,1470074436380,0.0706612723214,5,45,575780,0.217750186012
0.0391555059524,0.0545712425595,0,1470074436380,0.0482003348214,6,45,577791,0.148856026786
0.0547107514881,0.0702194940476,0,1470074436380,0.0623837425595,7,45,579799,0.197567894345
0.0395275297619,0.0554547991071,1,1470074436380,0.046619233631,0,45,582273,0.150204613095
0.0391090029762,0.0508510044643,1,1470074436380,0.0485491071429,1,45,584357,0.151064918155
0.0510835193452,0.066173735119,1,1470074436380,0.0654529389881,2,45,586387,0.206310453869
0.0304361979167,0.0434337797619,1,1470074436380,0.0419689360119,3,45,588489,0.121000744048
0.0401553199405,0.0507114955357,0,1470074436431,0.0474330357143,0,45,665857,0.14599609375
0.0494791666667,0.0725446428571,0,1470074436431,0.0638253348214,1,45,667912,0.193917410714
0.0396437872024,0.0548037574405,0,1470074436431,0.0504092261905,2,45,669988,0.15831938244
0.0361095610119,0.0503627232143,0,1470074436431,0.0414341517857,3,45,672010,0.134416852679
0.0456891741071,0.0640811011905,0,1470074436486,0.0552455357143,4,45,674085,0.17175874256
0.0591982886905,0.0811476934524,0,1470074436486,0.0705217633929,5,45,676177,0.217145647321
0.0379696800595,0.0532691592262,0,1470074436486,0.0460379464286,6,45,678244,0.1396484375
0.0543619791667,0.0697312127976,0,1470074436486,0.0614071800595,7,45,680246,0.195265997024
0.0388532366071,0.0548270089286,1,1470074436486,0.0458751860119,0,45,682694,0.145577566964
0.0390857514881,0.0508510044643,1,1470074436486,0.0485491071429,1,45,684735,0.151157924107
0.0521298363095,0.0675455729167,1,1470074436486,0.0666155133929,2,45,686760,0.209705171131
0.0304361979167,0.0435500372024,1,1470074436486,0.0418526785714,3,45,688771,0.121605282738
0.040271577381,0.0507579985119,0,1470074436537,0.0474330357143,0,45,766154,0.146042596726
0.0495954241071,0.0727074032738,0,1470074436537,0.0639183407738,1,45,768204,0.194242931548
0.0396902901786,0.0548735119048,0,1470074436537,0.0504557291667,2,45,770226,0.158505394345
0.0360630580357,0.0503859747024,0,1470074436537,0.041248139881,3,45,772315,0.133486793155
0.0468517485119,0.0653599330357,0,1470074436537,0.0565243675595,4,45,774370,0.177176339286
0.0592680431548,0.0812174479167,0,1470074436537,0.0705915178571,5,45,776392,0.217308407738
0.0375511532738,0.0528273809524,0,1470074436537,0.0453636532738,6,45,778410,0.137486049107
0.0544084821429,0.0697777157738,0,1470074436588,0.0613839285714,7,45,780471,0.195289248512
0.0382719494048,0.0548037574405,1,1470074436588,0.046130952381,0,45,782935,0.144484747024
0.0391555059524,0.0508742559524,1,1470074436588,0.0486188616071,1,45,784971,0.151390438988
0.0535946800595,0.0696847098214,1,1470074436588,0.0683361235119,2,45,786992,0.213960193452
0.03076171875,0.0442708333333,1,1470074436588,0.0423409598214,3,45,789026,0.123325892857
0.0398530505952,0.0499906994048,0,1470074436639,0.0460844494048,0,45,866224,0.144461495536
0.0495954241071,0.0727074032738,0,1470074436639,0.0639183407738,1,45,868363,0.194242931548
0.0396902901786,0.0548502604167,0,1470074436639,0.0504324776786,2,45,870397,0.158435639881
0.0358305431548,0.0502464657738,0,1470074436639,0.0411318824405,3,45,872416,0.132859002976
0.0465959821429,0.0650344122024,0,1470074436639,0.0561290922619,4,45,874458,0.176595052083
0.059337797619,0.081310453869,0,1470074436639,0.0706612723214,5,45,876533,0.217587425595
0.037341889881,0.0524553571429,0,1470074436639,0.0452473958333,6,45,878560,0.137718563988
0.0543619791667,0.0697312127976,0,1470074436639,0.0613606770833,7,45,880554,0.195149739583
0.0381324404762,0.0546409970238,1,1470074436690,0.0460844494048,0,45,883014,0.144228980655
0.0392020089286,0.0509440104167,1,1470074436690,0.0486886160714,1,45,885056,0.151622953869
0.0547340029762,0.0716145833333,1,1470074436690,0.069568452381,2,45,887086,0.216703869048
0.0312965029762,0.0450846354167,1,1470074436690,0.0432942708333,3,45,889115,0.125627790179
0.039806547619,0.0499441964286,0,1470074436741,0.0460611979167,0,45,966437,0.143903459821
0.049548921131,0.0726609002976,0,1470074436741,0.0638718377976,1,45,968503,0.194080171131
0.0396437872024,0.0548270089286,0,1470074436741,0.0504092261905,2,45,970516,0.158249627976
0.0359468005952,0.0503859747024,0,1470074436741,0.0412946428571,3,45,972583,0.133277529762
0.0465959821429,0.0650344122024,0,1470074436741,0.0561290922619,4,45,974632,0.176595052083
0.0592912946429,0.0812639508929,0,1470074436741,0.0706147693452,5,45,976657,0.217447916667
0.0370163690476,0.0523623511905,0,1470074436741,0.0451078869048,6,45,978669,0.13709077381
0.0543852306548,0.0697544642857,0,1470074436741,0.0613606770833,7,45,980686,0.19519624256
0.038341703869,0.0548735119048,1,1470074436741,0.0463169642857,0,45,983153,0.145275297619
0.0391787574405,0.0508975074405,1,1470074436792,0.0486421130952,1,45,985188,0.151576450893
0.0548735119048,0.0718936011905,1,1470074436792,0.0696614583333,2,45,987214,0.216982886905
0.0313430059524,0.0450381324405,1,1470074436792,0.0434337797619,3,45,989253,0.126232328869
0.0397600446429,0.0498046875,0,1470074436844,0.0457356770833,0,46,66639,0.143136160714
0.0496186755952,0.0727074032738,0,1470074436844,0.0639183407738,1,46,68718,0.194242931548
0.0396437872024,0.0548270089286,0,1470074436844,0.0504092261905,2,46,70737,0.158272879464
0.0361095610119,0.0506184895833,0,1470074436844,0.0414109002976,3,46,72741,0.133719308036
0.0469215029762,0.0655691964286,0,1470074436844,0.0565941220238,4,46,74770,0.177385602679
0.0593610491071,0.0813569568452,0,1470074436844,0.0707077752976,5,46,76805,0.217726934524
0.0370163690476,0.0523623511905,0,1470074436844,0.0451078869048,6,46,78818,0.13709077381
0.054431733631,0.0697777157738,0,1470074436844,0.0613839285714,7,46,80822,0.195382254464
0.038318452381,0.054920014881,1,1470074436844,0.0464099702381,0,46,83286,0.14539155506
0.0391555059524,0.0508975074405,1,1470074436844,0.0486188616071,1,46,85329,0.15148344494
0.0543852306548,0.0713588169643,1,1470074436898,0.0692196800595,2,46,87344,0.216122581845
0.0311569940476,0.0446196056548,1,1470074436898,0.043201264881,3,46,89356,0.126162574405
0.0397367931548,0.0497581845238,0,1470074436949,0.0455961681548,0,46,166795,0.142973400298
0.0495954241071,0.0727074032738,0,1470074436949,0.0639183407738,1,46,169088,0.194196428571
0.0396670386905,0.0548502604167,0,1470074436949,0.0504324776786,2,46,171141,0.158365885417
0.0360165550595,0.050548735119,0,1470074436949,0.0413876488095,3,46,173182,0.133556547619
0.0469680059524,0.0655691964286,0,1470074436949,0.0566638764881,4,46,175225,0.177408854167
0.0593843005952,0.0814267113095,0,1470074436949,0.0707542782738,5,46,177253,0.217819940476
0.0371326264881,0.0525483630952,0,1470074436949,0.0452008928571,6,46,179252,0.137160528274
0.0545014880952,0.0698707217262,0,1470074436949,0.0614304315476,7,46,181261,0.195591517857
0.0383649553571,0.0550130208333,1,1470074436949,0.0464099702381,0,46,183723,0.145414806548
0.0391555059524,0.0508742559524,1,1470074436949,0.0486188616071,1,46,185749,0.151436941964
0.0537574404762,0.0707077752976,1,1470074436949,0.068591889881,2,46,187777,0.214797247024
0.0310407366071,0.044201078869,1,1470074436949,0.0433872767857,3,46,189835,0.127046130952
0.039806547619,0.0498511904762,0,1470074437023,0.0456891741071,0,46,267007,0.14318266369
0.0496186755952,0.07275390625,0,1470074437074,0.06396484375,1,46,269086,0.1943359375
0.0396670386905,0.0548502604167,0,1470074437074,0.0504324776786,2,46,271181,0.158365885417
0.0359235491071,0.0503859747024,0,1470074437074,0.0413178943452,3,46,273235,0.133347284226
0.046875,0.0654761904762,0,1470074437074,0.0565476190476,4,46,275281,0.177199590774
0.0594075520833,0.0814267113095,0,1470074437074,0.0707542782738,5,46,277326,0.217843191964
0.0372256324405,0.052734375,0,1470074437074,0.0453636532738,6,46,279340,0.137648809524
0.0545014880952,0.0698707217262,0,1470074437074,0.0614304315476,7,46,281321,0.195591517857
0.0383882068452,0.0550827752976,1,1470074437074,0.04638671875,0,46,283779,0.145368303571
0.0391555059524,0.0508975074405,1,1470074437074,0.0486188616071,1,46,285902,0.151413690476
0.0531761532738,0.0702659970238,1,1470074437074,0.0679873511905,2,46,287927,0.213192894345
0.0310639880952,0.0438755580357,1,1470074437074,0.0440615699405,3,46,289936,0.129371279762
0.0398530505952,0.0498976934524,0,1470074437125,0.0457124255952,0,46,367199,0.143322172619
0.0496186755952,0.07275390625,0,1470074437176,0.0639415922619,1,46,369259,0.1943359375
0.0396670386905,0.0548502604167,0,1470074437176,0.0504324776786,2,46,371273,0.158365885417
0.0358537946429,0.0502232142857,0,1470074437176,0.0412946428571,3,46,373312,0.133231026786
0.046875,0.0655226934524,0,1470074437176,0.0565708705357,4,46,375358,0.177222842262
0.0594075520833,0.0814267113095,0,1470074437176,0.0707542782738,5,46,377396,0.217866443452
0.0372953869048,0.0528971354167,0,1470074437176,0.0454799107143,6,46,379402,0.137881324405
0.0545479910714,0.0699404761905,0,1470074437176,0.0615001860119,7,46,381409,0.195847284226
0.0383649553571,0.0550827752976,1,1470074437176,0.04638671875,0,46,383874,0.145345052083
0.0391555059524,0.0508975074405,1,1470074437176,0.0486188616071,1,46,385989,0.151390438988
0.0526646205357,0.0699637276786,1,1470074437176,0.0674758184524,2,46,388017,0.211728050595
0.0311337425595,0.0438290550595,1,1470074437176,0.0446196056548,3,46,390093,0.13171968006
0.0398297991071,0.0498511904762,0,1470074437227,0.0456194196429,0,46,467399,0.143159412202
0.0496186755952,0.07275390625,0,1470074437227,0.0639415922619,1,46,469474,0.1943359375
0.0396437872024,0.0548502604167,0,1470074437278,0.0504092261905,2,46,471494,0.158296130952
0.0358305431548,0.0501767113095,0,1470074437278,0.0413178943452,3,46,473507,0.133277529762
0.046875,0.0654994419643,0,1470074437278,0.0565476190476,4,46,475532,0.177199590774
0.0594075520833,0.0814732142857,0,1470074437278,0.0707775297619,5,46,477569,0.217982700893
0.0372953869048,0.052966889881,0,1470074437278,0.0455264136905,6,46,479579,0.137904575893
0.0545712425595,0.0699869791667,0,1470074437278,0.0615001860119,7,46,481578,0.195940290179
0.038341703869,0.0550362723214,1,1470074437278,0.0463634672619,0,46,484119,0.145298549107
0.0391322544643,0.0508975074405,1,1470074437278,0.0486188616071,1,46,486235,0.151343936012
0.0522228422619,0.0696847098214,1,1470074437278,0.0670572916667,2,46,488263,0.210495721726
0.0311337425595,0.0437593005952,1,1470074437278,0.044689360119,3,46,490274,0.13269624256
0.039783296131,0.0497814360119,0,1470074437328,0.0455264136905,0,46,567551,0.142857142857
0.0496186755952,0.07275390625,0,1470074437328,0.0639415922619,1,46,569589,0.1943359375
0.0396437872024,0.0548502604167,0,1470074437392,0.0504092261905,2,46,571580,0.158272879464
0.0357840401786,0.0501534598214,0,1470074437392,0.0413178943452,3,46,573563,0.13330078125
0.0468517485119,0.0654994419643,0,1470074437392,0.0565476190476,4,46,575597,0.177153087798
0.0594075520833,0.0814732142857,0,1470074437392,0.0707775297619,5,46,577634,0.217982700893
0.0372721354167,0.0529436383929,0,1470074437392,0.0454799107143,6,46,579644,0.137765066964
0.0545944940476,0.0699637276786,0,1470074437392,0.0615001860119,7,46,581699,0.196010044643
0.038318452381,0.0549897693452,1,1470074437392,0.04638671875,0,46,584248,0.145298549107
0.0391322544643,0.0508742559524,1,1470074437392,0.048595610119,1,46,586274,0.151297433036
0.0519205729167,0.0693824404762,1,1470074437392,0.0667550223214,2,46,588379,0.209565662202
0.031017485119,0.0436662946429,1,1470074437392,0.0445731026786,3,46,590413,0.132672991071
0.0397367931548,0.0497581845238,0,1470074437442,0.0454566592262,0,46,667774,0.142578125
0.0496186755952,0.07275390625,0,1470074437442,0.0639415922619,1,46,669868,0.194312686012
0.0396205357143,0.0548270089286,0,1470074437442,0.0504092261905,2,46,671873,0.158249627976
0.0357840401786,0.0501534598214,0,1470074437442,0.0413178943452,3,46,673885,0.133324032738
0.046875,0.0655226934524,0,1470074437442,0.0565708705357,4,46,675985,0.177222842262
0.0594308035714,0.0814732142857,0,1470074437442,0.0708240327381,5,46,678030,0.218052455357
0.0372721354167,0.052966889881,0,1470074437442,0.0454799107143,6,46,680020,0.137648809524
0.0545944940476,0.0699637276786,0,1470074437442,0.0615001860119,7,46,682004,0.195986793155
0.0382719494048,0.0549897693452,1,1470074437442,0.04638671875,0,46,684559,0.145321800595
0.0391090029762,0.0508742559524,1,1470074437491,0.048572358631,1,46,686587,0.151204427083
0.0517113095238,0.0691499255952,1,1470074437492,0.0664760044643,2,46,688602,0.208775111607
0.031017485119,0.0436662946429,1,1470074437492,0.0445731026786,3,46,690617,0.132672991071
0.0396902901786,0.0496884300595,0,1470074437542,0.0453636532738,0,46,768009,0.142252604167
0.0496186755952,0.0727771577381,0,1470074437542,0.0639415922619,1,46,770067,0.194382440476
0.0396205357143,0.0548037574405,0,1470074437542,0.0503859747024,2,46,772077,0.158203125
0.0357607886905,0.0501069568452,0,1470074437542,0.0412946428571,3,46,774235,0.133277529762
0.0468517485119,0.0655226934524,0,1470074437542,0.0565476190476,4,46,776253,0.177153087798
0.0594075520833,0.0814732142857,0,1470074437542,0.0707775297619,5,46,778280,0.21788969494
0.0372256324405,0.0529436383929,0,1470074437542,0.0454334077381,6,46,780310,0.137509300595
0.0545712425595,0.0699404761905,0,1470074437542,0.0614769345238,7,46,782340,0.19591703869
0.0382719494048,0.0550130208333,1,1470074437542,0.04638671875,0,46,784805,0.145345052083
0.0390857514881,0.0508510044643,1,1470074437592,0.048572358631,1,46,786836,0.151157924107
0.0514555431548,0.0689174107143,1,1470074437592,0.0661969866071,2,46,788869,0.207961309524
0.0309477306548,0.0435965401786,1,1470074437592,0.0444800967262,3,46,790909,0.132626488095
0.0396670386905,0.0496419270833,0,1470074437642,0.0452938988095,0,46,868184,0.141927083333
0.0495954241071,0.07275390625,0,1470074437642,0.0639183407738,1,46,870329,0.194289434524
0.0396437872024,0.0548037574405,0,1470074437642,0.0503859747024,2,46,872345,0.158203125
0.0357375372024,0.0501069568452,0,1470074437642,0.0412946428571,3,46,874395,0.133324032738
0.0468517485119,0.0655226934524,0,1470074437642,0.0565708705357,4,46,876501,0.177153087798
0.0593843005952,0.0814499627976,0,1470074437642,0.0707542782738,5,46,878536,0.217866443452
0.0372256324405,0.0529436383929,0,1470074437642,0.0453869047619,6,46,880538,0.137369791667
0.0545712425595,0.0699172247024,0,1470074437642,0.0614304315476,7,46,882535,0.195870535714
0.038318452381,0.0550827752976,1,1470074437693,0.0464099702381,0,46,885021,0.145484561012
0.0390625,0.0508277529762,1,1470074437693,0.0485258556548,1,46,887066,0.151088169643
0.0511532738095,0.0685686383929,1,1470074437693,0.0658947172619,2,46,889088,0.206938244048
0.0309477306548,0.0435965401786,1,1470074437693,0.0444800967262,3,46,891100,0.133045014881
0.0396902901786,0.0496419270833,0,1470074437743,0.0452938988095,0,46,968391,0.141927083333
0.0496419270833,0.0728004092262,0,1470074437743,0.06396484375,1,46,970441,0.194428943452
0.0396205357143,0.0548037574405,0,1470074437743,0.0503859747024,2,46,972531,0.158179873512
0.0357607886905,0.0501302083333,0,1470074437743,0.0413643973214,3,46,974576,0.133486793155
0.0468982514881,0.0655691964286,0,1470074437743,0.0565708705357,4,46,976586,0.177199590774
0.0594540550595,0.0815197172619,0,1470074437743,0.07080078125,5,46,978617,0.218098958333
0.0372256324405,0.052990141369,0,1470074437743,0.0453636532738,6,46,980676,0.137300037202
0.0545712425595,0.0699404761905,0,1470074437743,0.0614536830357,7,46,982685,0.195893787202
0.038318452381,0.0550827752976,1,1470074437743,0.0464099702381,0,46,985171,0.145484561012
0.0390857514881,0.0508510044643,1,1470074437793,0.048572358631,1,46,987186,0.151088169643
0.0507579985119,0.0679408482143,1,1470074437794,0.0654529389881,2,46,989218,0.205543154762
0.0309477306548,0.0436197916667,1,1470074437794,0.0444568452381,3,46,991236,0.133347284226
