blue,green,groupId,received,red,sensorId,time1,time2,white
0.0190197172619,0.0262974330357,0,1469737442869,0.0242978050595,6,7,390371,0.0793108258929
0.0385509672619,0.0503859747024,0,1469737442869,0.0455729166667,7,7,392409,0.143043154762
0.0221354166667,0.032459077381,1,1469737442869,0.0309709821429,0,7,394910,0.0941917782738
0.02783203125,0.0370628720238,1,1469737442869,0.0371558779762,1,7,396925,0.113188244048
0.01806640625,0.0255068824405,1,1469737442869,0.0240420386905,2,7,398945,0.0675223214286
0.0268322172619,0.0380161830357,1,1469737442869,0.0409458705357,3,7,400982,0.123325892857
0.0237630208333,0.030529203869,0,1469737442869,0.0272274925595,0,7,478353,0.0851469494048
0.0366443452381,0.0558035714286,0,1469737442869,0.0509905133929,1,7,480424,0.1474609375
0.0219029017857,0.0312732514881,0,1469737442869,0.0295758928571,2,7,482446,0.0941452752976
0.0199265252976,0.029529389881,0,1469737442869,0.0240652901786,3,7,484471,0.0751023065476
0.0366443452381,0.0531296502976,0,1469737442869,0.0475725446429,4,7,486472,0.146344866071
0.0261811755952,0.0374581473214,0,1469737442870,0.0333658854167,5,7,488511,0.0977492559524
0.0190197172619,0.0262974330357,0,1469737442870,0.0242978050595,6,7,490523,0.079334077381
0.0385509672619,0.0503859747024,0,1469737442870,0.0455961681548,7,7,492545,0.143089657738
0.0221121651786,0.0324358258929,1,1469737442870,0.0309477306548,0,7,495036,0.0941220238095
0.02783203125,0.0370628720238,1,1469737442973,0.0371558779762,1,7,497076,0.113211495536
0.0179966517857,0.0254138764881,1,1469737442973,0.02392578125,2,7,499109,0.0673130580357
0.0267392113095,0.0379464285714,1,1469737442973,0.0408296130952,3,7,501116,0.122977120536
0.0237630208333,0.030505952381,0,1469737442974,0.0272274925595,0,7,578518,0.0851236979167
0.0365978422619,0.0557570684524,0,1469737442974,0.0509672619048,1,7,580604,0.147414434524
0.0219029017857,0.0312732514881,0,1469737442974,0.029552641369,2,7,582610,0.0941452752976
0.0199265252976,0.0295061383929,0,1469737442974,0.0240652901786,3,7,584608,0.0750790550595
0.0365978422619,0.0530831473214,0,1469737442974,0.0475260416667,4,7,586602,0.146205357143
0.0261811755952,0.0374581473214,0,1469737442974,0.0333426339286,5,7,588598,0.0977725074405
0.01904296875,0.0263206845238,0,1469737442974,0.0243210565476,6,7,590600,0.0794038318452
0.0385277157738,0.0503627232143,0,1469737442974,0.0455496651786,7,7,592588,0.142973400298
0.0221121651786,0.0324358258929,1,1469737442974,0.0309244791667,0,7,595051,0.0940987723214
0.0278087797619,0.0370628720238,1,1469737442974,0.0371326264881,1,7,597058,0.113118489583
0.0179501488095,0.0253673735119,1,1469737442974,0.0238792782738,2,7,599044,0.0671735491071
0.0267392113095,0.0379464285714,1,1469737442975,0.0408296130952,3,7,601034,0.122977120536
0.0237397693452,0.0304827008929,0,1469737443153,0.0272042410714,0,7,678718,0.0851004464286
0.0366443452381,0.0557803199405,0,1469737443153,0.0509672619048,1,7,680789,0.1474609375
0.0219029017857,0.0312732514881,0,1469737443155,0.029552641369,2,7,682809,0.0941220238095
0.0199265252976,0.0295061383929,0,1469737443156,0.0240652901786,3,7,684836,0.0750790550595
0.0365978422619,0.0530598958333,0,1469737443156,0.0475260416667,4,7,686845,0.146182105655
0.0261579241071,0.0374348958333,0,1469737443156,0.0333193824405,5,7,688879,0.0977027529762
0.01904296875,0.0263206845238,0,1469737443156,0.0243210565476,6,7,690898,0.0794038318452
0.0385277157738,0.0503627232143,0,1469737443156,0.0455496651786,7,7,692915,0.142973400298
0.0221121651786,0.032459077381,1,1469737443156,0.0309477306548,0,7,695469,0.0940755208333
0.0278087797619,0.0370396205357,1,1469737443156,0.0371326264881,1,7,697513,0.113118489583
0.0179036458333,0.0252743675595,1,1469737443157,0.0237862723214,2,7,699535,0.0669875372024
0.0266462053571,0.037830171131,1,1469737443157,0.0407366071429,3,7,701530,0.122605096726
0.0237397693452,0.0304827008929,0,1469737443157,0.0272042410714,0,7,778892,0.0850539434524
0.0365978422619,0.0557338169643,0,1469737443157,0.0509440104167,1,7,780950,0.147391183036
0.0218796502976,0.03125,0,1469737443157,0.029552641369,2,7,782945,0.0940522693452
0.0199265252976,0.029529389881,0,1469737443157,0.0240652901786,3,7,784979,0.0751023065476
0.03662109375,0.0530831473214,0,1469737443263,0.0475260416667,4,7,786997,0.146251860119
0.0261579241071,0.0374348958333,0,1469737443263,0.0333426339286,5,7,789024,0.0977260044643
0.01904296875,0.0262974330357,0,1469737443264,0.0243210565476,6,7,791039,0.0793805803571
0.0385044642857,0.0503394717262,0,1469737443264,0.0455264136905,7,7,793072,0.142903645833
0.0221121651786,0.032459077381,1,1469737443264,0.0309244791667,0,7,795583,0.094005766369
0.0278087797619,0.0370396205357,1,1469737443264,0.0371326264881,1,7,797611,0.113095238095
0.0178571428571,0.0251813616071,1,1469737443264,0.023693266369,2,7,799633,0.0667782738095
0.0265764508929,0.0377371651786,1,1469737443264,0.0406203497024,3,7,801681,0.122233072917
0.0237397693452,0.0304827008929,0,1469737443264,0.0272042410714,0,7,879075,0.0850771949405
0.0366443452381,0.0557803199405,0,1469737443264,0.0509672619048,1,7,881143,0.147484188988
0.0218796502976,0.0312732514881,0,1469737443264,0.029552641369,2,7,883166,0.0940755208333
0.0199265252976,0.029552641369,0,1469737443264,0.0240652901786,3,7,885179,0.0751255580357
0.0365978422619,0.0530598958333,0,1469737443264,0.0475260416667,4,7,887184,0.146228608631
0.0261811755952,0.0374581473214,0,1469737443264,0.0333658854167,5,7,889214,0.0977725074405
0.0190662202381,0.0263206845238,0,1469737443264,0.0243443080357,6,7,891233,0.0794503348214
0.0385044642857,0.0503394717262,0,1469737443374,0.0455496651786,7,7,893250,0.142903645833
0.0221121651786,0.032482328869,1,1469737443374,0.0309244791667,0,7,895726,0.093982514881
0.0278087797619,0.0370628720238,1,1469737443375,0.0371558779762,1,7,897841,0.11316499256
0.017833891369,0.0251813616071,1,1469737443375,0.023670014881,2,7,899860,0.0667317708333
0.0265531994048,0.0377139136905,1,1469737443375,0.0405970982143,3,7,901841,0.122140066964
0.0237397693452,0.0304827008929,0,1469737443375,0.0272042410714,0,7,979248,0.0851004464286
0.03662109375,0.0557803199405,0,1469737443375,0.0509672619048,1,7,981302,0.1474609375
0.0219029017857,0.0312732514881,0,1469737443375,0.029552641369,2,7,983318,0.0940987723214
0.0199497767857,0.029552641369,0,1469737443375,0.0240885416667,3,7,986353,0.0751488095238
0.0365978422619,0.0530831473214,0,1469737443375,0.0475027901786,4,7,988389,0.146228608631
0.0261811755952,0.0374581473214,0,1469737443375,0.0333426339286,5,7,990414,0.0977492559524
0.0190662202381,0.0263671875,0,1469737443375,0.0243675595238,6,7,992450,0.0795200892857
0.0385277157738,0.0503627232143,0,1469737443375,0.0455496651786,7,7,994478,0.14295014881
0.0220889136905,0.032459077381,1,1469737443375,0.0308779761905,0,7,996954,0.0938662574405
0.0278087797619,0.0370396205357,1,1469737443375,0.0371326264881,1,7,998982,0.113141741071
0.017833891369,0.025158110119,1,1469737443375,0.0236467633929,2,8,1003,0.0667085193452
0.0265299479167,0.0377139136905,1,1469737443555,0.0405505952381,3,8,3011,0.122047061012
0.0237397693452,0.0304827008929,0,1469737443556,0.0272042410714,0,8,79437,0.0850771949405
0.0366443452381,0.0557803199405,0,1469737443556,0.0509672619048,1,8,81533,0.1474609375
0.0218796502976,0.0312732514881,0,1469737443556,0.029529389881,2,8,83560,0.0940755208333
0.0199497767857,0.0295758928571,0,1469737443556,0.0240885416667,3,8,85565,0.0751720610119
0.0365978422619,0.0530598958333,0,1469737443556,0.0474795386905,4,8,87561,0.146228608631
0.0261811755952,0.0374348958333,0,1469737443556,0.0333426339286,5,8,89597,0.0977260044643
0.0190662202381,0.0263206845238,0,1469737443556,0.0243443080357,6,8,91616,0.0794503348214
0.0384812127976,0.0503394717262,0,1469737443556,0.0455264136905,7,8,93626,0.142903645833
0.0220889136905,0.0324358258929,1,1469737443556,0.0308314732143,0,8,96201,0.0937267485119
0.0278087797619,0.0370396205357,1,1469737443556,0.037109375,1,8,98245,0.113118489583
0.017810639881,0.025134858631,1,1469737443556,0.0236235119048,2,8,100253,0.066638764881
0.0264601934524,0.0376441592262,1,1469737443556,0.0405040922619,3,8,102249,0.121930803571
0.0237397693452,0.030505952381,0,1469737443556,0.0272274925595,0,8,179631,0.0851236979167
0.0366443452381,0.0558035714286,0,1469737443556,0.0509905133929,1,8,181682,0.147507440476
0.0219029017857,0.0312965029762,0,1469737443556,0.029552641369,2,8,183688,0.0941220238095
0.0199730282738,0.0296223958333,0,1469737443662,0.0241117931548,3,8,185756,0.0752418154762
0.0365513392857,0.0530133928571,0,1469737443662,0.0474330357143,4,8,187772,0.14611235119
0.0262044270833,0.0374813988095,0,1469737443662,0.0333658854167,5,8,189790,0.0978190104167
0.0190894717262,0.0263439360119,0,1469737443662,0.0243675595238,6,8,191793,0.0795200892857
0.0385277157738,0.0503627232143,0,1469737443662,0.0455729166667,7,8,193911,0.142996651786
0.0220889136905,0.0324358258929,1,1469737443662,0.0308082217262,0,8,196475,0.0936104910714
0.02783203125,0.0370628720238,1,1469737443662,0.0371326264881,1,8,198506,0.113188244048
0.0177873883929,0.0250883556548,1,1469737443662,0.0235537574405,2,8,200521,0.0664760044643
0.0264601934524,0.0376441592262,1,1469737443662,0.0405505952381,3,8,202527,0.122093563988
0.0237397693452,0.0305524553571,0,1469737443662,0.0272507440476,0,8,279815,0.0851702008929
0.03662109375,0.0558035714286,0,1469737443663,0.051013764881,1,8,281953,0.147507440476
0.0219029017857,0.0312965029762,0,1469737443663,0.0295758928571,2,8,284028,0.0941452752976
0.02001953125,0.0296921502976,0,1469737443663,0.0242047991071,3,8,286049,0.0755440848214
0.0365513392857,0.0530133928571,0,1469737443663,0.0474330357143,4,8,288131,0.14611235119
0.0262044270833,0.0374581473214,0,1469737443663,0.0333658854167,5,8,290171,0.0978190104167
0.0190662202381,0.0263671875,0,1469737443788,0.0243675595238,6,8,292197,0.0794968377976
0.03857421875,0.0504324776786,0,1469737443788,0.0456194196429,7,8,294279,0.14318266369
0.0220889136905,0.0323660714286,1,1469737443788,0.0305524553571,0,8,296784,0.0930989583333
0.02783203125,0.0370861235119,1,1469737443788,0.0371791294643,1,8,298821,0.113257998512
0.0177408854167,0.0249953497024,1,1469737443788,0.0234375,2,8,300835,0.0662667410714
0.0264369419643,0.03759765625,1,1469737443788,0.0405970982143,3,8,302834,0.122419084821
0.0238792782738,0.0309012276786,0,1469737443788,0.0274600074405,0,8,379981,0.085681733631
0.0365978422619,0.0557105654762,0,1469737443788,0.0509440104167,1,8,382036,0.147367931548
0.0218796502976,0.0312732514881,0,1469737443794,0.029552641369,2,8,384202,0.0940987723214
0.0201822916667,0.0298316592262,0,1469737443794,0.0244605654762,3,8,386229,0.0766369047619
0.0360398065476,0.0530598958333,0,1469737443794,0.0468982514881,4,8,388239,0.145252046131
0.026134672619,0.037341889881,0,1469737443794,0.0332961309524,5,8,390262,0.0976329985119
0.0190197172619,0.0263206845238,0,1469737443794,0.0243210565476,6,8,392325,0.0793108258929
0.0386207217262,0.0504557291667,0,1469737443794,0.045665922619,7,8,394376,0.143298921131
0.0221121651786,0.0320870535714,1,1469737443794,0.030017671131,0,8,396858,0.0931454613095
0.02783203125,0.0370628720238,1,1469737443794,0.0371558779762,1,8,398889,0.113188244048
0.0176711309524,0.0248325892857,1,1469737443953,0.023204985119,2,8,400915,0.0658714657738
0.0263439360119,0.0374813988095,1,1469737443953,0.0406901041667,3,8,402919,0.12267485119
0.0241117931548,0.0313197544643,0,1469737443953,0.0279715401786,0,8,480236,0.0863327752976
0.0365513392857,0.0556640625,0,1469737443953,0.0508975074405,1,8,482300,0.147228422619
0.0218796502976,0.03125,0,1469737443953,0.029529389881,2,8,484308,0.094005766369
0.020252046131,0.0298316592262,0,1469737443953,0.0245768229167,3,8,486317,0.077404203869
0.035877046131,0.0530133928571,0,1469737443953,0.0468052455357,4,8,488365,0.14111328125
0.026134672619,0.037341889881,0,1469737443953,0.0332728794643,5,8,490397,0.0976795014881
0.0189499627976,0.0262044270833,0,1469737443953,0.0242745535714,6,8,492419,0.0789620535714
0.0383882068452,0.0501767113095,0,1469737443953,0.0454799107143,7,8,494456,0.142624627976
0.022228422619,0.0321800595238,1,1469737443953,0.0306687127976,0,8,496946,0.0940987723214
0.0278087797619,0.0370396205357,1,1469737443953,0.0371326264881,1,8,498979,0.113141741071
0.0176013764881,0.0246930803571,1,1469737443953,0.0230654761905,2,8,501170,0.0656156994048
0.0262741815476,0.0372953869048,1,1469737443953,0.0406668526786,3,8,503163,0.122651599702
0.0233677455357,0.030505952381,0,1469737443954,0.0269949776786,0,8,580502,0.0831938244048
0.0365513392857,0.0556408110119,0,1469737443954,0.0508742559524,1,8,582540,0.147158668155
0.0218796502976,0.03125,0,1469737444062,0.0295061383929,2,8,584539,0.0939360119048
0.020275297619,0.02978515625,0,1469737444062,0.0246000744048,3,8,586526,0.0775902157738
0.0366443452381,0.0538271949405,0,1469737444062,0.0478980654762,4,8,588499,0.145740327381
0.0262044270833,0.0374348958333,0,1469737444062,0.0333891369048,5,8,590494,0.0980050223214
0.018810453869,0.0260649181548,0,1469737444062,0.0242047991071,6,8,592493,0.078357514881
0.0378766741071,0.0496419270833,0,1469737444062,0.04541015625,7,8,594506,0.141322544643
0.0225074404762,0.0325753348214,1,1469737444063,0.0314360119048,0,8,596955,0.0965634300595
0.0277855282738,0.0369931175595,1,1469737444063,0.037109375,1,8,598956,0.112978980655
0.0172526041667,0.0242280505952,1,1469737444063,0.022693452381,2,8,600947,0.0645228794643
0.026111421131,0.0369931175595,1,1469737444063,0.0404808407738,3,8,602926,0.122140066964
0.0235537574405,0.0305989583333,0,1469737444063,0.0269484747024,0,8,680543,0.0839611235119
0.0365978422619,0.0557105654762,0,1469737444063,0.0509207589286,1,8,682610,0.147274925595
0.0218563988095,0.0312267485119,0,1469737444063,0.0295061383929,2,8,684627,0.0938662574405
0.0202985491071,0.0298316592262,0,1469737444063,0.0246000744048,3,8,686630,0.0774739583333
0.037109375,0.0543619791667,0,1469737444063,0.0483863467262,4,8,688644,0.147763206845
0.0262974330357,0.0375511532738,0,1469737444063,0.0334821428571,5,8,690673,0.0983537946429
0.0185779389881,0.0260649181548,0,1469737444171,0.0245303199405,6,8,692681,0.0777297247024
0.0379696800595,0.0497581845238,0,1469737444171,0.0451311383929,7,8,694704,0.140159970238
0.0227864583333,0.0329008556548,1,1469737444171,0.0318312872024,0,8,697191,0.0987258184524
0.0277157738095,0.0369233630952,1,1469737444171,0.0370628720238,1,8,699232,0.11267671131
0.0168805803571,0.0237165178571,1,1469737444171,0.0221819196429,2,8,701246,0.0631277901786
0.0257161458333,0.0365745907738,1,1469737444171,0.0399693080357,3,8,703237,0.12060546875
0.0237862723214,0.0308547247024,0,1469737444172,0.0271577380952,0,8,780714,0.0850771949405
0.0366908482143,0.0558500744048,0,1469737444172,0.051037016369,1,8,782770,0.147600446429
0.0218796502976,0.03125,0,1469737444172,0.029529389881,2,8,784781,0.093982514881
0.0203450520833,0.030017671131,0,1469737444172,0.024669828869,3,8,786798,0.0777064732143
0.0372488839286,0.0545712425595,0,1469737444172,0.0485258556548,4,8,788806,0.1484375
0.0263206845238,0.03759765625,0,1469737444172,0.0335286458333,5,8,790834,0.0984700520833
0.0180896577381,0.0255301339286,0,1469737444172,0.0238327752976,6,8,792862,0.0747767857143
0.0382021949405,0.0500139508929,0,1469737444172,0.0453869047619,7,8,794902,0.141741071429
0.02294921875,0.033203125,1,1469737444172,0.0321568080357,0,8,797374,0.0997256324405
0.0276925223214,0.0369001116071,1,1469737444172,0.0370163690476,1,8,799400,0.112490699405
0.0166248139881,0.0233212425595,1,1469737444353,0.021740141369,2,8,801468,0.062244233631
0.0253208705357,0.0361560639881,1,1469737444353,0.0394810267857,3,8,803466,0.119001116071
0.02392578125,0.0309709821429,0,1469737444353,0.0272739955357,0,8,880898,0.0856352306548
0.0367140997024,0.055896577381,0,1469737444353,0.0510835193452,1,8,882953,0.147716703869
0.0219494047619,0.0312965029762,0,1469737444353,0.0295991443452,2,8,884971,0.0941685267857
0.0203915550595,0.0301106770833,0,1469737444353,0.0247163318452,3,8,886969,0.0777762276786
0.0372721354167,0.0546177455357,0,1469737444353,0.048572358631,4,8,888999,0.148600260417
0.0263206845238,0.0376209077381,0,1469737444353,0.0335286458333,5,8,891034,0.0985165550595
0.0184616815476,0.0256928943452,0,1469737444353,0.0242047991071,6,8,893056,0.076427641369
0.0384812127976,0.0503162202381,0,1469737444354,0.0455961681548,7,8,895079,0.142810639881
0.0230422247024,0.0334123883929,1,1469737444354,0.0323660714286,0,8,897604,0.100144159226
0.0276692708333,0.0369001116071,1,1469737444354,0.0370163690476,1,8,899646,0.112490699405
0.0165085565476,0.0231119791667,1,1469737444354,0.021484375,2,8,901643,0.0618954613095
0.0252278645833,0.0359933035714,1,1469737444354,0.039295014881,3,8,903641,0.118605840774
0.0239722842262,0.031017485119,0,1469737444354,0.0273204985119,0,8,981077,0.0857979910714
0.0367373511905,0.0559430803571,0,1469737444461,0.0511300223214,1,8,983127,0.147879464286
0.02197265625,0.0313662574405,0,1469737444461,0.0296456473214,2,8,985191,0.0943545386905
0.0203450520833,0.0301106770833,0,1469737444461,0.0247163318452,3,8,988536,0.0777297247024
0.0373186383929,0.0546177455357,0,1469737444461,0.0486188616071,4,8,990828,0.148716517857
0.0262974330357,0.0375744047619,0,1469737444461,0.0335053943452,5,8,992880,0.098377046131
0.0184151785714,0.0255533854167,0,1469737444461,0.0238560267857,6,8,994916,0.0755673363095
0.0382254464286,0.050060453869,0,1469737444461,0.04541015625,7,8,996943,0.141810825893
0.0230887276786,0.0335053943452,1,1469737444461,0.0323660714286,0,8,999422,0.100237165179
0.0276692708333,0.036876860119,1,1469737444461,0.0369931175595,1,9,1522,0.112444196429
0.0162992931548,0.0228097098214,1,1469737444461,0.0210193452381,2,9,3525,0.06103515625
0.0252511160714,0.0358072916667,1,1469737444461,0.0393647693452,3,9,5538,0.118861607143
0.0239490327381,0.031017485119,0,1469737444461,0.0273204985119,0,9,81260,0.085704985119
0.0366908482143,0.055919828869,0,1469737444462,0.0510835193452,1,9,83305,0.147786458333
0.02197265625,0.0313662574405,0,1469737444462,0.0296456473214,2,9,85337,0.0943777901786
0.0203450520833,0.0300641741071,0,1469737444462,0.0246930803571,3,9,87339,0.0777064732143
0.0372953869048,0.0545944940476,0,1469737444462,0.048572358631,4,9,89354,0.148646763393
0.0262974330357,0.0375744047619,0,1469737444568,0.0335053943452,5,9,91390,0.098377046131
0.0184849330357,0.0255533854167,0,1469737444568,0.0236002604167,6,9,93394,0.0752418154762
0.0382021949405,0.050060453869,0,1469737444568,0.0454566592262,7,9,95499,0.141857328869
0.0232747395833,0.0337611607143,1,1469737444568,0.0327380952381,0,9,98025,0.10144624256
0.0276692708333,0.036876860119,1,1469737444568,0.0369931175595,1,9,100062,0.112444196429
0.0162527901786,0.0227399553571,1,1469737444568,0.0208798363095,2,9,102073,0.06103515625
0.0252976190476,0.0355282738095,1,1469737444568,0.0392485119048,3,9,104211,0.118884858631
0.0239722842262,0.0310639880952,0,1469737444568,0.0273204985119,0,9,181432,0.0858444940476
0.0366675967262,0.0558733258929,0,1469737444568,0.0510602678571,1,9,183477,0.147600446429
0.0219261532738,0.0313197544643,0,1469737444568,0.0295991443452,2,9,185592,0.0941917782738
0.0203683035714,0.0300874255952,0,1469737444568,0.0246930803571,3,9,187611,0.077892485119
0.0372953869048,0.0546409970238,0,1469737444568,0.048595610119,4,9,189620,0.148623511905
0.0262741815476,0.0375511532738,0,1469737444568,0.033458891369,5,9,191633,0.0982607886905
0.018787202381,0.0258091517857,0,1469737444568,0.0242978050595,6,9,193657,0.0771251860119
0.0382021949405,0.050060453869,0,1469737444568,0.0454566592262,7,9,195696,0.141857328869
0.0232979910714,0.0337844122024,1,1469737444570,0.0329008556548,0,9,198183,0.101957775298
0.0276692708333,0.036876860119,1,1469737444677,0.0370163690476,1,9,200276,0.112467447917
0.0162527901786,0.0227399553571,1,1469737444677,0.0208798363095,2,9,202285,0.0609421502976
0.0253441220238,0.0354352678571,1,1469737444677,0.0393415178571,3,9,204336,0.11902436756
0.0239722842262,0.0310639880952,0,1469737444677,0.0273670014881,0,9,281640,0.0858909970238
0.0366675967262,0.0558733258929,0,1469737444677,0.0510602678571,1,9,283680,0.147600446429
0.0218796502976,0.0312732514881,0,1469737444677,0.029552641369,2,9,285688,0.0940290178571
0.0203683035714,0.0301106770833,0,1469737444677,0.024646577381,3,9,287691,0.0777529761905
0.0372953869048,0.0546409970238,0,1469737444677,0.048595610119,4,9,289708,0.148600260417
0.0262741815476,0.0375279017857,0,1469737444677,0.033458891369,5,9,291740,0.0982375372024
0.0185779389881,0.0257626488095,0,1469737444677,0.0247163318452,6,9,293749,0.0760556175595
0.0382254464286,0.0501302083333,0,1469737444677,0.045642671131,7,9,295784,0.141624813988
0.0231584821429,0.0335053943452,1,1469737444677,0.0326218377976,0,9,298314,0.101167224702
0.0276925223214,0.036876860119,1,1469737444677,0.0370163690476,1,9,300324,0.112467447917
0.0162760416667,0.0227632068452,1,1469737444677,0.0209030877976,2,9,302323,0.0610584077381
0.0253441220238,0.0354352678571,1,1469737444677,0.0393415178571,3,9,304401,0.11902436756
0.02392578125,0.031017485119,0,1469737444860,0.02734375,0,9,381807,0.0857747395833
0.03662109375,0.0557803199405,0,1469737444860,0.0509905133929,1,9,383854,0.147437686012
0.0218796502976,0.0312034970238,0,1469737444860,0.029529389881,2,9,386011,0.0938895089286
0.0203218005952,0.0301339285714,0,1469737444860,0.0246233258929,3,9,388014,0.0776599702381
0.0372488839286,0.0545712425595,0,1469737444860,0.048572358631,4,9,390033,0.148414248512
0.0262509300595,0.0375046502976,0,1469737444860,0.033435639881,5,9,392101,0.0982142857143
0.0183919270833,0.0257859002976,0,1469737444860,0.0246930803571,6,9,394241,0.0760091145833
0.0384114583333,0.0503162202381,0,1469737444860,0.0457821800595,7,9,396276,0.142229352679
0.0231119791667,0.0334123883929,1,1469737444860,0.0325288318452,0,9,398754,0.10095796131
0.0276925223214,0.036876860119,1,1469737444866,0.0370163690476,1,9,400785,0.112560453869
0.016369047619,0.0229027157738,1,1469737444867,0.0211123511905,2,9,402793,0.0615234375
0.0252976190476,0.0354352678571,1,1469737444867,0.0393415178571,3,9,404808,0.118908110119
0.0239025297619,0.030994233631,0,1469737444867,0.0273204985119,0,9,482035,0.085681733631
0.0365978422619,0.0557570684524,0,1469737444867,0.0509672619048,1,9,484166,0.147367931548
0.0218563988095,0.0311802455357,0,1469737444867,0.0295061383929,2,9,486185,0.0938197544643
0.0203450520833,0.0300874255952,0,1469737444867,0.0246000744048,3,9,488271,0.0776832217262
0.0372488839286,0.0545712425595,0,1469737444967,0.048572358631,4,9,490297,0.148390997024
0.0262509300595,0.0375046502976,0,1469737444967,0.033435639881,5,9,492323,0.0982375372024
0.0183686755952,0.0257626488095,0,1469737444967,0.0246233258929,6,9,494361,0.075916108631
0.0383882068452,0.05029296875,0,1469737444967,0.0457589285714,7,9,496433,0.142229352679
0.0230422247024,0.0333426339286,1,1469737444967,0.0323893229167,0,9,498934,0.1005859375
0.0276925223214,0.0369001116071,1,1469737444967,0.0370396205357,1,9,500957,0.112583705357
0.0166015625,0.0232514880952,1,1469737444967,0.0215541294643,2,9,502951,0.0623372395833
0.0252976190476,0.0356677827381,1,1469737444967,0.0393647693452,3,9,504974,0.118954613095
0.0238792782738,0.0309477306548,0,1469737444967,0.0273204985119,0,9,582415,0.0855887276786
0.0365978422619,0.0557570684524,0,1469737444967,0.0509672619048,1,9,584492,0.147321428571
0.0218563988095,0.0312267485119,0,1469737444967,0.0295061383929,2,9,586481,0.0938430059524
0.0203450520833,0.0300874255952,0,1469737444967,0.0246000744048,3,9,588458,0.0777064732143
0.0372488839286,0.0545712425595,0,1469737444967,0.0485491071429,4,9,590457,0.148367745536
0.0262509300595,0.0375279017857,0,1469737444967,0.033458891369,5,9,592493,0.0983072916667
0.0183686755952,0.0257393973214,0,1469737444967,0.0246000744048,6,9,594510,0.0757068452381
0.038341703869,0.0502232142857,0,1469737445073,0.0457356770833,7,9,596493,0.141810825893
0.0229724702381,0.0332961309524,1,1469737445073,0.0322730654762,0,9,598931,0.100190662202
0.0276925223214,0.0369233630952,1,1469737445073,0.0370628720238,1,9,600929,0.112653459821
0.0167410714286,0.0234840029762,1,1469737445073,0.0218796502976,2,9,602906,0.0628952752976
0.0253441220238,0.035877046131,1,1469737445073,0.0394345238095,3,9,604897,0.119140625
0.0238560267857,0.0309477306548,0,1469737445074,0.0272972470238,0,9,682595,0.0855654761905
0.0365978422619,0.0557570684524,0,1469737445074,0.0509672619048,1,9,684657,0.147321428571
0.0218563988095,0.0312034970238,0,1469737445074,0.0295061383929,2,9,686666,0.0938430059524
0.0203218005952,0.0299944196429,0,1469737445074,0.0245768229167,3,9,688690,0.0775669642857
0.0372023809524,0.0545247395833,0,1469737445074,0.0485258556548,4,9,690700,0.148228236607
0.0262741815476,0.0375279017857,0,1469737445074,0.0334821428571,5,9,692708,0.0983537946429
0.0182756696429,0.0256696428571,0,1469737445074,0.0244373139881,6,9,694748,0.075427827381
0.038318452381,0.0501999627976,0,1469737445074,0.0456891741071,7,9,696779,0.141671316964
0.0229957217262,0.0332961309524,1,1469737445074,0.0322498139881,0,9,699258,0.100074404762
0.0277157738095,0.0369233630952,1,1469737445074,0.0370628720238,1,9,701275,0.11267671131
0.0168108258929,0.0235770089286,1,1469737445253,0.0220191592262,2,9,703270,0.0631277901786
0.0253673735119,0.0359700520833,1,1469737445253,0.0394810267857,3,9,705280,0.11925688244
0.0238560267857,0.0309244791667,0,1469737445253,0.0272972470238,0,9,782787,0.0855189732143
0.0365978422619,0.0557570684524,0,1469737445253,0.0509672619048,1,9,784852,0.147367931548
0.0218563988095,0.0312267485119,0,1469737445253,0.0295061383929,2,9,786861,0.0938895089286
0.020252046131,0.0299014136905,0,1469737445253,0.0245303199405,3,9,788863,0.0773577008929
0.0371558779762,0.054454985119,0,1469737445253,0.0484793526786,4,9,790885,0.14806547619
0.0262509300595,0.0375046502976,0,1469737445253,0.033435639881,5,9,792920,0.0982840401786
0.0181129092262,0.0254603794643,0,1469737445253,0.0240187872024,6,9,794945,0.075451078869
0.0382719494048,0.0501767113095,0,1469737445253,0.0455961681548,7,9,796971,0.141764322917
0.0228329613095,0.0330636160714,1,1469737445253,0.031970796131,0,9,799448,0.0990513392857
0.0276925223214,0.0369233630952,1,1469737445253,0.0370396205357,1,9,801511,0.112653459821
0.0167875744048,0.0235537574405,1,1469737445253,0.0219261532738,2,9,803517,0.06298828125
0.025390625,0.0359700520833,1,1469737445254,0.0394810267857,3,9,805546,0.119303385417
0.0237630208333,0.0308314732143,0,1469737445254,0.0272274925595,0,9,882950,0.0851702008929
0.0365978422619,0.0557338169643,0,1469737445361,0.0509672619048,1,9,884995,0.147321428571
0.0218563988095,0.03125,0,1469737445361,0.029529389881,2,9,887003,0.0939360119048
0.0202055431548,0.0298316592262,0,1469737445361,0.0244605654762,3,9,889025,0.0770089285714
0.0369233630952,0.0541527157738,0,1469737445361,0.0482468377976,4,9,891053,0.147042410714
0.0262509300595,0.0375046502976,0,1469737445361,0.033458891369,5,9,893079,0.0982375372024
0.0182756696429,0.0254836309524,0,1469737445361,0.0237165178571,6,9,895117,0.076404389881
0.038318452381,0.0501767113095,0,1469737445361,0.0457356770833,7,9,897154,0.142857142857
0.0224144345238,0.0325520833333,1,1469737445361,0.0314127604167,0,9,899639,0.096447172619
0.0277157738095,0.0369233630952,1,1469737445361,0.0370628720238,1,9,901650,0.11267671131
0.0166480654762,0.0233212425595,1,1469737445362,0.0216238839286,2,9,903629,0.0625232514881
0.0252976190476,0.0357607886905,1,1469737445362,0.0393880208333,3,9,905678,0.118908110119
0.0235537574405,0.0306222098214,0,1469737445362,0.0270647321429,0,9,983131,0.0838681175595
0.0365745907738,0.0557105654762,0,1469737445362,0.0509440104167,1,9,985205,0.147274925595
0.0218563988095,0.0312267485119,0,1469737445362,0.029529389881,2,9,987209,0.0939127604167
0.0201822916667,0.0298316592262,0,1469737445362,0.0244373139881,3,9,989210,0.0768229166667
0.0362258184524,0.0533156622024,0,1469737445467,0.0473865327381,4,9,992136,0.142996651786
0.0262044270833,0.0374581473214,0,1469737445467,0.0334123883929,5,9,994312,0.0980515252976
0.0184849330357,0.025646391369,0,1469737445468,0.0238327752976,6,9,996351,0.0771484375
0.0382254464286,0.0501534598214,0,1469737445468,0.0455496651786,7,9,998366,0.142392113095
0.0222516741071,0.0322033110119,1,1469737445468,0.0308082217262,0,10,847,0.0945870535714
0.0276925223214,0.0369001116071,1,1469737445468,0.0370396205357,1,10,2865,0.112653459821
0.0167178199405,0.0233677455357,1,1469737445468,0.0216703869048,2,10,4886,0.062755766369
0.0252743675595,0.0357375372024,1,1469737445468,0.0393647693452,3,10,6890,0.118838355655
0.0236467633929,0.0308082217262,0,1469737445468,0.0275065104167,0,10,83311,0.084728422619
0.0365513392857,0.0556873139881,0,1469737445468,0.0509207589286,1,10,85360,0.147205171131
0.0218563988095,0.0312267485119,0,1469737445468,0.029529389881,2,10,87365,0.0938895089286
0.0201357886905,0.0298316592262,0,1469737445468,0.0244373139881,3,10,89388,0.0768229166667
0.0347377232143,0.0519205729167,0,1469737445468,0.045642671131,4,10,91418,0.135463169643
0.0261811755952,0.0374116443452,0,1469737445468,0.0333658854167,5,10,93442,0.0978190104167
0.0186476934524,0.0258091517857,0,1469737445468,0.0239490327381,6,10,95529,0.0776599702381
0.0385277157738,0.0503162202381,0,1469737445574,0.0455729166667,7,10,97641,0.143019903274
0.0222516741071,0.0322033110119,1,1469737445574,0.0308082217262,0,10,100121,0.0945870535714
0.0277390252976,0.0369466145833,1,1469737445574,0.0370628720238,1,10,102125,0.112839471726
0.0169968377976,0.023693266369,1,1469737445574,0.0218796502976,2,10,104263,0.0635230654762
0.0254371279762,0.0360165550595,1,1469737445574,0.0395740327381,3,10,106302,0.119489397321
0.0240885416667,0.0312965029762,0,1469737445574,0.0279482886905,0,10,183487,0.0862862723214
0.0365745907738,0.0556873139881,0,1469737445574,0.0508975074405,1,10,185594,0.147228422619
0.0218331473214,0.0312267485119,0,1469737445574,0.0294828869048,2,10,187604,0.0938197544643
0.02001953125,0.0298316592262,0,1469737445574,0.0243908110119,3,10,189617,0.0764508928571
0.0352492559524,0.0521298363095,0,1469737445574,0.046130952381,4,10,191627,0.142392113095
0.0261579241071,0.0374348958333,0,1469737445574,0.0333193824405,5,10,193691,0.0975864955357
0.0188569568452,0.026111421131,0,1469737445574,0.0241350446429,6,10,195730,0.07861328125
0.0386439732143,0.050525483631,0,1469737445574,0.0456891741071,7,10,197736,0.143461681548
0.0220889136905,0.0320172991071,1,1469737445574,0.0302036830357,0,10,200286,0.0933779761905
0.0277622767857,0.0369698660714,1,1469737445574,0.0370628720238,1,10,202301,0.112932477679
0.0171828497024,0.0240187872024,1,1469737445754,0.0222516741071,2,10,204310,0.064220610119
0.025646391369,0.0364118303571,1,1469737445754,0.0398995535714,3,10,206318,0.120372953869
0.0239722842262,0.030994233631,0,1469737445754,0.0275065104167,0,10,283655,0.0859375
0.0365745907738,0.0557338169643,0,1469737445754,0.0509207589286,1,10,285709,0.147298177083
0.0218098958333,0.0312034970238,0,1469737445754,0.0294828869048,2,10,287711,0.0937965029762
0.02001953125,0.0298084077381,0,1469737445754,0.0242280505952,3,10,289770,0.0755673363095
0.0352492559524,0.0521298363095,0,1469737445754,0.046130952381,4,10,291774,0.142392113095
0.0261811755952,0.0374813988095,0,1469737445754,0.0333658854167,5,10,293800,0.0976795014881
0.0189267113095,0.0261811755952,0,1469737445754,0.024181547619,6,10,295884,0.078869047619
0.0386439732143,0.0505022321429,0,1469737445754,0.045665922619,7,10,297920,0.143415178571
0.0220191592262,0.0322033110119,1,1469737445754,0.0307152157738,0,10,300378,0.093517485119
0.0277855282738,0.0369931175595,1,1469737445754,0.0370861235119,1,10,302383,0.112978980655
0.017345610119,0.0243443080357,1,1469737445754,0.022693452381,2,10,304479,0.0648949032738
0.0258324032738,0.0367606026786,1,1469737445755,0.0400855654762,3,10,306505,0.120954241071
0.0239955357143,0.0309244791667,0,1469737445755,0.0273670014881,0,10,383864,0.0859375
0.0366675967262,0.0558500744048,0,1469737445861,0.051013764881,1,10,386034,0.147530691964
0.0218563988095,0.03125,0,1469737445861,0.0295061383929,2,10,388050,0.0939360119048
0.0199497767857,0.0297619047619,0,1469737445861,0.0240652901786,3,10,390048,0.0751023065476
0.0367606026786,0.0533156622024,0,1469737445861,0.0478050595238,4,10,392066,0.146926153274
0.0262741815476,0.0375744047619,0,1469737445861,0.033435639881,5,10,394249,0.0980515252976
0.0189267113095,0.0262044270833,0,1469737445861,0.024158296131,6,10,396277,0.078869047619
0.0386207217262,0.0504789806548,0,1469737445861,0.045642671131,7,10,398288,0.143322172619
0.0224376860119,0.0327380952381,1,1469737445861,0.0316685267857,0,10,400763,0.0975632440476
0.0277622767857,0.0370163690476,1,1469737445861,0.037109375,1,10,402780,0.113002232143
0.0174618675595,0.0245303199405,1,1469737445861,0.0229724702381,2,10,404786,0.0653366815476
0.0259254092262,0.0369466145833,1,1469737445861,0.0400855654762,3,10,406810,0.121047247024
0.0239955357143,0.0308779761905,0,1469737445861,0.0273204985119,0,10,484118,0.0858212425595
0.0366443452381,0.0558035714286,0,1469737445861,0.0509905133929,1,10,486162,0.147437686012
0.0218563988095,0.03125,0,1469737445861,0.029529389881,2,10,488218,0.0939360119048
0.0199962797619,0.0297154017857,0,1469737445861,0.0241117931548,3,10,490277,0.0753813244048
0.0369931175595,0.0538736979167,0,1469737445968,0.0481538318452,4,10,492290,0.147553943452
0.0262276785714,0.0375511532738,0,1469737445968,0.0334123883929,5,10,494317,0.0979352678571
0.0188802083333,0.0261579241071,0,1469737445968,0.0241350446429,6,10,496413,0.0787527901786
0.0386207217262,0.0504557291667,0,1469737445968,0.045642671131,7,10,498444,0.143275669643
0.0224376860119,0.03271484375,1,1469737445968,0.0316452752976,0,10,500904,0.0975864955357
0.0277855282738,0.0370163690476,1,1469737445968,0.037109375,1,10,502902,0.113048735119
0.0175083705357,0.0245768229167,1,1469737445968,0.0230422247024,2,10,504920,0.0654529389881
0.0259719122024,0.0370396205357,1,1469737445968,0.0401785714286,3,10,506908,0.121233258929
0.0238792782738,0.03076171875,0,1469737445968,0.0273204985119,0,10,584350,0.0855887276786
0.03662109375,0.0557803199405,0,1469737445968,0.0509672619048,1,10,586359,0.14734468006
0.0218331473214,0.0311802455357,0,1469737445968,0.0295061383929,2,10,588338,0.0938197544643
0.0198335193452,0.0293898809524,0,1469737445968,0.02392578125,3,10,590315,0.0747302827381
0.0367373511905,0.0531761532738,0,1469737445968,0.0476422991071,4,10,592386,0.146716889881
0.0262044270833,0.0375046502976,0,1469737445969,0.0333658854167,5,10,594411,0.0977957589286
0.0188802083333,0.0261579241071,0,1469737445969,0.0241350446429,6,10,596419,0.0787527901786
0.0385974702381,0.0504557291667,0,1469737446075,0.0456194196429,7,10,598406,0.143275669643
0.022205171131,0.0325520833333,1,1469737446075,0.0314360119048,0,10,600837,0.0956333705357
0.0277855282738,0.0370163690476,1,1469737446075,0.037109375,1,10,602832,0.113048735119
0.0174386160714,0.0245070684524,1,1469737446075,0.0229724702381,2,10,604832,0.0652436755952
0.0259254092262,0.0369931175595,1,1469737446075,0.0401088169643,3,10,606826,0.121047247024
0.0239025297619,0.0308779761905,0,1469737446075,0.0274135044643,0,10,684404,0.085704985119
0.0365978422619,0.0557338169643,0,1469737446075,0.0509207589286,1,10,686448,0.147274925595
0.0218098958333,0.0311569940476,0,1469737446075,0.0294828869048,2,10,688529,0.09375
0.0198335193452,0.0293666294643,0,1469737446075,0.0239955357143,3,10,690545,0.0749860491071
0.0364350818452,0.0528273809524,0,1469737446075,0.0468982514881,4,10,692567,0.145949590774
0.0262044270833,0.0374813988095,0,1469737446075,0.0333891369048,5,10,694606,0.0978190104167
0.0189034598214,0.0261579241071,0,1469737446075,0.024158296131,6,10,696643,0.0787760416667
0.0385974702381,0.0504557291667,0,1469737446075,0.0456194196429,7,10,698657,0.143205915179
0.0221121651786,0.0323428199405,1,1469737446075,0.0310639880952,0,10,701116,0.0944475446429
0.0277855282738,0.0369931175595,1,1469737446075,0.0370861235119,1,10,703114,0.112978980655
