blue,green,groupId,received,red,sensorId,time1,time2,white
0.0307849702381,0.0432942708333,1,1470074424876,0.0435732886905,3,34,66487,0.128115699405
0.0392252604167,0.0492466517857,0,1470074424924,0.04541015625,0,34,143182,0.140159970238
0.0482933407738,0.0709867931548,0,1470074424924,0.0625,1,34,145668,0.189499627976
0.0388997395833,0.053966703869,0,1470074424924,0.0497349330357,2,34,147728,0.15564546131
0.0349469866071,0.0487816220238,0,1470074424924,0.0411318824405,3,34,149740,0.133835565476
0.0464332217262,0.0656156994048,0,1470074424924,0.0563151041667,4,34,151737,0.175757998512
0.0586170014881,0.0805199032738,0,1470074424924,0.0701729910714,5,34,153752,0.216215587798
0.0362490699405,0.05126953125,0,1470074424925,0.0431780133929,6,34,155797,0.12902250744
0.0536411830357,0.0688941592262,0,1470074424925,0.0606863839286,7,34,157818,0.193219866071
0.0373186383929,0.0535481770833,1,1470074424925,0.0452938988095,0,34,160288,0.142229352679
0.0383882068452,0.050060453869,1,1470074424925,0.0478980654762,1,34,162298,0.148623511905
0.0461774553571,0.0597098214286,1,1470074424925,0.0601981026786,2,34,164390,0.190080915179
0.03076171875,0.0432477678571,1,1470074424974,0.0435267857143,3,34,166377,0.127976190476
0.0392252604167,0.0492699032738,0,1470074425026,0.0454566592262,0,34,243363,0.140299479167
0.0482933407738,0.0709867931548,0,1470074425026,0.0625,1,34,245803,0.189522879464
0.0389462425595,0.0539899553571,0,1470074425026,0.0497349330357,2,34,247845,0.155691964286
0.0349469866071,0.0487816220238,0,1470074425026,0.0411318824405,3,34,249845,0.133858816964
0.0464332217262,0.0656156994048,0,1470074425026,0.0563151041667,4,34,251886,0.175804501488
0.0586635044643,0.0805896577381,0,1470074425026,0.0702427455357,5,34,253925,0.216355096726
0.0362490699405,0.0512462797619,0,1470074425026,0.0431547619048,6,34,256016,0.128882998512
0.0536411830357,0.0688941592262,0,1470074425026,0.0606863839286,7,34,258006,0.193219866071
0.037341889881,0.0535946800595,1,1470074425026,0.0452938988095,0,34,260462,0.142252604167
0.0383882068452,0.050060453869,1,1470074425027,0.0478980654762,1,34,262454,0.148600260417
0.0462472098214,0.0597795758929,1,1470074425027,0.060314360119,2,34,264454,0.190522693452
0.0307384672619,0.0432477678571,1,1470074425027,0.0434337797619,3,34,266462,0.127790178571
0.0392485119048,0.04931640625,0,1470074425099,0.0455729166667,0,34,343560,0.140485491071
0.0482933407738,0.0710100446429,0,1470074425151,0.0625232514881,1,34,345608,0.189592633929
0.0389462425595,0.0539899553571,0,1470074425152,0.0497581845238,2,34,347678,0.155715215774
0.0349702380952,0.0487816220238,0,1470074425152,0.0411318824405,3,34,349705,0.133835565476
0.0464332217262,0.0656156994048,0,1470074425152,0.0563151041667,4,34,351732,0.175757998512
0.0586867559524,0.08056640625,0,1470074425152,0.0701962425595,5,34,353759,0.21630859375
0.0362490699405,0.0512462797619,0,1470074425152,0.0431547619048,6,34,355816,0.128882998512
0.0536411830357,0.0689174107143,0,1470074425152,0.0606863839286,7,34,357850,0.193219866071
0.037365141369,0.0536411830357,1,1470074425152,0.0452706473214,0,34,360311,0.14220610119
0.0384114583333,0.0500837053571,1,1470074425152,0.0479213169643,1,34,362318,0.148670014881
0.0464099702381,0.0599190848214,1,1470074425152,0.0605003720238,2,34,364410,0.191196986607
0.0306919642857,0.0431780133929,1,1470074425153,0.0432942708333,3,34,366398,0.12744140625
0.039295014881,0.0493629092262,0,1470074425203,0.045642671131,0,34,443766,0.140625
0.0482933407738,0.0710100446429,0,1470074425203,0.0625232514881,1,34,445910,0.189615885417
0.0389462425595,0.0539899553571,0,1470074425255,0.0497581845238,2,34,447907,0.155715215774
0.0349702380952,0.0487816220238,0,1470074425255,0.0411318824405,3,34,449906,0.1337890625
0.0464797247024,0.0656389508929,0,1470074425255,0.0563383556548,4,34,451937,0.175874255952
0.0586635044643,0.08056640625,0,1470074425255,0.0702194940476,5,34,454028,0.216355096726
0.0362723214286,0.05126953125,0,1470074425255,0.0431780133929,6,34,456072,0.128836495536
0.0536411830357,0.0689406622024,0,1470074425255,0.0607328869048,7,34,458085,0.193312872024
0.037365141369,0.0536411830357,1,1470074425255,0.0452706473214,0,34,460562,0.14220610119
0.0383882068452,0.050060453869,1,1470074425255,0.0478980654762,1,34,462580,0.148623511905
0.0465727306548,0.06005859375,1,1470074425255,0.0606631324405,2,34,464579,0.191801525298
0.0305757068452,0.0430617559524,1,1470074425255,0.0430850074405,3,34,466579,0.126906622024
0.039318266369,0.0494094122024,0,1470074425307,0.0457356770833,0,34,543922,0.140787760417
0.0483165922619,0.0710100446429,0,1470074425307,0.0625232514881,1,34,546044,0.189639136905
0.0389462425595,0.0539899553571,0,1470074425307,0.0497581845238,2,34,548041,0.155738467262
0.0349702380952,0.0487583705357,0,1470074425358,0.0411086309524,3,34,550030,0.133742559524
0.0464332217262,0.0655924479167,0,1470074425358,0.0562918526786,4,34,552014,0.175757998512
0.0586867559524,0.08056640625,0,1470074425358,0.0702194940476,5,34,554151,0.216448102679
0.0362490699405,0.0512462797619,0,1470074425358,0.0431315104167,6,34,556185,0.128650483631
0.0536411830357,0.0689406622024,0,1470074425358,0.0607096354167,7,34,558173,0.193289620536
0.0373883928571,0.0536644345238,1,1470074425358,0.0452473958333,0,34,560604,0.142136346726
0.0384114583333,0.0500837053571,1,1470074425358,0.0478980654762,1,34,562588,0.148670014881
0.0467122395833,0.0601515997024,1,1470074425358,0.060779389881,2,34,564589,0.192220052083
0.030529203869,0.0429920014881,1,1470074425358,0.0429920014881,3,34,566573,0.12658110119
0.0393415178571,0.0495024181548,0,1470074425409,0.0458519345238,0,34,644202,0.141043526786
0.0483165922619,0.071033296131,0,1470074425409,0.0625232514881,1,34,646249,0.189639136905
0.0389694940476,0.0540132068452,0,1470074425410,0.0497814360119,2,34,648252,0.155784970238
0.0349702380952,0.0487583705357,0,1470074425410,0.0410853794643,3,34,650268,0.133719308036
0.0464564732143,0.0656156994048,0,1470074425467,0.0563151041667,4,34,652349,0.175851004464
0.0587565104167,0.0806594122024,0,1470074425467,0.0703125,5,34,654396,0.216634114583
0.0362955729167,0.0513160342262,0,1470074425467,0.0431780133929,6,34,656415,0.128650483631
0.0537109375,0.0689871651786,0,1470074425467,0.0607561383929,7,34,658424,0.193429129464
0.0374116443452,0.0537341889881,1,1470074425467,0.0452473958333,0,34,660930,0.142136346726
0.0384347098214,0.0501069568452,1,1470074425467,0.0479445684524,1,34,662920,0.148763020833
0.0468517485119,0.060291108631,1,1470074425467,0.0609188988095,2,34,664919,0.192731584821
0.030505952381,0.0429454985119,1,1470074425467,0.0428989955357,3,34,666993,0.126325334821
0.0393880208333,0.049548921131,0,1470074425519,0.0459449404762,0,34,744388,0.14122953869
0.0483630952381,0.0710797991071,0,1470074425519,0.0625465029762,1,34,746435,0.189755394345
0.0389927455357,0.0540364583333,0,1470074425519,0.0498046875,2,34,748496,0.155831473214
0.0349702380952,0.0487583705357,0,1470074425519,0.0410853794643,3,34,750512,0.133696056548
0.0464797247024,0.0656389508929,0,1470074425519,0.0563383556548,4,34,752528,0.175920758929
0.0587332589286,0.0806129092262,0,1470074425519,0.0702659970238,5,34,754574,0.216564360119
0.0362955729167,0.0513160342262,0,1470074425519,0.0431780133929,6,34,756586,0.128557477679
0.0537109375,0.0690104166667,0,1470074425519,0.060779389881,7,34,758576,0.193429129464
0.0374348958333,0.0537806919643,1,1470074425519,0.0452706473214,0,34,761007,0.142113095238
0.0384347098214,0.0501069568452,1,1470074425569,0.0479213169643,1,34,763058,0.148716517857
0.0468517485119,0.060291108631,1,1470074425569,0.0609188988095,2,34,765077,0.192731584821
0.0304361979167,0.0428757440476,1,1470074425569,0.0427594866071,3,34,767102,0.125906808036
0.0394112723214,0.0496186755952,0,1470074425620,0.0460379464286,0,34,844569,0.141369047619
0.04833984375,0.071056547619,0,1470074425620,0.0625465029762,1,34,846617,0.189755394345
0.0389694940476,0.0540364583333,0,1470074425620,0.0497814360119,2,34,848609,0.155831473214
0.0349934895833,0.0487351190476,0,1470074425620,0.0410621279762,3,34,850627,0.13367280506
0.0464564732143,0.0655924479167,0,1470074425620,0.0562918526786,4,34,852655,0.175827752976
0.0587565104167,0.0806361607143,0,1470074425620,0.0702892485119,5,34,854753,0.216634114583
0.0363188244048,0.0512927827381,0,1470074425620,0.0431547619048,6,34,856780,0.128394717262
0.0537109375,0.0689871651786,0,1470074425620,0.0607561383929,7,34,858789,0.193382626488
0.0374813988095,0.0538504464286,1,1470074425620,0.0452706473214,0,34,861351,0.142136346726
0.0384347098214,0.0500837053571,1,1470074425671,0.0479213169643,1,34,863361,0.148739769345
0.0470145089286,0.0604306175595,1,1470074425671,0.0610816592262,2,34,865439,0.193312872024
0.0304361979167,0.0428757440476,1,1470074425671,0.0427594866071,3,34,867465,0.125906808036
0.0394345238095,0.0496419270833,0,1470074425721,0.046130952381,0,34,944753,0.14148530506
0.0483863467262,0.0711030505952,0,1470074425721,0.0625697544643,1,34,946799,0.189848400298
0.0389927455357,0.0540597098214,0,1470074425721,0.0498046875,2,34,948889,0.15587797619
0.0349934895833,0.0487351190476,0,1470074425721,0.0410621279762,3,34,950908,0.133626302083
0.0464564732143,0.0655924479167,0,1470074425721,0.0563151041667,4,34,952929,0.175851004464
0.0587797619048,0.0806826636905,0,1470074425721,0.0703125,5,34,955052,0.216703869048
0.0362955729167,0.05126953125,0,1470074425721,0.0431315104167,6,34,957089,0.128231956845
0.0537109375,0.0689639136905,0,1470074425721,0.0607561383929,7,34,959101,0.193382626488
0.0374813988095,0.0538969494048,1,1470074425721,0.0452473958333,0,34,961579,0.14208984375
0.0384347098214,0.0501069568452,1,1470074425721,0.0479213169643,1,34,963598,0.148716517857
0.0472005208333,0.060546875,1,1470074425773,0.0612444196429,2,34,965618,0.193940662202
0.0303896949405,0.0428292410714,1,1470074425773,0.0426199776786,3,34,967624,0.12548828125
0.0394345238095,0.0496884300595,0,1470074425825,0.0461774553571,0,35,45010,0.1416015625
0.0483863467262,0.0711030505952,0,1470074425825,0.0625697544643,1,35,47053,0.189871651786
0.0389927455357,0.0540364583333,0,1470074425825,0.0498046875,2,35,49061,0.15587797619
0.0349934895833,0.0487351190476,0,1470074425825,0.0410388764881,3,35,51158,0.133626302083
0.0464564732143,0.0656156994048,0,1470074425825,0.0562918526786,4,35,53194,0.175874255952
0.0587797619048,0.0806594122024,0,1470074425825,0.0702659970238,5,35,55245,0.216634114583
0.0362723214286,0.0512230282738,0,1470074425825,0.0431082589286,6,35,57269,0.12804594494
0.0536876860119,0.0689639136905,0,1470074425825,0.0607328869048,7,35,59324,0.193312872024
0.0375046502976,0.053943452381,1,1470074425825,0.0452473958333,0,35,61807,0.142113095238
0.0384347098214,0.0501069568452,1,1470074425825,0.0479213169643,1,35,63814,0.148716517857
0.0473400297619,0.0606631324405,1,1470074425825,0.0613839285714,2,35,65903,0.194521949405
0.0303199404762,0.0427827380952,1,1470074425875,0.0424572172619,3,35,67929,0.124976748512
0.0394577752976,0.0497349330357,0,1470074425939,0.0462472098214,0,35,145068,0.14171781994
0.0483863467262,0.0711030505952,0,1470074425939,0.0625697544643,1,35,147606,0.189871651786
0.0389927455357,0.0540364583333,0,1470074425939,0.0498046875,2,35,149636,0.15587797619
0.0349934895833,0.0487351190476,0,1470074425939,0.0410388764881,3,35,151662,0.133603050595
0.0464564732143,0.0655924479167,0,1470074425939,0.0562686011905,4,35,153679,0.175804501488
0.0587797619048,0.0806594122024,0,1470074425939,0.0702892485119,5,35,155732,0.21668061756
0.0363188244048,0.0512230282738,0,1470074425939,0.0430850074405,6,35,157752,0.127952938988
0.0536876860119,0.0689639136905,0,1470074425939,0.0607561383929,7,35,159767,0.193312872024
0.0375279017857,0.0539899553571,1,1470074425939,0.0452473958333,0,35,162233,0.142113095238
0.0384579613095,0.0501069568452,1,1470074425939,0.0479213169643,1,35,164324,0.148716517857
0.0475027901786,0.0608258928571,1,1470074425939,0.0615931919643,2,35,166339,0.19519624256
0.0302966889881,0.0427827380952,1,1470074425939,0.0423409598214,3,35,168355,0.12462797619
0.0394810267857,0.0497581845238,0,1470074426001,0.0463634672619,0,35,245273,0.141834077381
0.0484095982143,0.0711263020833,0,1470074426052,0.0625930059524,1,35,247314,0.18994140625
0.0390159970238,0.0540597098214,0,1470074426052,0.0498279389881,2,35,249326,0.155947730655
0.0350399925595,0.0487583705357,0,1470074426052,0.0410388764881,3,35,251377,0.133696056548
0.0464564732143,0.065662202381,0,1470074426052,0.056384858631,4,35,253412,0.175920758929
0.0588030133929,0.0807059151786,0,1470074426052,0.0703357514881,5,35,255500,0.216866629464
0.0364815848214,0.0513625372024,0,1470074426052,0.043201264881,6,35,257482,0.12830171131
0.0536644345238,0.0689639136905,0,1470074426052,0.0607328869048,7,35,259502,0.19324311756
0.0375744047619,0.0540364583333,1,1470074426052,0.0451078869048,0,35,261953,0.14197358631
0.0384347098214,0.0500837053571,1,1470074426052,0.0479213169643,1,35,263935,0.148716517857
0.0477353050595,0.0609421502976,1,1470074426052,0.0618024553571,2,35,266025,0.195963541667
0.0303896949405,0.0428989955357,1,1470074426052,0.0423409598214,3,35,268047,0.12451171875
0.03955078125,0.0499441964286,0,1470074426103,0.0467587425595,0,35,345508,0.142601376488
0.0483630952381,0.071056547619,0,1470074426154,0.0625232514881,1,35,347560,0.189732142857
0.0390392485119,0.0540829613095,0,1470074426154,0.0498511904762,2,35,349575,0.156017485119
0.0351329985119,0.0488048735119,0,1470074426154,0.0411086309524,3,35,351602,0.134091331845
0.0468052455357,0.0659644717262,0,1470074426154,0.0566871279762,4,35,353625,0.176711309524
0.0588030133929,0.0807059151786,0,1470074426154,0.0703357514881,5,35,355692,0.216866629464
0.0365978422619,0.0513160342262,0,1470074426154,0.0432942708333,6,35,357716,0.129650297619
0.0535946800595,0.06884765625,0,1470074426154,0.0607096354167,7,35,359741,0.193010602679
0.0375046502976,0.053966703869,1,1470074426154,0.0449451264881,0,35,362215,0.141857328869
0.0384347098214,0.050060453869,1,1470074426154,0.0478980654762,1,35,364340,0.148600260417
0.0479678199405,0.0611281622024,1,1470074426154,0.06201171875,2,35,366388,0.196730840774
0.0304827008929,0.0430385044643,1,1470074426154,0.042247953869,3,35,368398,0.124255952381
0.0390392485119,0.0497814360119,0,1470074426206,0.0464099702381,0,35,445648,0.141415550595
0.04833984375,0.0710100446429,0,1470074426206,0.0624767485119,1,35,447702,0.18956938244
0.0389927455357,0.0540364583333,0,1470074426257,0.0498046875,2,35,449707,0.155854724702
0.0352725074405,0.0489443824405,0,1470074426257,0.041248139881,3,35,451738,0.134858630952
0.0469912574405,0.0661272321429,0,1470074426257,0.0568498883929,4,35,453763,0.177385602679
0.0588030133929,0.0806129092262,0,1470074426257,0.0702892485119,5,35,455809,0.216796875
0.0359933035714,0.0503859747024,0,1470074426257,0.0432942708333,6,35,457838,0.132021949405
0.0535946800595,0.0688941592262,0,1470074426257,0.0608258928571,7,35,459871,0.193126860119
0.0378999255952,0.054454985119,1,1470074426257,0.0455264136905,0,35,462342,0.144507998512
0.0384347098214,0.0500837053571,1,1470074426257,0.0478980654762,1,35,464364,0.148693266369
0.0477818080357,0.0606631324405,1,1470074426257,0.0618722098214,2,35,466361,0.196149553571
0.0306687127976,0.0433407738095,1,1470074426257,0.0422944568452,3,35,468417,0.124069940476
0.0388997395833,0.0492001488095,0,1470074426308,0.0450613839286,0,35,545808,0.139090401786
0.0483165922619,0.0709635416667,0,1470074426308,0.0624534970238,1,35,547837,0.189522879464
0.0389229910714,0.0539202008929,0,1470074426308,0.0497349330357,2,35,549818,0.155529203869
0.0354352678571,0.049083891369,0,1470074426365,0.0413876488095,3,35,551796,0.135532924107
0.0470377604167,0.0662202380952,0,1470074426365,0.0569196428571,4,35,553789,0.177711123512
0.0588030133929,0.0806594122024,0,1470074426366,0.0702892485119,5,35,555965,0.216889880952
0.0340866815476,0.048595610119,0,1470074426366,0.0428524925595,6,35,557979,0.128766741071
0.0535714285714,0.06884765625,0,1470074426366,0.0609188988095,7,35,559968,0.193382626488
0.0384579613095,0.0548967633929,1,1470074426366,0.0458751860119,0,35,562389,0.146833147321
0.0384347098214,0.050060453869,1,1470074426366,0.0478748139881,1,35,564446,0.148600260417
0.0475027901786,0.0604306175595,1,1470074426366,0.0614304315476,2,35,566432,0.19494047619
0.0308547247024,0.0436430431548,1,1470074426366,0.04248046875,3,35,568408,0.123744419643
0.0392717633929,0.0494559151786,0,1470074426411,0.0452706473214,0,35,646052,0.140811011905
0.04833984375,0.0709867931548,0,1470074426411,0.0624767485119,1,35,648089,0.189615885417
0.0389229910714,0.053943452381,0,1470074426411,0.0497116815476,2,35,650093,0.155529203869
0.0355515252976,0.0492234002976,0,1470074426411,0.0415504092262,3,35,652125,0.136183965774
0.0470145089286,0.0662202380952,0,1470074426411,0.056896391369,4,35,654228,0.177525111607
0.0588727678571,0.0807756696429,0,1470074426462,0.0703822544643,5,35,656266,0.217145647321
0.0321568080357,0.0468284970238,0,1470074426462,0.0411783854167,6,35,658281,0.120814732143
0.0530831473214,0.0684291294643,0,1470074426462,0.0605236235119,7,35,660320,0.190383184524
0.0386672247024,0.0550130208333,1,1470074426462,0.0459681919643,0,35,662770,0.147856212798
0.0383882068452,0.050037202381,1,1470074426462,0.0478748139881,1,35,664782,0.148460751488
0.0462937127976,0.05908203125,1,1470074426462,0.0601515997024,2,35,666784,0.191266741071
0.0311104910714,0.0441080729167,1,1470074426462,0.0428292410714,3,35,668861,0.123883928571
0.0400855654762,0.0504557291667,0,1470074426512,0.0472237723214,0,35,746210,0.145693824405
0.0482933407738,0.0709635416667,0,1470074426512,0.0624767485119,1,35,748246,0.189522879464
0.0389462425595,0.0539899553571,0,1470074426512,0.0497581845238,2,35,750270,0.155668712798
0.0355747767857,0.0492001488095,0,1470074426512,0.0415969122024,3,35,752262,0.136462983631
0.0469912574405,0.0662434895833,0,1470074426512,0.056873139881,4,35,754357,0.17736235119
0.0589425223214,0.080822172619,0,1470074426562,0.0704520089286,5,35,756422,0.217308407738
0.0312267485119,0.0464332217262,0,1470074426562,0.03955078125,6,35,758421,0.113234747024
0.0530831473214,0.0684291294643,0,1470074426562,0.0605236235119,7,35,760410,0.190383184524
0.0387602306548,0.0550827752976,1,1470074426562,0.0460379464286,0,35,762812,0.148344494048
0.0383649553571,0.050037202381,1,1470074426562,0.0478748139881,1,35,764872,0.148414248512
0.0449683779762,0.0575706845238,1,1470074426562,0.0588727678571,2,35,766894,0.186988467262
0.0313430059524,0.0445498511905,1,1470074426562,0.0431780133929,3,35,768900,0.124418712798
0.0399925595238,0.0501999627976,0,1470074426613,0.0467819940476,0,35,846394,0.145856584821
0.0482933407738,0.0709402901786,0,1470074426613,0.0625,1,35,848435,0.189522879464
0.0389694940476,0.0539899553571,0,1470074426613,0.0497581845238,2,35,850448,0.155691964286
0.0354585193452,0.0490373883929,0,1470074426613,0.0413876488095,3,35,852550,0.13623046875
0.0469912574405,0.0662434895833,0,1470074426613,0.056873139881,4,35,854582,0.17736235119
0.0588960193452,0.0807756696429,0,1470074426664,0.0704055059524,5,35,856616,0.217192150298
0.0329008556548,0.0480608258929,0,1470074426664,0.0406203497024,6,35,858636,0.120163690476
0.0528041294643,0.0682663690476,0,1470074426664,0.060546875,7,35,860687,0.188685825893
0.0385277157738,0.0548502604167,1,1470074426664,0.0458984375,0,35,863154,0.14757719494
0.0384579613095,0.0501302083333,1,1470074426664,0.0479910714286,1,35,865180,0.14880952381
0.0445963541667,0.0571521577381,1,1470074426664,0.0585704985119,2,35,867258,0.186128162202
0.0314360119048,0.0448056175595,1,1470074426664,0.0433872767857,3,35,869286,0.124581473214
0.0398297991071,0.050060453869,0,1470074426716,0.046642485119,0,35,946615,0.145368303571
0.0482933407738,0.0709635416667,0,1470074426716,0.0625,1,35,948671,0.189453125
0.0388997395833,0.053943452381,0,1470074426716,0.0497116815476,2,35,950689,0.155529203869
0.035388764881,0.048595610119,0,1470074426716,0.0408993675595,3,35,952704,0.135811941964
0.0469215029762,0.0662202380952,0,1470074426716,0.0568498883929,4,35,954751,0.17712983631
0.0588727678571,0.0807059151786,0,1470074426716,0.0703357514881,5,35,956795,0.216982886905
0.0325985863095,0.0477585565476,0,1470074426767,0.0411551339286,6,35,958823,0.12072172619
0.0531063988095,0.0687081473214,0,1470074426767,0.0611049107143,7,35,960843,0.190731956845
0.0382719494048,0.0545479910714,1,1470074426767,0.0456891741071,0,35,963381,0.146670386905
0.0385044642857,0.0501534598214,1,1470074426767,0.0480143229167,1,35,965467,0.14892578125
0.0449916294643,0.0575706845238,1,1470074426767,0.05908203125,2,35,967497,0.18761625744
0.0314360119048,0.0448753720238,1,1470074426767,0.0432477678571,3,35,969515,0.124279203869
0.0399228050595,0.0501767113095,0,1470074426818,0.0468982514881,0,36,46804,0.14587983631
0.0482933407738,0.0709635416667,0,1470074426818,0.0625232514881,1,36,48838,0.189499627976
0.0388997395833,0.053943452381,0,1470074426818,0.0497116815476,2,36,50844,0.155575706845
0.0355282738095,0.0488746279762,0,1470074426818,0.041248139881,3,36,52931,0.136207217262
0.0469447544643,0.0661969866071,0,1470074426818,0.0568266369048,4,36,54972,0.177153087798
0.0588960193452,0.0807524181548,0,1470074426818,0.0703822544643,5,36,57013,0.217099144345
0.0329938616071,0.0480375744048,0,1470074426818,0.041736421131,6,36,59070,0.122163318452
0.0532691592262,0.0689406622024,0,1470074426869,0.0613606770833,7,36,61119,0.191452752976
0.038341703869,0.0545712425595,1,1470074426869,0.0457589285714,0,36,63575,0.146995907738
0.0385509672619,0.0501999627976,1,1470074426869,0.0480608258929,1,36,65581,0.149135044643
0.0460146949405,0.058849516369,1,1470074426869,0.0602678571429,2,36,67604,0.191010974702
0.0312965029762,0.044666108631,1,1470074426869,0.0428989955357,3,36,69628,0.123442150298
0.0398763020833,0.050060453869,0,1470074426920,0.046642485119,0,36,147054,0.145484561012
0.0482933407738,0.0709635416667,0,1470074426920,0.0625232514881,1,36,149129,0.189522879464
0.0389229910714,0.053966703869,0,1470074426920,0.0497349330357,2,36,151141,0.155622209821
0.0354817708333,0.0488513764881,0,1470074426920,0.0412248883929,3,36,153156,0.135997953869
0.0469447544643,0.0661969866071,0,1470074426920,0.0568498883929,4,36,155267,0.17712983631
0.0589425223214,0.0807756696429,0,1470074426920,0.0703822544643,5,36,157331,0.217215401786
0.032970610119,0.0479213169643,0,1470074426920,0.0416899181548,6,36,159357,0.122140066964
0.0531761532738,0.06884765625,0,1470074426920,0.061290922619,7,36,161368,0.190894717262
0.038341703869,0.0546177455357,1,1470074426972,0.0457356770833,0,36,163839,0.146809895833
0.0385509672619,0.0502232142857,1,1470074426972,0.0480608258929,1,36,165942,0.149228050595
0.0465029761905,0.0596168154762,1,1470074426972,0.0608956473214,2,36,167959,0.192545572917
0.0311104910714,0.04443359375,1,1470074426972,0.0426199776786,3,36,169980,0.12255859375
0.0399693080357,0.0502697172619,0,1470074427024,0.0470842633929,0,36,247194,0.146042596726
0.0483165922619,0.0709867931548,0,1470074427024,0.0625465029762,1,36,249228,0.189546130952
0.0389229910714,0.053943452381,0,1470074427024,0.0497116815476,2,36,251320,0.155575706845
0.0355282738095,0.0488978794643,0,1470074427024,0.0412016369048,3,36,253333,0.135974702381
0.0469680059524,0.0662202380952,0,1470074427024,0.0568498883929,4,36,255364,0.177222842262
0.0589425223214,0.0807756696429,0,1470074427024,0.0703822544643,5,36,257373,0.21716889881
0.0330171130952,0.0480608258929,0,1470074427024,0.0418294270833,6,36,259428,0.122419084821
0.0532459077381,0.0689406622024,0,1470074427024,0.0614071800595,7,36,261421,0.19128999256
0.0383882068452,0.0547107514881,1,1470074427024,0.0457589285714,0,36,263849,0.146926153274
0.03857421875,0.0502232142857,1,1470074427075,0.048084077381,1,36,265953,0.149251302083
0.0465959821429,0.0597330729167,1,1470074427075,0.0610119047619,2,36,267969,0.19287109375
0.0311104910714,0.04443359375,1,1470074427075,0.0426199776786,3,36,269991,0.122605096726
0.0399925595238,0.0502697172619,0,1470074427126,0.0470610119048,0,36,347833,0.145972842262
0.04833984375,0.0709867931548,0,1470074427126,0.0625697544643,1,36,349877,0.189615885417
0.0389462425595,0.053966703869,0,1470074427126,0.0497349330357,2,36,351927,0.155622209821
0.0355282738095,0.0489443824405,0,1470074427126,0.0412016369048,3,36,353941,0.135928199405
0.0469447544643,0.066150483631,0,1470074427126,0.0568033854167,4,36,356064,0.177106584821
0.0589425223214,0.080798921131,0,1470074427126,0.0703822544643,5,36,358099,0.217238653274
0.0331566220238,0.0481305803571,0,1470074427126,0.0419921875,6,36,360118,0.122977120536
0.0532691592262,0.0689639136905,0,1470074427126,0.0614304315476,7,36,362127,0.191336495536
0.0383882068452,0.0547572544643,1,1470074427126,0.0457589285714,0,36,364639,0.146926153274
0.03857421875,0.0502464657738,1,1470074427126,0.048084077381,1,36,366650,0.149251302083
0.0468517485119,0.0600353422619,1,1470074427178,0.0613141741071,2,36,368653,0.193754650298
0.0311337425595,0.0444103422619,1,1470074427178,0.0425734747024,3,36,370668,0.122512090774
0.0399925595238,0.0502697172619,0,1470074427229,0.0470610119048,0,36,447968,0.145926339286
0.04833984375,0.0709867931548,0,1470074427229,0.0625232514881,1,36,450410,0.18956938244
0.0389462425595,0.0539899553571,0,1470074427229,0.0497581845238,2,36,452442,0.155668712798
0.0355050223214,0.0489443824405,0,1470074427229,0.0412016369048,3,36,454478,0.135835193452
0.0469447544643,0.066150483631,0,1470074427229,0.0568266369048,4,36,456498,0.177106584821
0.0589657738095,0.080822172619,0,1470074427229,0.0704287574405,5,36,458532,0.217331659226
0.0336216517857,0.0488048735119,0,1470074427229,0.0425734747024,6,36,460638,0.125069754464
0.0533389136905,0.069103422619,0,1470074427229,0.0615699404762,7,36,462651,0.192080543155
0.0384347098214,0.0547805059524,1,1470074427229,0.0457821800595,0,36,465116,0.146995907738
0.03857421875,0.0502232142857,1,1470074427229,0.0480608258929,1,36,467212,0.149204799107
0.0470145089286,0.0601981026786,1,1470074427229,0.0614536830357,2,36,469245,0.194103422619
0.0311104910714,0.0443870907738,1,1470074427280,0.0425269717262,3,36,471257,0.12244233631
0.0400623139881,0.0503394717262,0,1470074427331,0.047107514881,0,36,548122,0.146042596726
0.0483165922619,0.0709635416667,0,1470074427331,0.0625232514881,1,36,550142,0.189522879464
0.0389694940476,0.0539899553571,0,1470074427331,0.0497581845238,2,36,552204,0.155691964286
0.0355050223214,0.0490373883929,0,1470074427331,0.0413178943452,3,36,554377,0.135835193452
0.0469447544643,0.066150483631,0,1470074427331,0.0568266369048,4,36,556400,0.17712983631
0.0589425223214,0.080798921131,0,1470074427331,0.0703822544643,5,36,558383,0.217192150298
0.035877046131,0.0521995907738,0,1470074427331,0.0457124255952,6,36,560382,0.133975074405
0.0533854166667,0.069103422619,0,1470074427331,0.0618257068452,7,36,562360,0.194731212798
0.0385044642857,0.0548270089286,1,1470074427331,0.0458519345238,0,36,564788,0.147274925595
0.0385509672619,0.0501767113095,1,1470074427331,0.0480143229167,1,36,566783,0.148972284226
0.0470145089286,0.0601981026786,1,1470074427331,0.0614536830357,2,36,568766,0.194103422619
0.0311104910714,0.0443870907738,1,1470074427331,0.0425269717262,3,36,570750,0.12244233631
0.0399693080357,0.0503859747024,0,1470074427405,0.0468982514881,0,36,648333,0.145554315476
0.0482933407738,0.0709170386905,0,1470074427457,0.0624767485119,1,36,650382,0.189383370536
0.0389927455357,0.0540364583333,0,1470074427457,0.0497814360119,2,36,652416,0.155784970238
0.0354817708333,0.049083891369,0,1470074427457,0.0413643973214,3,36,654766,0.135416666667
0.0470145089286,0.066173735119,0,1470074427457,0.0569428943452,4,36,656791,0.177757626488
0.0589192708333,0.0807756696429,0,1470074427457,0.0703590029762,5,36,658824,0.217192150298
0.0381091889881,0.053943452381,0,1470074427457,0.0470842633929,6,36,660860,0.141508556548
0.0539202008929,0.0693591889881,0,1470074427457,0.0618257068452,7,36,662857,0.195521763393
0.0384579613095,0.0548037574405,1,1470074427457,0.0457124255952,0,36,665324,0.146647135417
0.0385044642857,0.0501534598214,1,1470074427457,0.0479678199405,1,36,667426,0.148832775298
0.04736328125,0.0605003720238,1,1470074427457,0.0617094494048,2,36,669444,0.19519624256
0.0311337425595,0.0443173363095,1,1470074427457,0.0425037202381,3,36,671468,0.122791108631
0.0394577752976,0.0497814360119,0,1470074427509,0.0459449404762,0,36,749256,0.14295014881
0.04833984375,0.0709867931548,0,1470074427509,0.0625232514881,1,36,751313,0.189592633929
0.0390392485119,0.0540829613095,0,1470074427560,0.0498279389881,2,36,753334,0.15587797619
0.0353422619048,0.0489908854167,0,1470074427560,0.0411783854167,3,36,755440,0.134765625
0.0467354910714,0.0657319568452,0,1470074427560,0.0565476190476,4,36,757433,0.17615327381
0.0589192708333,0.0807756696429,0,1470074427560,0.0703822544643,5,36,759429,0.217099144345
0.0372953869048,0.0525251116071,0,1470074427560,0.0445498511905,6,36,761420,0.13341703869
0.0536411830357,0.0688709077381,0,1470074427560,0.0607096354167,7,36,763472,0.192894345238
0.037853422619,0.0542224702381,1,1470074427560,0.0450613839286,0,36,766003,0.142880394345
0.0385509672619,0.0501999627976,1,1470074427560,0.0480143229167,1,36,768024,0.14904203869
0.0485491071429,0.0618722098214,1,1470074427560,0.0630115327381,2,36,770037,0.199451264881
0.030994233631,0.0440848214286,1,1470074427560,0.0421316964286,3,36,772072,0.122279575893
0.03955078125,0.0499906994048,0,1470074427610,0.0463169642857,0,36,848722,0.142880394345
0.0484793526786,0.0711960565476,0,1470074427611,0.0626627604167,1,36,850773,0.19005766369
0.0390392485119,0.0541062127976,0,1470074427611,0.0498279389881,2,36,852805,0.155994233631
0.0352725074405,0.0488978794643,0,1470074427662,0.0409923735119,3,36,854840,0.133951822917
0.0458519345238,0.0647321428571,0,1470074427663,0.0556408110119,4,36,856849,0.17345610119
0.0589192708333,0.080822172619,0,1470074427663,0.0703590029762,5,36,858877,0.21691313244
0.0366443452381,0.0517578125,0,1470074427663,0.0433640252976,6,36,860907,0.129045758929
0.0536644345238,0.0689639136905,0,1470074427663,0.0607096354167,7,36,862915,0.192964099702
0.0375744047619,0.0542689732143,1,1470074427663,0.0452938988095,0,36,865429,0.141648065476
0.0386672247024,0.0503162202381,1,1470074427663,0.0481305803571,1,36,867527,0.149460565476
0.0504092261905,0.0642438616071,1,1470074427663,0.0650809151786,2,36,869553,0.20556640625
0.03076171875,0.0439685639881,1,1470074427663,0.0414341517857,3,36,871567,0.12109375
0.039318266369,0.0495256696429,0,1470074427714,0.0450613839286,0,36,948934,0.14148530506
0.0484561011905,0.0711495535714,0,1470074427714,0.0626162574405,1,36,950997,0.189894903274
0.0391090029762,0.05419921875,0,1470074427714,0.0498976934524,2,36,953009,0.156296502976
0.0351795014881,0.0488746279762,0,1470074427714,0.0408528645833,3,36,955040,0.13330078125
0.0465959821429,0.0655459449405,0,1470074427765,0.0565011160714,4,36,957141,0.176246279762
0.0589657738095,0.0809151785714,0,1470074427765,0.0704287574405,5,36,959171,0.217145647321
0.0364583333333,0.0515485491071,0,1470074427765,0.043224516369,6,36,961187,0.128650483631
0.0535946800595,0.0688709077381,0,1470074427765,0.0606631324405,7,36,963253,0.192708333333
0.0372256324405,0.0540132068452,1,1470074427765,0.0452241443452,0,36,965735,0.141206287202
0.0387369791667,0.0503859747024,1,1470074427765,0.0481770833333,1,36,967749,0.149762834821
0.0528041294643,0.0672433035714,1,1470074427765,0.067638578869,2,36,969762,0.212541852679
0.0305989583333,0.0445731026786,1,1470074427765,0.0406668526786,3,36,971792,0.119233630952
0.0393880208333,0.0496419270833,0,1470074427816,0.0454799107143,0,37,49125,0.141787574405
0.0483863467262,0.071033296131,0,1470074427816,0.0625465029762,1,37,51251,0.189615885417
0.0391090029762,0.0541759672619,0,1470074427816,0.0498744419643,2,37,53282,0.156180245536
0.0351097470238,0.0487816220238,0,1470074427816,0.0408528645833,3,37,55311,0.133068266369
0.0463634672619,0.0653134300595,0,1470074427816,0.0561755952381,4,37,57338,0.175734747024
0.0589425223214,0.0808686755952,0,1470074427867,0.0703822544643,5,37,59454,0.21691313244
0.0362955729167,0.0511765252976,0,1470074427867,0.0429920014881,6,37,61478,0.12830171131
0.0535714285714,0.06884765625,0,1470074427867,0.0606166294643,7,37,63465,0.192615327381
0.037341889881,0.0539899553571,1,1470074427867,0.0452241443452,0,37,65934,0.14171781994
0.0387369791667,0.0503627232143,1,1470074427867,0.0482003348214,1,37,67958,0.149809337798
0.0538969494048,0.0688011532738,1,1470074427867,0.0688709077381,2,37,69978,0.215471540179
0.0308314732143,0.0454566592262,1,1470074427867,0.0407133556548,3,37,71989,0.117629278274
0.0393647693452,0.0497116815476,0,1470074427918,0.0455729166667,0,37,149348,0.141694568452
0.0483863467262,0.071033296131,0,1470074427918,0.0625465029762,1,37,151405,0.189615885417
0.0390392485119,0.0541062127976,0,1470074427918,0.0498046875,2,37,153426,0.155901227679
0.0352027529762,0.0489443824405,0,1470074427918,0.0410621279762,3,37,155556,0.133765811012
0.0464332217262,0.0654994419643,0,1470074427918,0.0562453497024,4,37,157629,0.175990513393
0.0589890252976,0.0809151785714,0,1470074427918,0.0703822544643,5,37,159661,0.216982886905
0.0360165550595,0.0509440104167,0,1470074427970,0.042736235119,6,37,161681,0.127348400298
0.0536179315476,0.0688941592262,0,1470074427970,0.0606631324405,7,37,163700,0.19275483631
0.0374116443452,0.0540364583333,1,1470074427970,0.0453171502976,0,37,166168,0.142229352679
0.0387137276786,0.0503394717262,1,1470074427970,0.0481538318452,1,37,168186,0.149716331845
0.0537341889881,0.0685686383929,1,1470074427970,0.0686848958333,2,37,170203,0.21521577381
0.0308082217262,0.0453636532738,1,1470074427970,0.0406436011905,3,37,172242,0.117420014881
0.0393880208333,0.0496884300595,0,1470074428021,0.04541015625,0,37,249550,0.141555059524
0.0484328497024,0.0711030505952,0,1470074428021,0.0625697544643,1,37,251630,0.189755394345
0.0390159970238,0.0540829613095,0,1470074428021,0.0498046875,2,37,253641,0.155854724702
0.0353190104167,0.049083891369,0,1470074428021,0.0411551339286,3,37,255652,0.134114583333
0.0466657366071,0.0658017113095,0,1470074428021,0.0565708705357,4,37,257650,0.176502046131
0.0589890252976,0.0809151785714,0,1470074428021,0.0703822544643,5,37,259647,0.216982886905
0.0360630580357,0.0510835193452,0,1470074428021,0.042736235119,6,37,261653,0.127348400298
0.0536179315476,0.0688941592262,0,1470074428072,0.0606631324405,7,37,263628,0.19275483631
0.0374581473214,0.0540364583333,1,1470074428072,0.0453869047619,0,37,266091,0.142252604167
0.0387137276786,0.0503627232143,1,1470074428072,0.0481770833333,1,37,268122,0.149716331845
0.0530831473214,0.067638578869,1,1470074428072,0.0680571056548,2,37,270137,0.213820684524
0.0305989583333,0.0449451264881,1,1470074428072,0.0403413318452,3,37,272170,0.117768787202
0.039295014881,0.0495256696429,0,1470074428124,0.0450846354167,0,37,349735,0.14099702381
0.0484328497024,0.0711495535714,0,1470074428124,0.0626162574405,1,37,351805,0.189871651786
0.0390857514881,0.0541527157738,0,1470074428124,0.0498744419643,2,37,353821,0.156087239583
0.0353422619048,0.0491303943452,0,1470074428124,0.0412016369048,3,37,355948,0.134347098214
0.0467354910714,0.0658249627976,0,1470074428124,0.0566638764881,4,37,357983,0.176664806548
0.0591052827381,0.0810546875,0,1470074428124,0.070545014881,5,37,360000,0.217610677083
0.0360630580357,0.0510835193452,0,1470074428124,0.042736235119,6,37,361995,0.127139136905
0.0536876860119,0.0689639136905,0,1470074428124,0.0607328869048,7,37,364077,0.192940848214
0.0374348958333,0.0540364583333,1,1470074428175,0.0453869047619,0,37,366547,0.142136346726
0.0387137276786,0.0503627232143,1,1470074428175,0.0481538318452,1,37,368571,0.149623325893
0.0521298363095,0.0664527529762,1,1470074428175,0.067127046131,2,37,370589,0.21154203869
0.0303896949405,0.0444103422619,1,1470074428175,0.0400390625,3,37,372663,0.117908296131
0.0393415178571,0.049572172619,0,1470074428226,0.0450846354167,0,37,449934,0.140950520833
0.0484328497024,0.0711263020833,0,1470074428226,0.0625930059524,1,37,452012,0.18982514881
0.0390857514881,0.0541527157738,0,1470074428226,0.0498744419643,2,37,454100,0.156087239583
0.0352957589286,0.0490373883929,0,1470074428226,0.0411551339286,3,37,456115,0.13427734375
0.0467122395833,0.0658249627976,0,1470074428226,0.056640625,4,37,458126,0.17664155506
0.0591285342262,0.0811244419643,0,1470074428226,0.070568266369,5,37,460177,0.2177734375
0.0360398065476,0.0511067708333,0,1470074428226,0.042712983631,6,37,462196,0.127092633929
0.0537109375,0.0689871651786,0,1470074428226,0.0607328869048,7,37,464263,0.193057105655
0.0374348958333,0.0540132068452,1,1470074428226,0.0453636532738,0,37,466729,0.142159598214
0.0387137276786,0.0503627232143,1,1470074428277,0.0481305803571,1,37,468789,0.14953031994
0.0510835193452,0.0651506696429,1,1470074428277,0.0660342261905,2,37,470802,0.208682105655
0.0302501860119,0.0438523065476,1,1470074428277,0.0400623139881,3,37,472813,0.11828031994
0.0393415178571,0.049572172619,0,1470074428327,0.0450846354167,0,37,550106,0.140811011905
0.0484561011905,0.0711263020833,0,1470074428327,0.0626162574405,1,37,552131,0.18982514881
0.0390625,0.0541294642857,0,1470074428327,0.0498511904762,2,37,554259,0.156017485119
0.0352492559524,0.0489443824405,0,1470074428327,0.0411086309524,3,37,556284,0.134184337798
0.0466889880952,0.0658249627976,0,1470074428327,0.0566173735119,4,37,558274,0.176548549107
0.0591517857143,0.0811244419643,0,1470074428327,0.0705915178571,5,37,560274,0.2177734375
0.0360398065476,0.0511067708333,0,1470074428327,0.042712983631,6,37,562256,0.127092633929
0.0537341889881,0.0690104166667,0,1470074428327,0.0607561383929,7,37,564369,0.193103608631
0.0374348958333,0.0540132068452,1,1470074428327,0.0453636532738,0,37,566822,0.142159598214
0.0386904761905,0.0503394717262,1,1470074428327,0.0481305803571,1,37,568815,0.149437313988
0.0502697172619,0.0641276041667,1,1470074428379,0.0651506696429,2,37,570799,0.206240699405
0.0302501860119,0.0434105282738,1,1470074428379,0.0404575892857,3,37,572828,0.119117373512
0.039318266369,0.049548921131,0,1470074428431,0.0449916294643,0,37,650735,0.140601748512
0.0484328497024,0.0711030505952,0,1470074428431,0.0625930059524,1,37,652858,0.189755394345
0.0390625,0.0541294642857,0,1470074428431,0.0498511904762,2,37,654893,0.155947730655
0.0352492559524,0.0489443824405,0,1470074428431,0.0411318824405,3,37,656918,0.134230840774
0.0467354910714,0.0658947172619,0,1470074428431,0.0566638764881,4,37,658941,0.1767578125
0.0591517857143,0.0811476934524,0,1470074428431,0.0705915178571,5,37,660968,0.2177734375
0.0360398065476,0.0511300223214,0,1470074428431,0.042712983631,6,37,662978,0.127115885417
0.0537806919643,0.0690569196429,0,1470074428431,0.060779389881,7,37,664997,0.193196614583
0.0373883928571,0.053966703869,1,1470074428431,0.0453636532738,0,37,667531,0.142159598214
0.0386672247024,0.0503162202381,1,1470074428431,0.0481305803571,1,37,669602,0.149390811012
0.0497116815476,0.0633835565476,1,1470074428431,0.0645228794643,2,37,671626,0.20447358631
0.0302966889881,0.0432710193452,1,1470074428482,0.040759858631,3,37,673641,0.119768415179
0.039295014881,0.0495256696429,0,1470074428533,0.044921875,0,37,750488,0.14050874256
0.0484561011905,0.0711030505952,0,1470074428533,0.0626162574405,1,37,752847,0.189778645833
0.0390625,0.0541294642857,0,1470074428533,0.0498511904762,2,37,754921,0.155970982143
0.0352492559524,0.0489908854167,0,1470074428533,0.0411551339286,3,37,756935,0.134300595238
0.0467354910714,0.0658947172619,0,1470074428533,0.0566638764881,4,37,758923,0.176711309524
0.0591750372024,0.0811709449405,0,1470074428533,0.0706147693452,5,37,760918,0.217843191964
0.0360398065476,0.0511765252976,0,1470074428533,0.042736235119,6,37,762894,0.127139136905
0.0537806919643,0.0690569196429,0,1470074428534,0.060779389881,7,37,764897,0.193219866071
0.0373883928571,0.053943452381,1,1470074428534,0.0453869047619,0,37,767366,0.142182849702
0.0386672247024,0.0503162202381,1,1470074428534,0.048107328869,1,37,769397,0.149344308036
0.0494094122024,0.0629417782738,1,1470074428534,0.0641276041667,2,37,771495,0.203473772321
0.0303199404762,0.043201264881,1,1470074428534,0.0408993675595,3,37,773531,0.120070684524
0.039295014881,0.0495256696429,0,1470074428607,0.0448986235119,0,37,850671,0.140438988095
