blue,green,groupId,received,red,sensorId,time1,time2,white
0.0323195684524,0.039806547619,0,1469554432972,0.0358072916667,0,56,385648,0.1181640625
0.0385277157738,0.056896391369,0,1469554432973,0.0508742559524,1,56,387709,0.150576636905
0.025390625,0.0351097470238,0,1469554432973,0.0312034970238,2,56,389723,0.104445684524
0.0328311011905,0.0425502232143,0,1469554432973,0.0359235491071,3,56,391740,0.122767857143
0.0395275297619,0.0551525297619,0,1469554432973,0.0483630952381,4,56,393749,0.152646019345
0.0299479166667,0.0408761160714,0,1469554432973,0.0355980282738,5,56,395812,0.109119233631
0.03125,0.0438988095238,0,1469554432973,0.0374116443452,6,56,397845,0.11376953125
0.0434337797619,0.0547572544643,0,1469554432973,0.048107328869,7,56,399864,0.156482514881
0.0332263764881,0.044921875,1,1469554432973,0.0383649553571,0,56,402312,0.12586030506
0.0307849702381,0.0402250744048,1,1469554432973,0.0387369791667,1,56,404380,0.118373325893
0.0221121651786,0.0264136904762,1,1469554432973,0.0277855282738,2,56,406381,0.09814453125
0.0253208705357,0.0360630580357,1,1469554432973,0.0350864955357,3,56,408387,0.104236421131
0.0326218377976,0.040294828869,0,1469554432973,0.0364118303571,0,56,485812,0.119233630952
0.03857421875,0.0569893973214,0,1469554432973,0.0509440104167,1,56,487853,0.15076264881
0.0254138764881,0.03515625,0,1469554432973,0.0312267485119,2,56,489867,0.104585193452
0.0325753348214,0.0425502232143,0,1469554432974,0.0358305431548,3,56,491898,0.122488839286
0.03955078125,0.0552687872024,0,1469554433078,0.0484095982143,4,56,493927,0.15271577381
0.0299246651786,0.0408296130952,0,1469554433078,0.0355747767857,5,56,496049,0.10900297619
0.0312267485119,0.0439220610119,0,1469554433078,0.0373186383929,6,56,498076,0.11376953125
0.0435035342262,0.0548502604167,0,1469554433078,0.0482003348214,7,56,500126,0.156715029762
0.0334821428571,0.0453171502976,1,1469554433078,0.0385044642857,0,56,502598,0.126650855655
0.0308082217262,0.0402018229167,1,1469554433078,0.0387369791667,1,56,504618,0.118698846726
0.0221121651786,0.0264136904762,1,1469554433078,0.0277855282738,2,56,506610,0.09814453125
0.0254138764881,0.0362258184524,1,1469554433078,0.0355515252976,3,56,508603,0.105119977679
0.0328776041667,0.040783110119,0,1469554433078,0.0369931175595,0,56,586031,0.120279947917
0.0386207217262,0.0570591517857,0,1469554433078,0.0509672619048,1,56,588095,0.150948660714
0.0254371279762,0.0351795014881,0,1469554433078,0.03125,2,56,590117,0.104678199405
0.0325753348214,0.0422014508929,0,1469554433078,0.0356212797619,3,56,592134,0.121861049107
0.0395972842262,0.0552920386905,0,1469554433081,0.0484328497024,4,56,594230,0.152901785714
0.0299014136905,0.0408063616071,0,1469554433081,0.0355282738095,5,56,596264,0.10888671875
0.0312034970238,0.0439220610119,0,1469554433081,0.0372023809524,6,56,598296,0.11365327381
0.0435267857143,0.0548967633929,0,1469554433184,0.0482468377976,7,56,600301,0.156831287202
0.03369140625,0.0456194196429,1,1469554433184,0.0385277157738,0,56,602747,0.126976376488
0.0308314732143,0.0402018229167,1,1469554433184,0.0387602306548,1,56,604829,0.119047619048
0.0218098958333,0.0262044270833,1,1469554433185,0.0274832589286,2,56,606839,0.0962379092262
0.02587890625,0.0369698660714,1,1469554433185,0.0367606026786,3,56,608849,0.107352120536
0.0330868675595,0.0410853794643,0,1469554433185,0.0372953869048,0,56,686175,0.121140252976
0.0386672247024,0.0571056547619,0,1469554433185,0.051037016369,1,56,688221,0.151343936012
0.0254603794643,0.0352260044643,0,1469554433185,0.0312965029762,2,56,690236,0.104817708333
0.0323660714286,0.0420386904762,0,1469554433185,0.0355050223214,3,56,692276,0.121256510417
0.0395740327381,0.0551292782738,0,1469554433185,0.0483165922619,4,56,694313,0.15283203125
0.0298781622024,0.040783110119,0,1469554433185,0.0355050223214,5,56,696341,0.108840215774
0.0311337425595,0.0438755580357,0,1469554433185,0.0370163690476,6,56,698356,0.113327752976
0.0435267857143,0.054920014881,0,1469554433185,0.0482700892857,7,56,700405,0.156877790179
0.0337611607143,0.0457124255952,1,1469554433185,0.0385277157738,0,56,702870,0.126999627976
0.0307849702381,0.0401320684524,1,1469554433185,0.0387369791667,1,56,704885,0.119163876488
0.0213913690476,0.0258556547619,1,1469554433364,0.0269717261905,2,56,706901,0.0938430059524
0.0263439360119,0.0377139136905,1,1469554433364,0.0377836681548,3,56,708997,0.109514508929
0.0331101190476,0.0411318824405,0,1469554433365,0.0374813988095,0,56,786403,0.121442522321
0.0386439732143,0.0571056547619,0,1469554433365,0.051013764881,1,56,788549,0.151297433036
0.0254603794643,0.0352260044643,0,1469554433365,0.0312965029762,2,56,790573,0.104771205357
0.0322963169643,0.0419456845238,0,1469554433365,0.0354817708333,3,56,792591,0.12121000744
0.0395275297619,0.05517578125,0,1469554433365,0.0481770833333,4,56,794644,0.152692522321
0.0298316592262,0.040759858631,0,1469554433365,0.0355050223214,5,56,796688,0.108793712798
0.0310639880952,0.0438523065476,0,1469554433365,0.0369466145833,6,56,798705,0.113141741071
0.0435267857143,0.0548967633929,0,1469554433365,0.0482468377976,7,56,800704,0.156877790179
0.0338076636905,0.0459449404762,1,1469554433365,0.0385277157738,0,56,803230,0.126813616071
0.0307849702381,0.0401088169643,1,1469554433365,0.0387137276786,1,56,805262,0.119094122024
0.0211588541667,0.025646391369,1,1469554433365,0.0267392113095,2,56,807283,0.0927734375
0.0262741815476,0.0376674107143,1,1469554433365,0.0378069196429,3,56,809295,0.109630766369
0.0331333705357,0.0412248883929,0,1469554433365,0.0376441592262,0,56,886559,0.121605282738
0.0386904761905,0.0571521577381,0,1469554433474,0.0510602678571,1,56,888577,0.15148344494
0.0254371279762,0.0352027529762,0,1469554433474,0.0312732514881,2,56,890546,0.104724702381
0.0321568080357,0.0418526785714,0,1469554433474,0.035388764881,3,56,892583,0.120954241071
0.0395972842262,0.055408296131,0,1469554433474,0.0482933407738,4,56,894596,0.152971540179
0.0298084077381,0.0407366071429,0,1469554433474,0.0355050223214,5,56,896602,0.108747209821
0.031017485119,0.0438058035714,0,1469554433474,0.036876860119,6,56,898591,0.11290922619
0.04345703125,0.0548502604167,0,1469554433474,0.0482235863095,7,56,900597,0.156715029762
0.0337611607143,0.0460146949405,1,1469554433474,0.0385044642857,0,56,903008,0.126674107143
0.0307384672619,0.0400855654762,1,1469554433474,0.0386904761905,1,56,905033,0.118908110119
0.0212751116071,0.0257161458333,1,1469554433474,0.0268787202381,2,56,907131,0.0936337425595
0.0260881696429,0.0373883928571,1,1469554433474,0.0374581473214,3,56,909158,0.10888671875
0.0330868675595,0.0411551339286,0,1469554433475,0.0375511532738,0,56,986756,0.12146577381
0.0386439732143,0.0570824032738,0,1469554433475,0.0509905133929,1,56,988853,0.151320684524
0.0254138764881,0.03515625,0,1469554433475,0.03125,2,56,990875,0.104631696429
0.0320870535714,0.0418294270833,0,1469554433475,0.035388764881,3,56,992884,0.120768229167
0.0395972842262,0.0553850446429,0,1469554433475,0.04833984375,4,56,994919,0.152901785714
0.0297386532738,0.0406436011905,0,1469554433582,0.035412016369,5,56,997032,0.10851469494
0.0309012276786,0.0436662946429,0,1469554433582,0.0367373511905,6,56,999052,0.112560453869
0.0433407738095,0.0547107514881,0,1469554433582,0.0481305803571,7,57,1054,0.156343005952
0.0335751488095,0.0458751860119,1,1469554433582,0.0384114583333,0,57,3530,0.126255580357
0.0306454613095,0.0399925595238,1,1469554433582,0.0385974702381,1,57,5538,0.118512834821
0.0213913690476,0.0257393973214,1,1469554433582,0.0269717261905,2,57,7531,0.0946568080357
0.0260416666667,0.0372721354167,1,1469554433582,0.0372256324405,3,57,9516,0.108258928571
0.032947358631,0.0409691220238,0,1469554433582,0.0373186383929,0,57,86920,0.120954241071
0.0385974702381,0.0570126488095,0,1469554433582,0.0509672619048,1,57,88955,0.151181175595
0.0253673735119,0.0351097470238,0,1469554433582,0.0312034970238,2,57,91022,0.104468936012
0.0319010416667,0.0415969122024,0,1469554433582,0.0352260044643,3,57,93090,0.120256696429
0.0394577752976,0.0551990327381,0,1469554433583,0.0482003348214,4,57,95116,0.15246000744
0.0296688988095,0.0405505952381,0,1469554433583,0.0353422619048,5,57,97141,0.108258928571
0.0307849702381,0.0434802827381,0,1469554433583,0.0365978422619,6,57,99246,0.112165178571
0.043224516369,0.0545712425595,0,1469554433583,0.0479910714286,7,57,101269,0.155924479167
0.0332728794643,0.045642671131,1,1469554433687,0.0381789434524,0,57,103721,0.12537202381
0.0305757068452,0.0399228050595,1,1469554433688,0.0385044642857,1,57,105752,0.118117559524
0.0216006324405,0.02587890625,1,1469554433688,0.0271809895833,2,57,107790,0.0960286458333
0.0259486607143,0.0371558779762,1,1469554433688,0.0369233630952,3,57,109801,0.107491629464
0.0326915922619,0.0406668526786,0,1469554433688,0.0368071056548,0,57,187177,0.12000093006
0.0385044642857,0.056896391369,0,1469554433688,0.0508742559524,1,57,189232,0.150925409226
0.0253208705357,0.0350632440476,0,1469554433688,0.0311569940476,2,57,191255,0.104329427083
0.0318545386905,0.0415271577381,0,1469554433688,0.03515625,3,57,193275,0.119977678571
0.0393647693452,0.0551060267857,0,1469554433688,0.0481770833333,4,57,195391,0.15222749256
0.0295991443452,0.0404808407738,0,1469554433688,0.0352725074405,5,57,197429,0.10802641369
0.0309012276786,0.0434105282738,0,1469554433688,0.0366908482143,6,57,199440,0.1123046875
0.0430850074405,0.0544084821429,0,1469554433688,0.0478748139881,7,57,201422,0.155459449405
0.0325520833333,0.0450846354167,1,1469554433688,0.0377139136905,0,57,203894,0.123604910714
0.0304827008929,0.0398530505952,1,1469554433688,0.0384579613095,1,57,206000,0.117722284226
0.0219494047619,0.0261579241071,1,1469554433688,0.027576264881,2,57,208007,0.0980747767857
0.0259951636905,0.0371558779762,1,1469554433873,0.0367373511905,3,57,210020,0.106980096726
0.0324358258929,0.040271577381,0,1469554433873,0.0361793154762,0,57,287286,0.11865234375
0.0383882068452,0.0567568824405,0,1469554433873,0.0507114955357,1,57,289341,0.150413876488
0.0252511160714,0.0349702380952,0,1469554433873,0.0310872395833,2,57,291415,0.104073660714
0.03173828125,0.0413876488095,0,1469554433873,0.0350399925595,3,57,293446,0.119442894345
0.0392717633929,0.0551060267857,0,1469554433873,0.0482235863095,4,57,295542,0.151948474702
0.0294596354167,0.0403180803571,0,1469554433873,0.0351329985119,5,57,297581,0.107584635417
0.0313197544643,0.0433872767857,0,1469554433873,0.0369233630952,6,57,299616,0.113211495536
0.0428757440476,0.05419921875,0,1469554433873,0.0476888020833,7,57,301631,0.15490141369
0.0319242931548,0.0447358630952,1,1469554433873,0.0376209077381,0,57,304161,0.122512090774
0.0303664434524,0.0397600446429,1,1469554433875,0.0383649553571,1,57,306191,0.117140997024
0.0228097098214,0.02685546875,1,1469554433875,0.0284598214286,2,57,308233,0.102143787202
0.0259719122024,0.037109375,1,1469554433875,0.0363420758929,3,57,310253,0.106119791667
0.0324358258929,0.0400390625,0,1469554433876,0.0359700520833,0,57,387509,0.11828031994
0.0382719494048,0.0565941220238,0,1469554433876,0.0505952380952,1,57,389580,0.149972098214
0.0251813616071,0.0348772321429,0,1469554433975,0.031017485119,2,57,391594,0.103771391369
0.0314592633929,0.0410388764881,0,1469554433975,0.0347377232143,3,57,393604,0.118373325893
0.039295014881,0.0551292782738,0,1469554433975,0.0482235863095,4,57,395652,0.151948474702
0.0293433779762,0.0401320684524,0,1469554433975,0.0349934895833,5,57,397681,0.107189360119
0.0313197544643,0.0433872767857,0,1469554433975,0.0369233630952,6,57,399697,0.113211495536
0.042712983631,0.0540132068452,0,1469554433975,0.0475492931548,7,57,401697,0.154343377976
0.0324358258929,0.0454566592262,1,1469554433975,0.0386207217262,0,57,404244,0.125395275298
0.0302501860119,0.0396205357143,1,1469554433975,0.0382254464286,1,57,406283,0.116489955357
0.0235770089286,0.0273670014881,1,1469554433975,0.0292736235119,2,57,408291,0.105375744048
0.0259719122024,0.037109375,1,1469554433975,0.0360398065476,3,57,410304,0.105329241071
0.0320870535714,0.0398530505952,0,1469554433975,0.0354817708333,0,57,487648,0.11707124256
0.0382254464286,0.0565476190476,0,1469554433976,0.050548735119,1,57,489697,0.149855840774
0.025158110119,0.0348307291667,0,1469554433976,0.0309709821429,2,57,491733,0.103655133929
0.03125,0.0408063616071,0,1469554433976,0.0345284598214,3,57,493770,0.117699032738
0.0392485119048,0.0550827752976,0,1469554433976,0.0482003348214,4,57,495797,0.151832217262
0.0292736235119,0.0401088169643,0,1469554434081,0.0349702380952,5,57,497838,0.10704985119
0.031505766369,0.0432477678571,0,1469554434081,0.0369698660714,6,57,499864,0.11365327381
0.042712983631,0.0540132068452,0,1469554434081,0.0475492931548,7,57,501865,0.154343377976
0.03271484375,0.0457124255952,1,1469554434081,0.0389927455357,0,57,504335,0.126883370536
0.0301106770833,0.0395042782738,1,1469554434081,0.0381324404762,1,57,506329,0.115978422619
0.0238560267857,0.027599516369,1,1469554434081,0.0296456473214,2,57,508348,0.106468563988
0.0259719122024,0.0370628720238,1,1469554434081,0.0358305431548,3,57,510342,0.104887462798
0.0316220238095,0.0393647693452,0,1469554434082,0.0350632440476,0,57,587847,0.114467075893
0.0381789434524,0.0564778645833,0,1469554434082,0.0505022321429,1,57,589897,0.149669828869
0.0251116071429,0.0348074776786,0,1469554434082,0.0309244791667,2,57,591912,0.103515625
0.0313197544643,0.0409226190476,0,1469554434082,0.0347144717262,3,57,593922,0.118326822917
0.0391787574405,0.054920014881,0,1469554434082,0.0481305803571,4,57,596040,0.151622953869
0.0292271205357,0.0400158110119,0,1469554434082,0.034923735119,5,57,598066,0.106910342262
0.0312965029762,0.0430385044643,0,1469554434082,0.0369698660714,6,57,600084,0.113025483631
0.0425037202381,0.0537574404762,0,1469554434082,0.04736328125,7,57,602086,0.15369233631
0.0326683407738,0.0456194196429,1,1469554434188,0.0389462425595,0,57,604636,0.126371837798
0.0299944196429,0.0394112723214,1,1469554434188,0.0380626860119,1,57,606659,0.115559895833
0.0237397693452,0.0273902529762,1,1469554434188,0.029552641369,2,57,608673,0.10595703125
0.0258091517857,0.036853608631,1,1469554434188,0.0354817708333,3,57,610683,0.104189918155
0.0314592633929,0.0392020089286,0,1469554434188,0.0347377232143,0,57,688044,0.113978794643
0.0381789434524,0.0564778645833,0,1469554434188,0.0505022321429,1,57,690101,0.149669828869
0.0250418526786,0.0347144717262,0,1469554434188,0.0308547247024,2,57,692135,0.103236607143
0.031505766369,0.0412016369048,0,1469554434188,0.0350399925595,3,57,694231,0.119396391369
0.0391090029762,0.0548502604167,0,1469554434188,0.0480608258929,4,57,696264,0.151506696429
0.0292271205357,0.0400158110119,0,1469554434188,0.034923735119,5,57,698299,0.106910342262
0.03076171875,0.0424107142857,0,1469554434188,0.0366908482143,6,57,700322,0.111793154762
0.0423177083333,0.0535946800595,0,1469554434189,0.0473167782738,7,57,702327,0.153366815476
0.033203125,0.0458519345238,1,1469554434189,0.0391322544643,0,57,704791,0.127232142857
0.02978515625,0.0392252604167,1,1469554434189,0.0379231770833,1,57,706817,0.114885602679
0.0235537574405,0.0272274925595,1,1469554434189,0.029552641369,2,57,708848,0.105492001488
0.0253673735119,0.0362723214286,1,1469554434368,0.0348539806548,3,57,710868,0.103004092262
0.0314592633929,0.0392485119048,0,1469554434368,0.0346447172619,0,57,788218,0.113792782738
0.0380859375,0.0563616071429,0,1469554434368,0.0504324776786,1,57,790274,0.149367559524
0.0249720982143,0.0346214657738,0,1469554434368,0.0307849702381,2,57,792286,0.102957589286
0.0315522693452,0.0413411458333,0,1469554434368,0.0352027529762,3,57,794309,0.119954427083
0.0390392485119,0.0547805059524,0,1469554434368,0.0479910714286,4,57,796346,0.151297433036
0.0291573660714,0.0399228050595,0,1469554434368,0.0348307291667,5,57,798384,0.106631324405
0.0289946056548,0.0412946428571,0,1469554434368,0.0354585193452,6,57,800383,0.10730561756
0.0422712053571,0.0535481770833,0,1469554434368,0.0472935267857,7,57,802384,0.1533203125
0.033458891369,0.0458751860119,1,1469554434368,0.0390392485119,0,57,804882,0.128185453869
0.0296456473214,0.0390857514881,1,1469554434368,0.0378069196429,1,57,806912,0.114397321429
0.0235072544643,0.0274832589286,1,1469554434369,0.0294828869048,2,57,808924,0.10535249256
0.0249255952381,0.0356910342262,1,1469554434369,0.0342959449405,3,57,810934,0.102190290179
0.0317847842262,0.0395042782738,0,1469554434369,0.0348539806548,0,57,888370,0.11511811756
0.0379929315476,0.0562686011905,0,1469554434369,0.0503627232143,1,57,890384,0.149088541667
0.02490234375,0.0345517113095,0,1469554434475,0.0306919642857,2,57,892395,0.102632068452
0.0315290178571,0.0413411458333,0,1469554434475,0.0352027529762,3,57,894416,0.120256696429
0.0388532366071,0.0545944940476,0,1469554434475,0.0478050595238,4,57,896414,0.150669642857
0.029041108631,0.0398297991071,0,1469554434475,0.0347609747024,5,57,898409,0.106422061012
0.0301106770833,0.0428292410714,0,1469554434475,0.0369698660714,6,57,900392,0.109119233631
0.0421084449405,0.0533389136905,0,1469554434475,0.0472470238095,7,57,902382,0.152483258929
0.0330868675595,0.0455729166667,1,1469554434476,0.0387602306548,0,57,904844,0.127418154762
0.0296688988095,0.0390625,1,1469554434476,0.0378069196429,1,57,906882,0.114467075893
0.0235072544643,0.0279017857143,1,1469554434476,0.0293898809524,2,57,908950,0.104585193452
0.0249255952381,0.0356910342262,1,1469554434476,0.0342959449405,3,57,910954,0.102190290179
0.0321103050595,0.0396205357143,0,1469554434476,0.0352957589286,0,57,988603,0.116466703869
0.0378999255952,0.05615234375,0,1469554434476,0.0502697172619,1,57,990660,0.148786272321
0.0248325892857,0.0344587053571,0,1469554434476,0.0306454613095,2,57,992667,0.102376302083
0.0315987723214,0.0413178943452,0,1469554434476,0.0351329985119,3,57,994699,0.120535714286
0.0386439732143,0.0544084821429,0,1469554434476,0.0476422991071,4,57,996757,0.14990234375
0.0290178571429,0.0397600446429,0,1469554434584,0.0347144717262,5,57,998786,0.106282552083
0.0295991443452,0.0427827380952,0,1469554434584,0.0366908482143,6,58,788,0.107817150298
0.0418759300595,0.0531994047619,0,1469554434584,0.0472470238095,7,58,2788,0.1513671875
0.0324125744048,0.0449683779762,1,1469554434584,0.0381789434524,0,58,5281,0.125162760417
0.0297386532738,0.0391090029762,1,1469554434584,0.037853422619,1,58,7296,0.114792596726
0.0231352306548,0.02783203125,1,1469554434584,0.0289481026786,2,58,9281,0.102143787202
0.024646577381,0.0353190104167,1,1469554434584,0.0340401785714,3,58,11350,0.101841517857
0.0321335565476,0.0396437872024,0,1469554434585,0.0354585193452,0,58,88747,0.116745721726
0.0378999255952,0.05615234375,0,1469554434585,0.0502697172619,1,58,90804,0.148763020833
0.0247628348214,0.0343889508929,0,1469554434585,0.0305757068452,2,58,92826,0.10216703869
0.0312034970238,0.0408993675595,0,1469554434585,0.03466796875,3,58,94861,0.118745349702
0.0386207217262,0.0543387276786,0,1469554434585,0.047595796131,4,58,96880,0.14978608631
0.0289015997024,0.0396205357143,0,1469554434585,0.0345982142857,5,58,98897,0.105910528274
0.028087797619,0.0406668526786,0,1469554434585,0.0357142857143,6,58,100952,0.103352864583
0.0421084449405,0.0534319196429,0,1469554434585,0.0475725446429,7,58,102963,0.153180803571
0.0324125744048,0.0449683779762,1,1469554434585,0.0381789434524,0,58,105506,0.125162760417
0.0296921502976,0.0390857514881,1,1469554434691,0.037853422619,1,58,107573,0.114676339286
0.0232282366071,0.02783203125,1,1469554434691,0.0289015997024,2,58,109600,0.10193452381
0.0244605654762,0.0350632440476,1,1469554434691,0.0338076636905,3,58,111594,0.101702008929
0.0321568080357,0.039806547619,0,1469554434691,0.03564453125,0,58,188927,0.116908482143
0.037830171131,0.0560825892857,0,1469554434691,0.0502464657738,1,58,190986,0.148623511905
0.0247395833333,0.0343889508929,0,1469554434691,0.0305757068452,2,58,193000,0.102213541667
0.0312034970238,0.0408761160714,0,1469554434691,0.0346214657738,3,58,195023,0.11865234375
0.0385277157738,0.0541759672619,0,1469554434691,0.0475027901786,4,58,197138,0.14953031994
0.02880859375,0.0395042782738,0,1469554434691,0.0345284598214,5,58,199168,0.105654761905
0.0280180431548,0.0407366071429,0,1469554434691,0.0356910342262,6,58,201172,0.10363188244
0.0420154389881,0.0533389136905,0,1469554434692,0.0475260416667,7,58,203209,0.153087797619
0.0325753348214,0.0450846354167,1,1469554434692,0.0382486979167,0,58,205733,0.125697544643
0.029552641369,0.0390159970238,1,1469554434692,0.0377604166667,1,58,207756,0.114118303571
0.0234607514881,0.02783203125,1,1469554434692,0.0289015997024,2,58,209764,0.10193452381
0.0242280505952,0.0346912202381,1,1469554434693,0.0331798735119,3,58,211792,0.100818452381
0.0321103050595,0.0398530505952,0,1469554434871,0.0356677827381,0,58,289111,0.11681547619
0.0378069196429,0.0560360863095,0,1469554434871,0.0502232142857,1,58,291212,0.148600260417
0.0247395833333,0.0343656994048,0,1469554434871,0.0305524553571,2,58,293293,0.102143787202
0.0311337425595,0.0406668526786,0,1469554434871,0.0344819568452,3,58,295328,0.118419828869
0.0384579613095,0.0540364583333,0,1469554434872,0.0474097842262,4,58,297351,0.14953031994
0.0287388392857,0.0394345238095,0,1469554434872,0.0344587053571,5,58,299460,0.10546875
0.0279947916667,0.040759858631,0,1469554434872,0.0357375372024,6,58,301474,0.10388764881
0.0419456845238,0.0532691592262,0,1469554434872,0.0474562872024,7,58,303475,0.153087797619
0.0324125744048,0.0448986235119,1,1469554434872,0.0380859375,0,58,305953,0.125023251488
0.0294363839286,0.0389462425595,1,1469554434872,0.0376906622024,1,58,307987,0.113699776786
0.0234607514881,0.0279947916667,1,1469554434872,0.0291573660714,2,58,310002,0.10265531994
0.0240420386905,0.0344819568452,1,1469554434872,0.0327380952381,3,58,312013,0.099841889881
0.0320638020833,0.0397367931548,0,1469554434872,0.0355747767857,0,58,389311,0.116606212798
0.0377604166667,0.0560128348214,0,1469554434872,0.0501767113095,1,58,391365,0.148484002976
0.0247163318452,0.0343424479167,0,1469554434877,0.0305524553571,2,58,393379,0.10216703869
0.0308779761905,0.0403645833333,0,1469554434978,0.0343191964286,3,58,395547,0.117652529762
0.0384579613095,0.0540364583333,0,1469554434978,0.0474097842262,4,58,397582,0.149251302083
0.0287155877976,0.0393880208333,0,1469554434978,0.034412202381,5,58,399614,0.10535249256
0.0279947916667,0.0408528645833,0,1469554434978,0.0357607886905,6,58,401618,0.104166666667
0.0418759300595,0.0531994047619,0,1469554434978,0.0473865327381,7,58,403652,0.152971540179
0.0323195684524,0.0448521205357,1,1469554434978,0.0380859375,0,58,406144,0.125
0.0293433779762,0.0388764880952,1,1469554434978,0.0376209077381,1,58,408165,0.113351004464
0.0235537574405,0.0280180431548,1,1469554434978,0.0292271205357,2,58,410177,0.102725074405
0.0239025297619,0.0343424479167,1,1469554434978,0.032482328869,3,58,412206,0.0992140997024
0.031994047619,0.0396670386905,0,1469554434979,0.0355050223214,0,58,489468,0.116466703869
0.0377836681548,0.0560360863095,0,1469554434979,0.0501767113095,1,58,491570,0.148530505952
0.0247163318452,0.0343424479167,0,1469554434979,0.030529203869,2,58,493577,0.102190290179
0.0307152157738,0.0401088169643,0,1469554434979,0.0341564360119,3,58,495606,0.117373511905
0.0383882068452,0.0539202008929,0,1469554434979,0.0473400297619,4,58,497633,0.149088541667
0.0286458333333,0.039318266369,0,1469554434979,0.0343424479167,5,58,499672,0.105166480655
0.0280180431548,0.0408761160714,0,1469554435085,0.0357840401786,6,58,501676,0.104306175595
0.0418526785714,0.0531529017857,0,1469554435085,0.0473400297619,7,58,503675,0.15283203125
0.0323428199405,0.0448986235119,1,1469554435085,0.0380859375,0,58,506128,0.124930245536
0.029296875,0.038829985119,1,1469554435085,0.0375279017857,1,58,508140,0.113141741071
0.0235770089286,0.0280180431548,1,1469554435086,0.0292038690476,2,58,510128,0.102701822917
0.0238095238095,0.0342029389881,1,1469554435086,0.0322963169643,3,58,512109,0.098888578869
0.031970796131,0.0395740327381,0,1469554435086,0.0354585193452,0,58,589653,0.116396949405
0.0377371651786,0.0559663318452,0,1469554435086,0.0501534598214,1,58,591702,0.148390997024
0.0247163318452,0.0343424479167,0,1469554435086,0.030529203869,2,58,593744,0.10216703869
0.0305989583333,0.0400158110119,0,1469554435086,0.0340634300595,3,58,595793,0.117024739583
0.038318452381,0.0538271949405,0,1469554435086,0.0472702752976,4,58,597825,0.148832775298
0.0285993303571,0.0392717633929,0,1469554435086,0.0343191964286,5,58,599857,0.105003720238
0.028064546131,0.0409458705357,0,1469554435086,0.0358305431548,6,58,601851,0.1044921875
0.0418061755952,0.0531063988095,0,1469554435086,0.0472935267857,7,58,603860,0.152739025298
0.0323195684524,0.0448986235119,1,1469554435086,0.0380394345238,0,58,606402,0.124697730655
0.029296875,0.038829985119,1,1469554435193,0.0375279017857,1,58,608430,0.113141741071
0.0235072544643,0.0279715401786,1,1469554435193,0.0291108630952,2,58,610430,0.102446056548
0.0237862723214,0.0341564360119,1,1469554435193,0.0323195684524,3,58,612440,0.0989118303571
0.0319475446429,0.03955078125,0,1469554435193,0.0354352678571,0,58,689856,0.116350446429
0.0377139136905,0.055919828869,0,1469554435193,0.0501069568452,1,58,691933,0.148251488095
0.0246930803571,0.0342959449405,0,1469554435193,0.030505952381,2,58,693954,0.102074032738
0.0305524553571,0.0399925595238,0,1469554435193,0.0340169270833,3,58,696069,0.116885230655
0.0382719494048,0.0537806919643,0,1469554435193,0.0472237723214,4,58,698084,0.148716517857
0.028576078869,0.0392252604167,0,1469554435193,0.0342726934524,5,58,700124,0.104910714286
0.028087797619,0.0409691220238,0,1469554435193,0.0358537946429,6,58,702131,0.10460844494
0.041759672619,0.0530598958333,0,1469554435193,0.0472237723214,7,58,704192,0.152646019345
0.0322730654762,0.0448521205357,1,1469554435193,0.0380161830357,0,58,706673,0.12462797619
0.0292503720238,0.0387834821429,1,1469554435193,0.0375046502976,1,58,708766,0.113095238095
0.0233909970238,0.0278552827381,1,1469554435193,0.0289248511905,2,58,710796,0.10193452381
0.0238095238095,0.0341331845238,1,1469554435193,0.0323660714286,3,58,712810,0.0989583333333
0.0319475446429,0.0395740327381,0,1469554435373,0.0354585193452,0,58,790022,0.116373697917
0.0376674107143,0.0558733258929,0,1469554435373,0.050060453869,1,58,792081,0.148111979167
0.024646577381,0.0342726934524,0,1469554435373,0.0304827008929,2,58,794173,0.101957775298
0.0305524553571,0.0399693080357,0,1469554435373,0.0339936755952,3,58,796245,0.116838727679
0.0382719494048,0.0537574404762,0,1469554435373,0.0472005208333,4,58,798274,0.148716517857
0.028552827381,0.0392252604167,0,1469554435373,0.0342494419643,5,58,800291,0.104840959821
0.0281110491071,0.0410388764881,0,1469554435373,0.035877046131,6,58,802286,0.10498046875
0.041759672619,0.0530366443452,0,1469554435373,0.0472470238095,7,58,804339,0.152692522321
0.0322730654762,0.0448288690476,1,1469554435373,0.0379929315476,0,58,806818,0.124604724702
0.0292271205357,0.0387369791667,1,1469554435373,0.0374813988095,1,58,808845,0.113071986607
0.0233444940476,0.02783203125,1,1469554435373,0.0288318452381,2,58,810864,0.101702008929
0.0238327752976,0.0341564360119,1,1469554435373,0.0324125744048,3,58,812889,0.0990280877976
0.031970796131,0.0395972842262,0,1469554435373,0.0355282738095,0,58,890176,0.116536458333
0.0376209077381,0.0558268229167,0,1469554435373,0.0500139508929,1,58,892211,0.147972470238
0.024646577381,0.0342494419643,0,1469554435373,0.0304594494048,2,58,894341,0.101888020833
0.0305989583333,0.0400390625,0,1469554435479,0.0340401785714,3,58,896344,0.116978236607
0.0382719494048,0.0537574404762,0,1469554435479,0.0471772693452,4,58,898330,0.148646763393
0.0285295758929,0.0392020089286,0,1469554435479,0.0342494419643,5,58,900320,0.104771205357
0.0281575520833,0.0411551339286,0,1469554435479,0.035900297619,6,58,902284,0.10546875
0.041759672619,0.0530366443452,0,1469554435479,0.0472702752976,7,58,904330,0.15283203125
0.0322963169643,0.0448056175595,1,1469554435479,0.0379696800595,0,58,906801,0.124697730655
0.0292503720238,0.0387369791667,1,1469554435479,0.0374581473214,1,58,908872,0.113048735119
0.0233444940476,0.0278552827381,1,1469554435479,0.0288318452381,2,58,910891,0.101818266369
0.0238327752976,0.0342029389881,1,1469554435479,0.032459077381,3,58,912895,0.0990048363095
0.0320405505952,0.0396437872024,0,1469554435479,0.0356212797619,0,58,990367,0.116745721726
0.0376441592262,0.0558268229167,0,1469554435479,0.0500139508929,1,58,992421,0.147995721726
0.024646577381,0.0342494419643,0,1469554435479,0.0304594494048,2,58,994459,0.101888020833
0.0306919642857,0.0401088169643,0,1469554435479,0.0341099330357,3,58,996486,0.117234002976
0.0382952008929,0.0538504464286,0,1469554435480,0.0472237723214,4,58,998503,0.14880952381
0.028552827381,0.0392020089286,0,1469554435480,0.0342494419643,5,59,518,0.104840959821
0.0282505580357,0.0412946428571,0,1469554435588,0.0359235491071,6,59,2516,0.10607328869
0.041759672619,0.0530366443452,0,1469554435588,0.0472702752976,7,59,4533,0.15283203125
0.0323428199405,0.0448288690476,1,1469554435588,0.0379929315476,0,59,6972,0.124837239583
0.0292503720238,0.0387369791667,1,1469554435588,0.0374813988095,1,59,8960,0.113095238095
0.0234607514881,0.0279482886905,1,1469554435588,0.0289248511905,2,59,10931,0.102260044643
0.0238792782738,0.0342959449405,1,1469554435588,0.0325520833333,3,59,12924,0.0990513392857
0.0320405505952,0.0396902901786,0,1469554435588,0.03564453125,0,59,90549,0.116792224702
0.0376209077381,0.0558035714286,0,1469554435588,0.0500139508929,1,59,92652,0.147972470238
0.024646577381,0.0342726934524,0,1469554435588,0.0304594494048,2,59,94694,0.10193452381
0.0308082217262,0.0402018229167,0,1469554435588,0.0342261904762,3,59,96712,0.117629278274
0.0383649553571,0.0538969494048,0,1469554435588,0.0472935267857,4,59,98727,0.148949032738
0.028576078869,0.0392252604167,0,1469554435589,0.0342726934524,5,59,100804,0.104910714286
0.0283900669643,0.04150390625,0,1469554435589,0.0359933035714,6,59,102810,0.10693359375
0.041759672619,0.0530366443452,0,1469554435589,0.0473400297619,7,59,104816,0.153064546131
0.0323893229167,0.0448521205357,1,1469554435589,0.0380161830357,0,59,107363,0.124953497024
0.0292503720238,0.0387369791667,1,1469554435589,0.0374813988095,1,59,109405,0.113048735119
0.0236467633929,0.0281110491071,1,1469554435769,0.0291341145833,2,59,111423,0.103073846726
0.0239490327381,0.0343656994048,1,1469554435769,0.0325520833333,3,59,113429,0.0990280877976
0.0320405505952,0.0397135416667,0,1469554435769,0.0356677827381,0,59,190735,0.116838727679
0.0376441592262,0.0558268229167,0,1469554435769,0.0500139508929,1,59,192793,0.147995721726
0.024669828869,0.0342726934524,0,1469554435769,0.0304827008929,2,59,194829,0.101981026786
0.0308779761905,0.040271577381,0,1469554435769,0.0343191964286,3,59,196880,0.117931547619
0.038341703869,0.0538736979167,0,1469554435769,0.0472702752976,4,59,198886,0.14892578125
0.028576078869,0.0392252604167,0,1469554435769,0.0342726934524,5,59,200900,0.104887462798
0.0286458333333,0.0417829241071,0,1469554435769,0.0361095610119,6,59,202903,0.107933407738
0.0417829241071,0.0530133928571,0,1469554435769,0.0474562872024,7,59,204943,0.153366815476
0.0325055803571,0.0449451264881,1,1469554435769,0.0380626860119,0,59,207431,0.125209263393
0.0292271205357,0.0387369791667,1,1469554435769,0.0374348958333,1,59,209452,0.112839471726
0.0239025297619,0.0283203125,1,1469554435770,0.0294131324405,2,59,211534,0.104050409226
0.02392578125,0.0343656994048,1,1469554435770,0.032459077381,3,59,213557,0.0986560639881
0.0320870535714,0.0397600446429,0,1469554435770,0.0357607886905,0,59,290917,0.117024739583
0.0376209077381,0.0557803199405,0,1469554435875,0.0499674479167,1,59,292979,0.147925967262
0.024669828869,0.0342726934524,0,1469554435875,0.0304827008929,2,59,295006,0.102004278274
0.0309709821429,0.0403180803571,0,1469554435876,0.0344819568452,3,59,297022,0.118257068452
0.038341703869,0.0538736979167,0,1469554435876,0.0472702752976,4,59,299045,0.14904203869
0.028552827381,0.0392020089286,0,1469554435876,0.0342494419643,5,59,301110,0.104817708333
0.02880859375,0.0419456845238,0,1469554435876,0.0362258184524,6,59,303112,0.108561197917
0.0417829241071,0.0530366443452,0,1469554435876,0.0475260416667,7,59,305138,0.153599330357
0.0325520833333,0.0449916294643,1,1469554435876,0.0380626860119,0,59,307656,0.125279017857
0.0291806175595,0.0387137276786,1,1469554435876,0.0373883928571,1,59,309694,0.112653459821
0.0242047991071,0.028552827381,1,1469554435876,0.0297619047619,2,59,311714,0.105259486607
0.0239722842262,0.0344587053571,1,1469554435876,0.032459077381,3,59,313730,0.098400297619
0.0320638020833,0.0397135416667,0,1469554435876,0.0357607886905,0,59,391108,0.117024739583
0.03759765625,0.0557570684524,0,1469554435876,0.0499441964286,1,59,393168,0.14783296131
0.024646577381,0.0342494419643,0,1469554435876,0.0304594494048,2,59,395201,0.10193452381
0.0309244791667,0.0403180803571,0,1469554435876,0.0345517113095,3,59,397315,0.118350074405
0.0383649553571,0.0538969494048,0,1469554435982,0.0472702752976,4,59,399322,0.14904203869
0.0285295758929,0.0391787574405,0,1469554435982,0.0342494419643,5,59,401327,0.104817708333
0.02880859375,0.0418991815476,0,1469554435982,0.0362025669643,6,59,403405,0.108630952381
0.041759672619,0.052990141369,0,1469554435982,0.0475492931548,7,59,405488,0.153669084821
0.0325055803571,0.0449451264881,1,1469554435983,0.0380161830357,0,59,407960,0.125093005952
0.0291573660714,0.0386904761905,1,1469554435983,0.0373883928571,1,59,409970,0.112513950893
0.0244838169643,0.0287620907738,1,1469554435983,0.0301106770833,2,59,411987,0.106352306548
0.0240652901786,0.0346447172619,1,1469554435983,0.0325985863095,3,59,414077,0.0984235491071
0.031994047619,0.0396437872024,0,1469554435983,0.0357375372024,0,59,491318,0.116931733631
0.0375046502976,0.0556408110119,0,1469554435983,0.0498744419643,1,59,493410,0.147530691964
0.0246233258929,0.0342029389881,0,1469554435983,0.0304361979167,2,59,495483,0.101818266369
0.0309709821429,0.0403180803571,0,1469554435983,0.0345284598214,3,59,497519,0.118419828869
0.0382952008929,0.0538969494048,0,1469554435983,0.0472470238095,4,59,499609,0.148902529762
0.0284830729167,0.0391090029762,0,1469554435983,0.0342029389881,5,59,501636,0.104817708333
0.0287388392857,0.0418061755952,0,1469554435983,0.0361560639881,6,59,503637,0.108607700893
0.0416899181548,0.0529436383929,0,1469554436092,0.0475725446429,7,59,505650,0.153622581845
0.0324125744048,0.0448288690476,1,1469554436092,0.0379464285714,0,59,508089,0.124813988095
0.0291108630952,0.0386439732143,1,1469554436092,0.037365141369,1,59,510091,0.112374441964
0.024669828869,0.0289015997024,1,1469554436092,0.0303664434524,2,59,512070,0.107096354167
0.0241117931548,0.0347144717262,1,1469554436097,0.0326450892857,3,59,514124,0.0984468005952
0.0319475446429,0.0395740327381,0,1469554436100,0.0357375372024,0,59,591451,0.116908482143
0.0374348958333,0.0555478050595,0,1469554436100,0.0498046875,1,59,593512,0.147321428571
0.0245768229167,0.0341564360119,0,1469554436100,0.0303896949405,2,59,595631,0.101632254464
0.0309477306548,0.0403180803571,0,1469554436100,0.0345052083333,3,59,597662,0.118419828869
0.0382486979167,0.0538271949405,0,1469554436100,0.0472005208333,4,59,599681,0.148763020833
0.0284830729167,0.0391090029762,0,1469554436100,0.0342029389881,5,59,601697,0.104631696429
0.0288783482143,0.0418991815476,0,1469554436100,0.0362723214286,6,59,603738,0.109095982143
0.0415969122024,0.0528738839286,0,1469554436100,0.0475492931548,7,59,605773,0.153576078869
0.0323195684524,0.0447358630952,1,1469554436100,0.037853422619,0,59,608246,0.12451171875
0.0290178571429,0.03857421875,1,1469554436100,0.0372721354167,1,59,610273,0.112095424107
0.0247395833333,0.0289481026786,1,1469554436270,0.0304827008929,2,59,612304,0.107398623512
0.0241117931548,0.0347144717262,1,1469554436270,0.0326450892857,3,59,614334,0.0984468005952
0.0318312872024,0.0395740327381,0,1469554436270,0.0357142857143,0,59,691726,0.116861979167
0.037365141369,0.0554780505952,0,1469554436270,0.0497581845238,1,59,693810,0.147135416667
0.0245303199405,0.0341331845238,0,1469554436270,0.0303664434524,2,59,695909,0.101585751488
0.0308779761905,0.040271577381,0,1469554436270,0.0344819568452,3,59,697932,0.118303571429
0.0381556919643,0.0537341889881,0,1469554436270,0.0471540178571,4,59,699965,0.148670014881
0.0283900669643,0.0390392485119,0,1469554436270,0.0341331845238,5,59,701976,0.104422433036
0.0295061383929,0.0423177083333,0,1469554436270,0.0367373511905,6,59,704049,0.110444568452
0.0415736607143,0.0528738839286,0,1469554436270,0.0475260416667,7,59,706098,0.153715587798
0.0322498139881,0.0446428571429,1,1469554436270,0.0377836681548,0,59,708622,0.124255952381
0.0289248511905,0.0384812127976,1,1469554436270,0.0372023809524,1,59,710648,0.111839657738
0.0247860863095,0.0289248511905,1,1469554436270,0.0304827008929,2,59,712664,0.107398623512
0.0239722842262,0.0345517113095,1,1469554436270,0.032459077381,3,59,714692,0.0981910342262
0.0316452752976,0.0394345238095,0,1469554436270,0.0355980282738,0,59,791823,0.11632719494
