blue,green,groupId,received,red,sensorId,time1,time2,white
0.0258091517857,0.0351795014881,1,1469806885969,0.0348074776786,1,31,727891,0.102632068452
0.0178803943452,0.0217633928571,1,1469806885969,0.0218796502976,2,31,729927,0.076892671131
0.0223679315476,0.0327613467262,1,1469806885969,0.0315755208333,3,31,731948,0.0933779761905
0.0254836309524,0.0327845982143,0,1469806885969,0.0280412946429,0,31,809237,0.0923781622024
0.0365978422619,0.0555943080357,0,1469806885969,0.0508277529762,1,31,811305,0.14806547619
0.0249720982143,0.0347842261905,0,1469806885969,0.0330636160714,2,31,813331,0.106398809524
0.0268322172619,0.03759765625,0,1469806885969,0.0291341145833,3,31,815357,0.0995628720238
0.0351097470238,0.0512230282738,0,1469806885969,0.0459914434524,4,31,817423,0.141136532738
0.0252743675595,0.036388578869,0,1469806885969,0.0326683407738,5,31,819461,0.0964704241071
0.0244373139881,0.0347609747024,0,1469806885969,0.029041108631,6,31,821488,0.0932849702381
0.0354817708333,0.0470842633929,0,1469806885969,0.0424107142857,7,31,823519,0.133510044643
0.0272972470238,0.0413411458333,1,1469806885969,0.0335984002976,0,31,826074,0.10437593006
0.0258091517857,0.0351795014881,1,1469806885970,0.0348307291667,1,31,828108,0.10265531994
0.0179036458333,0.0218098958333,1,1469806885970,0.0219261532738,2,31,830136,0.0770321800595
0.0224144345238,0.0327845982143,1,1469806885970,0.0316220238095,3,31,832145,0.0934012276786
0.0254603794643,0.0327845982143,0,1469806886148,0.0280180431548,0,31,909407,0.0923549107143
0.0365745907738,0.0555710565476,0,1469806886149,0.0508277529762,1,31,911480,0.148042224702
0.0249720982143,0.0347842261905,0,1469806886149,0.0330636160714,2,31,913514,0.106398809524
0.0268322172619,0.03759765625,0,1469806886149,0.0291108630952,3,31,915552,0.0995396205357
0.0351329985119,0.0512230282738,0,1469806886150,0.0460146949405,4,31,917563,0.141206287202
0.0252743675595,0.0364118303571,0,1469806886150,0.0326915922619,5,31,919584,0.0964936755952
0.0244140625,0.0347609747024,0,1469806886150,0.0290178571429,6,31,921701,0.0932384672619
0.0354585193452,0.0470842633929,0,1469806886150,0.0423874627976,7,31,923755,0.133440290179
0.0272972470238,0.0413178943452,1,1469806886151,0.0335751488095,0,31,926259,0.10437593006
0.0257859002976,0.03515625,1,1469806886151,0.0348074776786,1,31,928371,0.102562313988
0.0179734002976,0.0218331473214,1,1469806886151,0.0219959077381,2,31,930414,0.0772414434524
0.0223679315476,0.0327613467262,1,1469806886151,0.0315522693452,3,31,932430,0.0932384672619
0.0254836309524,0.0327845982143,0,1469806886151,0.0280412946429,0,32,9592,0.0923549107143
0.0365978422619,0.0555943080357,0,1469806886151,0.0508277529762,1,32,11632,0.14806547619
0.0249720982143,0.0347842261905,0,1469806886153,0.0330636160714,2,32,13636,0.106422061012
0.0268089657738,0.03759765625,0,1469806886254,0.0291108630952,3,32,15659,0.0995163690476
0.0351097470238,0.0511997767857,0,1469806886255,0.0459914434524,4,32,17763,0.141159784226
0.0252976190476,0.036388578869,0,1469806886255,0.0326683407738,5,32,19809,0.0965169270833
0.0244373139881,0.0347609747024,0,1469806886255,0.029041108631,6,32,21846,0.0932849702381
0.0354585193452,0.0470842633929,0,1469806886255,0.0423874627976,7,32,23879,0.133440290179
0.0273204985119,0.0413178943452,1,1469806886255,0.0335751488095,0,32,26465,0.10437593006
0.0257626488095,0.0351795014881,1,1469806886255,0.0348074776786,1,32,28505,0.102515811012
0.0180199032738,0.0218563988095,1,1469806886256,0.0219959077381,2,32,30537,0.0773577008929
0.0223446800595,0.03271484375,1,1469806886256,0.0314592633929,3,32,32626,0.0931222098214
0.0254836309524,0.0327845982143,0,1469806886256,0.0280412946429,0,32,109768,0.0923781622024
0.0365978422619,0.0555943080357,0,1469806886256,0.0508277529762,1,32,111829,0.148042224702
0.0249720982143,0.0347842261905,0,1469806886256,0.0330636160714,2,32,113897,0.1064453125
0.0268089657738,0.03759765625,0,1469806886256,0.0291108630952,3,32,116011,0.0995163690476
0.0350864955357,0.0511997767857,0,1469806886256,0.0459681919643,4,32,118045,0.141136532738
0.0252743675595,0.036388578869,0,1469806886256,0.0326683407738,5,32,120083,0.096447172619
0.0244373139881,0.0347609747024,0,1469806886361,0.029041108631,6,32,122172,0.09326171875
0.0354585193452,0.0470610119048,0,1469806886361,0.0423874627976,7,32,124270,0.133440290179
0.0272972470238,0.0412946428571,1,1469806886361,0.0335751488095,0,32,126741,0.104329427083
0.0257626488095,0.03515625,1,1469806886361,0.0347842261905,1,32,128786,0.102446056548
0.0180199032738,0.0218331473214,1,1469806886361,0.02197265625,2,32,130814,0.0773344494048
0.0222981770833,0.0326683407738,1,1469806886361,0.0313662574405,3,32,132816,0.0929827008929
0.0254836309524,0.0327845982143,0,1469806886361,0.0280412946429,0,32,209961,0.0923549107143
0.0365745907738,0.0555710565476,0,1469806886361,0.0508277529762,1,32,212034,0.14806547619
0.0249720982143,0.0347842261905,0,1469806886361,0.0330868675595,2,32,214138,0.1064453125
0.0268322172619,0.0376209077381,0,1469806886361,0.0291341145833,3,32,216165,0.0995163690476
0.0351097470238,0.0511997767857,0,1469806886362,0.0459914434524,4,32,218271,0.141159784226
0.0252743675595,0.036388578869,0,1469806886362,0.0326683407738,5,32,220313,0.0965169270833
0.0244373139881,0.0347842261905,0,1469806886362,0.029041108631,6,32,222339,0.0933082217262
0.0354585193452,0.0470610119048,0,1469806886362,0.0423874627976,7,32,224474,0.133440290179
0.0272972470238,0.0413178943452,1,1469806886362,0.0335751488095,0,32,226970,0.104329427083
0.0257626488095,0.03515625,1,1469806886469,0.0347842261905,1,32,228984,0.102399553571
0.0180431547619,0.0218563988095,1,1469806886469,0.0220191592262,2,32,231009,0.0774507068452
0.0222749255952,0.0326450892857,1,1469806886469,0.0313197544643,3,32,233031,0.0929827008929
0.0254836309524,0.0327845982143,0,1469806886469,0.0280412946429,0,32,310124,0.0923781622024
0.0365978422619,0.0555943080357,0,1469806886469,0.0508510044643,1,32,312197,0.148111979167
0.0249720982143,0.0347842261905,0,1469806886469,0.0330868675595,2,32,314327,0.1064453125
0.0268322172619,0.03759765625,0,1469806886469,0.0291341145833,3,32,316336,0.0994931175595
0.0350864955357,0.0511765252976,0,1469806886469,0.0459449404762,4,32,318351,0.141090029762
0.0252976190476,0.0364118303571,0,1469806886469,0.0326915922619,5,32,320472,0.0965169270833
0.0244373139881,0.0347609747024,0,1469806886469,0.029041108631,6,32,322516,0.0932849702381
0.0354585193452,0.0470842633929,0,1469806886469,0.0423874627976,7,32,324564,0.133440290179
0.0273204985119,0.0413411458333,1,1469806886469,0.0335984002976,0,32,327048,0.104399181548
0.0257626488095,0.03515625,1,1469806886469,0.0347609747024,1,32,329098,0.102353050595
0.01806640625,0.0219029017857,1,1469806886469,0.0220424107143,2,32,331121,0.0775902157738
0.0222749255952,0.0326450892857,1,1469806886469,0.0313197544643,3,32,333131,0.0928664434524
0.0254836309524,0.0327845982143,0,1469806886648,0.0280412946429,0,32,410371,0.0923781622024
0.0365978422619,0.0555943080357,0,1469806886648,0.0508510044643,1,32,412435,0.148111979167
0.0249720982143,0.0347842261905,0,1469806886648,0.0330636160714,2,32,414468,0.106422061012
0.0267857142857,0.0375744047619,0,1469806886648,0.0291108630952,3,32,416556,0.0994698660714
0.0350864955357,0.0511532738095,0,1469806886649,0.0459449404762,4,32,418578,0.14111328125
0.0252743675595,0.036388578869,0,1469806886649,0.0326683407738,5,32,420612,0.0964936755952
0.0244140625,0.0347377232143,0,1469806886649,0.0290178571429,6,32,422634,0.09326171875
0.0354817708333,0.047107514881,0,1469806886649,0.0424107142857,7,32,424711,0.133486793155
0.0272972470238,0.0413411458333,1,1469806886649,0.0335984002976,0,32,427209,0.104329427083
0.0257626488095,0.0351795014881,1,1469806886649,0.0347842261905,1,32,429241,0.102399553571
0.0181129092262,0.0219261532738,1,1469806886649,0.0220889136905,2,32,431252,0.0776832217262
0.0222981770833,0.0326683407738,1,1469806886649,0.0313662574405,3,32,433283,0.0929594494048
0.0254603794643,0.0327613467262,0,1469806886649,0.0280180431548,0,32,510481,0.0923316592262
0.0365513392857,0.0555478050595,0,1469806886649,0.0508045014881,1,32,512614,0.147995721726
0.0249255952381,0.0347144717262,0,1469806886649,0.0330171130952,2,32,514643,0.106212797619
0.0264136904762,0.0370628720238,0,1469806886755,0.0289015997024,3,32,516657,0.0986793154762
0.034923735119,0.0508045014881,0,1469806886755,0.0455961681548,4,32,518659,0.140648251488
0.0252743675595,0.036365327381,0,1469806886755,0.0326450892857,5,32,520730,0.096423921131
0.0243908110119,0.0346912202381,0,1469806886755,0.0289946056548,6,32,522757,0.0931687127976
0.0354817708333,0.047107514881,0,1469806886756,0.0424107142857,7,32,524799,0.133510044643
0.0272274925595,0.0413178943452,1,1469806886756,0.0336216517857,0,32,527284,0.103934151786
0.0257626488095,0.03515625,1,1469806886756,0.0347842261905,1,32,529326,0.10242280506
0.0181361607143,0.02197265625,1,1469806886756,0.0221586681548,2,32,531345,0.0779157366071
0.0223679315476,0.0327613467262,1,1469806886756,0.0314592633929,3,32,533348,0.0931222098214
0.0254138764881,0.0326915922619,0,1469806886756,0.0279947916667,0,32,610680,0.0921921502976
0.0365048363095,0.0554780505952,0,1469806886756,0.0507347470238,1,32,612732,0.147693452381
0.0248790922619,0.0346214657738,0,1469806886756,0.032970610119,2,32,614768,0.10595703125
0.0260881696429,0.036365327381,0,1469806886756,0.0285295758929,3,32,616795,0.0973539806548
0.0345052083333,0.0499441964286,0,1469806886756,0.044689360119,4,32,618812,0.13953218006
0.0252278645833,0.0363188244048,0,1469806886756,0.0325753348214,5,32,620850,0.0961449032738
0.0243210565476,0.0345749627976,0,1469806886861,0.0289015997024,6,32,622862,0.0929827008929
0.0355050223214,0.0470842633929,0,1469806886861,0.0424107142857,7,32,624906,0.133510044643
0.027111235119,0.041248139881,1,1469806886862,0.0335751488095,0,32,627390,0.103515625
0.0257626488095,0.03515625,1,1469806886862,0.0347842261905,1,32,629406,0.102329799107
0.018322172619,0.0221121651786,1,1469806886862,0.0222981770833,2,32,631417,0.0785900297619
0.0223911830357,0.0327845982143,1,1469806886862,0.0314592633929,3,32,633448,0.0930757068452
0.0254603794643,0.0328078497024,0,1469806886862,0.0281110491071,0,32,710859,0.0923781622024
0.0364583333333,0.0553850446429,0,1469806886862,0.0506882440476,1,32,712940,0.147437686012
0.0248790922619,0.03466796875,0,1469806886862,0.032970610119,2,32,714973,0.105864025298
0.0267159598214,0.0375744047619,0,1469806886862,0.0289481026786,3,32,716983,0.0983072916667
0.0340401785714,0.050060453869,0,1469806886862,0.0446196056548,4,32,718992,0.138439360119
0.0252046130952,0.0362723214286,0,1469806886862,0.0325520833333,5,32,721043,0.0960518973214
0.0242513020833,0.0343889508929,0,1469806886862,0.0287620907738,6,32,723074,0.0926804315476
0.0354585193452,0.0470610119048,0,1469806886862,0.0424107142857,7,32,725115,0.133463541667
0.0269484747024,0.0410853794643,1,1469806886862,0.0335053943452,0,32,727607,0.10302734375
0.0256928943452,0.0351097470238,1,1469806886970,0.0347144717262,1,32,729643,0.101981026786
0.0186476934524,0.0223446800595,1,1469806886970,0.0225539434524,2,32,731665,0.0796363467262
0.0224144345238,0.0328311011905,1,1469806886970,0.0313662574405,3,32,733667,0.0928199404762
0.0255998883929,0.032947358631,0,1469806886970,0.0282273065476,0,32,811043,0.092517671131
0.0364118303571,0.0553152901786,0,1469806886970,0.0506184895833,1,32,813102,0.147205171131
0.0248558407738,0.03466796875,0,1469806886970,0.0329938616071,2,32,815134,0.10558500744
0.0270647321429,0.0384812127976,0,1469806886970,0.029296875,3,32,817151,0.0993071056548
0.0340866815476,0.0498976934524,0,1469806886970,0.0450613839286,4,32,819166,0.136928013393
0.0251813616071,0.0362258184524,0,1469806886970,0.0325288318452,5,32,821211,0.0960053943452
0.024181547619,0.0342726934524,0,1469806886971,0.0286458333333,6,32,823234,0.0924711681548
0.0354352678571,0.0470377604167,0,1469806886971,0.0423874627976,7,32,825291,0.133393787202
0.02685546875,0.0409923735119,1,1469806886971,0.033435639881,0,32,827777,0.103190104167
0.0255998883929,0.0350399925595,1,1469806886971,0.03466796875,1,32,829809,0.101539248512
0.0186476934524,0.0223446800595,1,1469806886971,0.0225539434524,2,32,831819,0.0796363467262
0.0224609375,0.0329241071429,1,1469806886971,0.0312267485119,3,32,833892,0.0924246651786
0.0257161458333,0.0333658854167,0,1469806887149,0.0285063244048,0,32,911211,0.0936569940476
0.036365327381,0.0552455357143,0,1469806887149,0.050548735119,1,32,913286,0.147065662202
0.0250418526786,0.0348539806548,0,1469806887149,0.0333193824405,2,32,915326,0.10693359375
0.0272739955357,0.0389229910714,0,1469806887149,0.029552641369,3,32,917337,0.10021391369
0.0348074776786,0.0507114955357,0,1469806887149,0.0455961681548,4,32,919366,0.139206659226
0.0251813616071,0.0362258184524,0,1469806887149,0.0325520833333,5,32,921456,0.0961216517857
0.0242047991071,0.0342494419643,0,1469806887149,0.0286690848214,6,32,923500,0.092517671131
0.035412016369,0.0469912574405,0,1469806887149,0.0424107142857,7,32,925531,0.13330078125
0.0270647321429,0.0410853794643,1,1469806887149,0.033458891369,0,32,928018,0.103864397321
0.0255301339286,0.0349469866071,1,1469806887149,0.0345982142857,1,32,930066,0.101236979167
0.0189034598214,0.0224841889881,1,1469806887149,0.0227632068452,2,32,932087,0.0803571428571
0.0225771949405,0.0330868675595,1,1469806887149,0.03125,3,32,934172,0.0923316592262
0.0257626488095,0.0333658854167,0,1469806887149,0.0292271205357,0,33,11357,0.0941452752976
0.0364583333333,0.0553617931548,0,1469806887149,0.0506649925595,1,33,13402,0.147553943452
0.0249953497024,0.0348074776786,0,1469806887149,0.0331566220238,2,33,15498,0.106677827381
0.0274832589286,0.0393647693452,0,1469806887258,0.02978515625,3,33,17541,0.101050967262
0.0350864955357,0.0511067708333,0,1469806887258,0.0460379464286,4,33,19576,0.140950520833
0.0252046130952,0.0362490699405,0,1469806887259,0.0325520833333,5,33,21631,0.09619140625
0.0242513020833,0.0343656994048,0,1469806887259,0.0287853422619,6,33,23660,0.0927269345238
0.0352725074405,0.046875,0,1469806887259,0.0423409598214,7,33,25705,0.132882254464
0.0272739955357,0.041271391369,1,1469806887259,0.0335751488095,0,33,28194,0.104585193452
0.0255533854167,0.034923735119,1,1469806887259,0.0346214657738,1,33,30227,0.101399739583
0.0188337053571,0.0224376860119,1,1469806887259,0.0227864583333,2,33,32241,0.0801246279762
0.0226236979167,0.0331333705357,1,1469806887259,0.0313430059524,3,33,34354,0.0924479166667
0.0255301339286,0.0329938616071,0,1469806887259,0.0282505580357,0,33,111591,0.0928199404762
0.0365280877976,0.0554547991071,0,1469806887259,0.0507579985119,1,33,113672,0.147879464286
0.0249255952381,0.0346912202381,0,1469806887259,0.032970610119,2,33,115725,0.106212797619
0.027599516369,0.0395275297619,0,1469806887259,0.0299246651786,3,33,117731,0.1015625
0.0352027529762,0.0512230282738,0,1469806887259,0.0461077008929,4,33,119750,0.141345796131
0.0252046130952,0.0362723214286,0,1469806887259,0.0325753348214,5,33,121835,0.0962146577381
0.0242978050595,0.034412202381,0,1469806887259,0.0288783482143,6,33,123860,0.0928896949405
0.0352492559524,0.0468517485119,0,1469806887366,0.0422944568452,7,33,125949,0.132742745536
0.0274367559524,0.0413178943452,1,1469806887366,0.0336216517857,0,33,128512,0.105166480655
0.0255301339286,0.0348772321429,1,1469806887366,0.0345284598214,1,33,130554,0.101329985119
0.0186244419643,0.0223214285714,1,1469806887366,0.0226702008929,2,33,132572,0.0794503348214
0.0225771949405,0.0330403645833,1,1469806887366,0.0314360119048,3,33,134603,0.092517671131
0.0251813616071,0.0326683407738,0,1469806887366,0.0278785342262,0,33,211747,0.0916573660714
0.0365513392857,0.0554547991071,0,1469806887366,0.0507579985119,1,33,213812,0.147925967262
0.0249255952381,0.0346912202381,0,1469806887366,0.0329938616071,2,33,215918,0.106189546131
0.0276460193452,0.0395275297619,0,1469806887367,0.0299014136905,3,33,217973,0.10167875744
0.0352027529762,0.0512230282738,0,1469806887367,0.0461077008929,4,33,220005,0.141345796131
0.0252046130952,0.0362723214286,0,1469806887367,0.0325753348214,5,33,222042,0.0962146577381
0.0243210565476,0.0344819568452,0,1469806887367,0.0289248511905,6,33,224137,0.0929594494048
0.0352492559524,0.0468517485119,0,1469806887367,0.0422944568452,7,33,226231,0.132742745536
0.0275065104167,0.0413876488095,1,1469806887367,0.03369140625,0,33,228717,0.105492001488
0.0255068824405,0.0348074776786,1,1469806887367,0.0345052083333,1,33,230748,0.101306733631
0.0183919270833,0.0221586681548,1,1469806887554,0.0224841889881,2,33,232793,0.0787992931548
0.0223911830357,0.0328078497024,1,1469806887557,0.0313662574405,3,33,234830,0.0922619047619
0.0252511160714,0.0326218377976,0,1469806887557,0.0280412946429,0,33,311933,0.0920991443452
0.0365048363095,0.055431547619,0,1469806887557,0.0507114955357,1,33,314115,0.147856212798
0.0249255952381,0.0347144717262,0,1469806887557,0.0329938616071,2,33,316146,0.106143043155
0.027599516369,0.0395275297619,0,1469806887557,0.0298781622024,3,33,318154,0.101515997024
0.0352027529762,0.0512230282738,0,1469806887557,0.046130952381,4,33,320179,0.141415550595
0.0252046130952,0.0362723214286,0,1469806887558,0.0325753348214,5,33,322280,0.0962146577381
0.0243210565476,0.0345517113095,0,1469806887558,0.0289481026786,6,33,324352,0.093005952381
0.0352957589286,0.0468982514881,0,1469806887558,0.0423409598214,7,33,326394,0.132975260417
0.0274135044643,0.0412946428571,1,1469806887563,0.0336449032738,0,33,328899,0.105282738095
0.0255068824405,0.0348074776786,1,1469806887563,0.0345749627976,1,33,330933,0.10144624256
0.0182291666667,0.0220191592262,1,1469806887563,0.0222981770833,2,33,332942,0.0783110119048
0.0221121651786,0.0323893229167,1,1469806887563,0.0311104910714,3,33,334966,0.0912853422619
0.0254371279762,0.0328543526786,0,1469806887563,0.028552827381,0,33,412108,0.0932849702381
0.036365327381,0.0552455357143,0,1469806887652,0.0505719866071,1,33,414248,0.147367931548
0.0248093377976,0.0345982142857,0,1469806887652,0.032970610119,2,33,416271,0.105561755952
0.0275065104167,0.0393880208333,0,1469806887652,0.0297619047619,3,33,418371,0.101260230655
0.03515625,0.0511300223214,0,1469806887652,0.0460844494048,4,33,420393,0.141322544643
0.025158110119,0.0361793154762,0,1469806887652,0.0325288318452,5,33,422425,0.0960518973214
0.0243443080357,0.0345749627976,0,1469806887652,0.0289713541667,6,33,424551,0.0930524553571
0.0353655133929,0.0469447544643,0,1469806887652,0.0423874627976,7,33,426583,0.133207775298
0.0272507440476,0.0410853794643,1,1469806887654,0.0334821428571,0,33,429068,0.104468936012
0.0255533854167,0.0348772321429,1,1469806887654,0.0346447172619,1,33,431087,0.101632254464
0.01806640625,0.0217633928571,1,1469806887654,0.0220889136905,2,33,433112,0.0777297247024
0.02197265625,0.0322498139881,1,1469806887654,0.0311104910714,3,33,435143,0.0915178571429
0.025646391369,0.0331101190476,0,1469806887654,0.0285993303571,0,33,512252,0.0932384672619
0.0361560639881,0.0549665178571,0,1469806887654,0.0503627232143,1,33,514410,0.146461123512
0.0247163318452,0.0344587053571,0,1469806887654,0.0328543526786,2,33,516421,0.105305989583
0.0274367559524,0.0392717633929,0,1469806887654,0.0297386532738,3,33,518431,0.101120721726
0.0350399925595,0.0509672619048,0,1469806887759,0.0459449404762,4,33,520537,0.140764508929
0.0251116071429,0.0361095610119,0,1469806887759,0.032459077381,5,33,522591,0.095935639881
0.0244605654762,0.0347842261905,0,1469806887759,0.029041108631,6,33,524635,0.0933082217262
0.035412016369,0.0470145089286,0,1469806887759,0.0424339657738,7,33,526648,0.133393787202
0.0271577380952,0.0408761160714,1,1469806887759,0.0331566220238,0,33,529316,0.103538876488
0.025623139881,0.0349702380952,1,1469806887759,0.0346912202381,1,33,531398,0.101888020833
0.0176478794643,0.0212053571429,1,1469806887759,0.0216238839286,2,33,533424,0.0762648809524
0.0220191592262,0.0322730654762,1,1469806887759,0.0311337425595,3,33,535505,0.09228515625
0.025390625,0.0328311011905,0,1469806887759,0.0283668154762,0,33,612450,0.0925641741071
0.0361328125,0.054943266369,0,1469806887759,0.0503162202381,1,33,614517,0.146251860119
0.0247860863095,0.0345284598214,0,1469806887759,0.0329008556548,2,33,616599,0.105515252976
0.0271344866071,0.0383649553571,0,1469806887759,0.0293666294643,3,33,618627,0.100074404762
0.0348772321429,0.0509672619048,0,1469806887759,0.0458519345238,4,33,620657,0.140345982143
0.0251813616071,0.0362025669643,0,1469806887759,0.0325520833333,5,33,622695,0.0960984002976
0.0244605654762,0.0347842261905,0,1469806887759,0.029041108631,6,33,624818,0.0933082217262
0.0354352678571,0.0470377604167,0,1469806887866,0.0423874627976,7,33,626844,0.133393787202
0.0270647321429,0.0408993675595,1,1469806887866,0.0331101190476,0,33,629331,0.102841331845
0.025623139881,0.0350167410714,1,1469806887866,0.0346912202381,1,33,631362,0.101888020833
0.0178571428571,0.0215541294643,1,1469806887866,0.021740141369,2,33,633386,0.0767764136905
0.0221354166667,0.0324125744048,1,1469806887866,0.0310407366071,3,33,635485,0.0923549107143
0.0252511160714,0.0325753348214,0,1469806887866,0.028064546131,0,33,712695,0.0919596354167
0.0362490699405,0.0551060267857,0,1469806887866,0.0504557291667,1,33,714780,0.146716889881
0.0247860863095,0.0345284598214,0,1469806887866,0.0329241071429,2,33,716793,0.105654761905
0.0271809895833,0.0384347098214,0,1469806887866,0.0294363839286,3,33,718805,0.10021391369
0.0348772321429,0.0509672619048,0,1469806887866,0.0458286830357,4,33,720878,0.140718005952
0.0252278645833,0.0362955729167,0,1469806887866,0.0326218377976,5,33,722923,0.0963076636905
0.0244605654762,0.0348772321429,0,1469806887866,0.0291108630952,6,33,724965,0.0934012276786
0.035412016369,0.0469912574405,0,1469806887867,0.0423642113095,7,33,726987,0.133277529762
0.0268322172619,0.0407366071429,1,1469806887867,0.0331566220238,0,33,729486,0.102701822917
0.0255301339286,0.0349934895833,1,1469806887867,0.0346447172619,1,33,731523,0.101376488095
0.0185081845238,0.02197265625,1,1469806888047,0.0222516741071,2,33,733541,0.0786830357143
0.022228422619,0.0326450892857,1,1469806888048,0.0308547247024,3,33,735564,0.091541108631
0.0252976190476,0.0327845982143,0,1469806888048,0.0281343005952,0,33,812797,0.0919131324405
0.0362258184524,0.0550362723214,0,1469806888049,0.0504324776786,1,33,814872,0.146647135417
0.0248093377976,0.0345982142857,0,1469806888049,0.032970610119,2,33,816907,0.105724516369
0.0272739955357,0.0388997395833,0,1469806888049,0.0295991443452,3,33,818920,0.100655691964
0.0348307291667,0.0508975074405,0,1469806888049,0.0458519345238,4,33,820932,0.139950706845
0.0251813616071,0.0362258184524,0,1469806888049,0.0325520833333,5,33,822970,0.0961449032738
0.0242978050595,0.0345052083333,0,1469806888049,0.0289015997024,6,33,825018,0.0929361979167
0.0353422619048,0.0469447544643,0,1469806888049,0.0423409598214,7,33,827053,0.133114769345
0.02685546875,0.0408063616071,1,1469806888049,0.0333426339286,0,33,829541,0.103259858631
0.0254371279762,0.034900483631,1,1469806888049,0.0345517113095,1,33,831568,0.100934709821
0.0185081845238,0.0217866443452,1,1469806888050,0.0222981770833,2,33,833629,0.0786597842262
0.0221586681548,0.0325520833333,1,1469806888050,0.0308314732143,3,33,835662,0.0911225818452
0.0254138764881,0.0329241071429,0,1469806888050,0.0283435639881,0,33,912969,0.0921223958333
0.0363188244048,0.0551292782738,0,1469806888153,0.0505022321429,1,33,915050,0.14708891369
0.0248558407738,0.0346447172619,0,1469806888153,0.0329938616071,2,33,917045,0.105864025298
0.0273204985119,0.0389694940476,0,1469806888153,0.0295758928571,3,33,919045,0.100725446429
0.0349934895833,0.0509905133929,0,1469806888153,0.0459681919643,4,33,921132,0.14074125744
0.025134858631,0.0361328125,0,1469806888153,0.032482328869,5,33,923197,0.095958891369
0.0242745535714,0.034412202381,0,1469806888153,0.0288318452381,6,33,925235,0.0927966889881
0.0353422619048,0.0469215029762,0,1469806888153,0.0423642113095,7,33,927263,0.133114769345
0.0270414806548,0.0409923735119,1,1469806888153,0.0335053943452,0,33,929769,0.104073660714
0.0255068824405,0.034923735119,1,1469806888154,0.0345982142857,1,33,931794,0.101213727679
0.0184384300595,0.0219261532738,1,1469806888154,0.0223214285714,2,33,933805,0.0786830357143
0.0221586681548,0.0325520833333,1,1469806888154,0.0308314732143,3,33,935901,0.0911225818452
0.0255068824405,0.0329938616071,0,1469806888154,0.0282970610119,0,34,13118,0.0927966889881
0.036365327381,0.0552455357143,0,1469806888154,0.0505952380952,1,34,15216,0.147367931548
0.0248790922619,0.0346447172619,0,1469806888154,0.032970610119,2,34,17253,0.105910528274
0.0274135044643,0.0391555059524,0,1469806888154,0.0296688988095,3,34,19272,0.100981212798
0.0351329985119,0.0511300223214,0,1469806888260,0.0460844494048,4,34,21305,0.14122953869
0.025134858631,0.0361560639881,0,1469806888260,0.0325055803571,5,34,23340,0.0960053943452
0.0242513020833,0.0343889508929,0,1469806888260,0.0288318452381,6,34,25386,0.0927734375
0.0353422619048,0.0469215029762,0,1469806888260,0.0423874627976,7,34,27437,0.133138020833
0.0272042410714,0.0411318824405,1,1469806888260,0.0336216517857,0,34,29926,0.104678199405
0.0255533854167,0.034900483631,1,1469806888260,0.0345982142857,1,34,31955,0.101422991071
0.0181594122024,0.0218098958333,1,1469806888260,0.0221121651786,2,34,34095,0.0779157366071
0.0219959077381,0.0323195684524,1,1469806888260,0.0308779761905,3,34,36138,0.0910063244048
0.0254138764881,0.0328543526786,0,1469806888260,0.0283435639881,0,34,113323,0.0931919642857
0.036388578869,0.0552687872024,0,1469806888260,0.0505952380952,1,34,115452,0.147391183036
0.0248790922619,0.03466796875,0,1469806888260,0.032970610119,2,34,117470,0.10595703125
0.0274600074405,0.0392717633929,0,1469806888260,0.0297154017857,3,34,119474,0.10119047619
0.03515625,0.0511532738095,0,1469806888260,0.0460844494048,4,34,121517,0.141252790179
0.025158110119,0.0361793154762,0,1469806888260,0.0325055803571,5,34,123556,0.0960518973214
0.0242978050595,0.0344819568452,0,1469806888260,0.0289015997024,6,34,125603,0.0929129464286
0.0353655133929,0.0469912574405,0,1469806888366,0.0424339657738,7,34,127626,0.133254278274
0.0272042410714,0.0411318824405,1,1469806888367,0.0336216517857,0,34,130125,0.104678199405
0.0255998883929,0.034900483631,1,1469806888367,0.0346214657738,1,34,132154,0.101725260417
0.0178571428571,0.0215541294643,1,1469806888367,0.0218796502976,2,34,134242,0.0770089285714
0.0219029017857,0.0321335565476,1,1469806888367,0.0309477306548,3,34,136267,0.0912155877976
0.0255533854167,0.0330171130952,0,1469806888367,0.0283900669643,0,34,213482,0.0931687127976
0.0363188244048,0.0551525297619,0,1469806888367,0.050525483631,1,34,215564,0.147065662202
0.0248093377976,0.0345982142857,0,1469806888367,0.032970610119,2,34,217592,0.105678013393
0.0274367559524,0.0392020089286,0,1469806888367,0.0296921502976,3,34,219611,0.10107421875
0.0350864955357,0.0510835193452,0,1469806888367,0.0460611979167,4,34,221642,0.141066778274
0.025134858631,0.0361328125,0,1469806888367,0.032482328869,5,34,223685,0.095958891369
0.0243210565476,0.0345517113095,0,1469806888374,0.0289248511905,6,34,225735,0.093005952381
0.0354352678571,0.0470377604167,0,1469806888374,0.04248046875,7,34,227766,0.133463541667
0.0272042410714,0.0410621279762,1,1469806888374,0.0335518973214,0,34,230250,0.104538690476
0.0256928943452,0.0349934895833,1,1469806888374,0.0347144717262,1,34,232263,0.102190290179
0.0173688616071,0.0210193452381,1,1469806888550,0.0214146205357,2,34,234344,0.075451078869
0.0218563988095,0.0320638020833,1,1469806888550,0.0310639880952,3,34,236359,0.091564360119
0.0255533854167,0.0330403645833,0,1469806888550,0.0285993303571,0,34,313671,0.0929361979167
0.0361560639881,0.054943266369,0,1469806888550,0.0503394717262,1,34,315752,0.146321614583
0.0247395833333,0.0344819568452,0,1469806888550,0.0328543526786,2,34,317769,0.105329241071
0.0273902529762,0.0390857514881,0,1469806888550,0.0296223958333,3,34,319783,0.100934709821
0.034923735119,0.0509672619048,0,1469806888550,0.0458984375,4,34,321831,0.14025297619
0.025158110119,0.0361793154762,0,1469806888550,0.0325288318452,5,34,323878,0.0960751488095
0.0243908110119,0.03466796875,0,1469806888550,0.0289713541667,6,34,326003,0.0931222098214
0.0354585193452,0.0470842633929,0,1469806888550,0.0424572172619,7,34,328042,0.133533296131
0.0271344866071,0.0408528645833,1,1469806888550,0.0332728794643,0,34,330574,0.103841145833
0.0257626488095,0.0350399925595,1,1469806888550,0.0347842261905,1,34,332601,0.102678571429
0.0172061011905,0.0211356026786,1,1469806888550,0.0212751116071,2,34,334626,0.0746140252976
0.0219261532738,0.0321335565476,1,1469806888550,0.0313662574405,3,34,336696,0.0925641741071
0.0253673735119,0.0327380952381,0,1469806888550,0.0282505580357,0,34,413834,0.0924944196429
0.036365327381,0.0552687872024,0,1469806888654,0.050548735119,1,34,415976,0.146995907738
0.0248558407738,0.0346447172619,0,1469806888654,0.032970610119,2,34,418080,0.105933779762
0.0269484747024,0.0378766741071,0,1469806888654,0.0291573660714,3,34,420080,0.0996791294643
0.0349469866071,0.0508975074405,0,1469806888654,0.0456891741071,4,34,422097,0.14074125744
0.0252743675595,0.036365327381,0,1469806888654,0.0326683407738,5,34,424199,0.096447172619
0.0245070684524,0.034923735119,0,1469806888654,0.0290876116071,6,34,426251,0.0934244791667
0.0354817708333,0.0470842633929,0,1469806888654,0.0424339657738,7,34,428279,0.133533296131
0.0271577380952,0.0408296130952,1,1469806888654,0.0330403645833,0,34,430764,0.103004092262
0.0258324032738,0.0351329985119,1,1469806888654,0.0348307291667,1,34,432867,0.103073846726
0.0176013764881,0.0215773809524,1,1469806888654,0.021716889881,2,34,434904,0.076404389881
0.022205171131,0.032482328869,1,1469806888654,0.0318312872024,3,34,436919,0.093982514881
0.0253208705357,0.0325985863095,0,1469806888654,0.0279482886905,0,34,514110,0.092029389881
0.0364583333333,0.055408296131,0,1469806888654,0.0507114955357,1,34,516153,0.147414434524
0.02490234375,0.0346912202381,0,1469806888654,0.0330171130952,2,34,518176,0.106119791667
0.0264834449405,0.0370163690476,0,1469806888654,0.02880859375,3,34,520198,0.0987258184524
0.0350399925595,0.0508510044643,0,1469806888760,0.0458286830357,4,34,522240,0.140973772321
0.0252976190476,0.036388578869,0,1469806888760,0.0326450892857,5,34,524332,0.096447172619
0.0243908110119,0.0347842261905,0,1469806888761,0.0290876116071,6,34,526375,0.0932384672619
0.0354585193452,0.0470610119048,0,1469806888761,0.0423874627976,7,34,528400,0.133440290179
0.0272972470238,0.0411318824405,1,1469806888761,0.0336216517857,0,34,530952,0.1044921875
0.0258324032738,0.0352027529762,1,1469806888761,0.0348307291667,1,34,532979,0.102957589286
0.0179501488095,0.0218563988095,1,1469806888761,0.0220656622024,2,34,534998,0.0775669642857
0.0223911830357,0.0327380952381,1,1469806888761,0.0318545386905,3,34,537028,0.0939360119048
0.0252976190476,0.0325520833333,0,1469806888761,0.0278785342262,0,34,614256,0.0918433779762
0.0365280877976,0.0555013020833,0,1469806888761,0.05078125,1,34,616316,0.147739955357
0.0249488467262,0.0347377232143,0,1469806888761,0.0330403645833,2,34,618390,0.106282552083
0.0264834449405,0.0370163690476,0,1469806888761,0.02880859375,3,34,620402,0.0987723214286
0.0350167410714,0.0508975074405,0,1469806888761,0.0458286830357,4,34,622436,0.140904017857
0.0252743675595,0.036388578869,0,1469806888761,0.0326683407738,5,34,624548,0.096447172619
0.0243675595238,0.0347144717262,0,1469806888761,0.0290876116071,6,34,626622,0.0932152157738
0.0354585193452,0.0470610119048,0,1469806888867,0.0424107142857,7,34,628655,0.133440290179
0.0272739955357,0.0410388764881,1,1469806888867,0.0334821428571,0,34,631132,0.104329427083
0.0258324032738,0.0352027529762,1,1469806888868,0.0348307291667,1,34,633162,0.10291108631
0.0179501488095,0.0218563988095,1,1469806888868,0.0220656622024,2,34,635189,0.0775669642857
0.0224609375,0.0328776041667,1,1469806888868,0.0318777901786,3,34,637213,0.0938662574405
0.025390625,0.0326218377976,0,1469806888868,0.0279715401786,0,34,714379,0.0921456473214
0.0365513392857,0.0555478050595,0,1469806888868,0.0508277529762,1,34,716434,0.147925967262
0.0249488467262,0.0347377232143,0,1469806888868,0.0330403645833,2,34,718445,0.106352306548
0.0265764508929,0.0371326264881,0,1469806888868,0.0288550967262,3,34,720473,0.0988420758929
0.0350632440476,0.0510835193452,0,1469806888868,0.0458984375,4,34,722586,0.14099702381
0.0252976190476,0.0364118303571,0,1469806888868,0.0326683407738,5,34,724640,0.0964936755952
0.0243675595238,0.0347609747024,0,1469806888868,0.0290876116071,6,34,726653,0.0931919642857
0.0354585193452,0.0470610119048,0,1469806888868,0.0424107142857,7,34,728754,0.133440290179
0.0272972470238,0.0410388764881,1,1469806888868,0.0335053943452,0,34,731247,0.104515438988
0.02587890625,0.0352260044643,1,1469806888868,0.0348539806548,1,34,733263,0.103097098214
0.0179501488095,0.0219261532738,1,1469806889049,0.0221121651786,2,34,735280,0.0777297247024
0.0224609375,0.0329008556548,1,1469806889049,0.0319475446429,3,34,737299,0.093982514881
0.025390625,0.0326218377976,0,1469806889049,0.0279715401786,0,34,814541,0.0921688988095
0.0365978422619,0.0555943080357,0,1469806889049,0.0508510044643,1,34,816665,0.148088727679
0.0249720982143,0.0347609747024,0,1469806889049,0.0330636160714,2,34,818695,0.106375558036
0.0265764508929,0.0371791294643,0,1469806889049,0.0288783482143,3,34,820726,0.0987723214286
0.0350632440476,0.0511532738095,0,1469806889049,0.0459449404762,4,34,822754,0.14111328125
0.0252976190476,0.036388578869,0,1469806889050,0.0326683407738,5,34,824893,0.0964704241071
0.0243908110119,0.0347377232143,0,1469806889050,0.0290876116071,6,34,826929,0.0931919642857
0.0354352678571,0.0470377604167,0,1469806889050,0.0423874627976,7,34,828968,0.133393787202
0.0272042410714,0.0409458705357,1,1469806889050,0.033458891369,0,34,831446,0.104236421131
0.0258556547619,0.0352260044643,1,1469806889050,0.0348539806548,1,34,833484,0.103004092262
0.0179966517857,0.0219494047619,1,1469806889050,0.0221354166667,2,34,835509,0.077869233631
0.0224609375,0.0328776041667,1,1469806889050,0.0318545386905,3,34,837536,0.0938662574405
0.0254371279762,0.0326683407738,0,1469806889050,0.0279947916667,0,34,914740,0.0922619047619
0.0365978422619,0.0556175595238,0,1469806889155,0.0508742559524,1,34,916768,0.148135230655
0.0249720982143,0.0347842261905,0,1469806889155,0.0330636160714,2,34,918769,0.106398809524
0.0265764508929,0.0372488839286,0,1469806889156,0.0289248511905,3,34,921082,0.098865327381
0.0351097470238,0.0512230282738,0,1469806889156,0.0459681919643,4,34,923153,0.141136532738
0.0252743675595,0.036388578869,0,1469806889156,0.0326450892857,5,34,925213,0.0964006696429
0.0243908110119,0.0347609747024,0,1469806889156,0.0290876116071,6,34,927246,0.0932152157738
0.0354352678571,0.0470610119048,0,1469806889156,0.0424107142857,7,34,929286,0.13341703869
0.0272042410714,0.0409923735119,1,1469806889156,0.0335286458333,0,34,931769,0.104399181548
0.0258556547619,0.0352027529762,1,1469806889156,0.0348307291667,1,34,933782,0.102887834821
0.0180431547619,0.0219261532738,1,1469806889156,0.0221121651786,2,34,935881,0.0779157366071
0.0223679315476,0.0327613467262,1,1469806889156,0.0316220238095,3,34,937924,0.0934709821429
0.0254371279762,0.03271484375,0,1469806889156,0.0279947916667,0,35,14872,0.0923084077381
0.0365978422619,0.0556175595238,0,1469806889156,0.0508742559524,1,35,16961,0.148158482143
0.0249720982143,0.0347842261905,0,1469806889156,0.0330636160714,2,35,18982,0.106398809524
0.026599702381,0.0372488839286,0,1469806889156,0.0289481026786,3,35,21005,0.098888578869
0.0350632440476,0.0511765252976,0,1469806889261,0.0459681919643,4,35,23029,0.141066778274
0.0252743675595,0.036388578869,0,1469806889261,0.0326450892857,5,35,25090,0.0964006696429
0.0243908110119,0.0347842261905,0,1469806889261,0.0290876116071,6,35,27109,0.0931919642857
0.0354585193452,0.0470842633929,0,1469806889261,0.0424107142857,7,35,29131,0.133463541667
0.0272042410714,0.0410388764881,1,1469806889262,0.0335751488095,0,35,31610,0.104422433036
0.0258091517857,0.0352027529762,1,1469806889262,0.0348074776786,1,35,33640,0.102725074405
0.0180896577381,0.0219261532738,1,1469806889262,0.0221121651786,2,35,35658,0.0779854910714
0.0223446800595,0.03271484375,1,1469806889262,0.0315290178571,3,35,37681,0.09326171875
0.0254603794643,0.03271484375,0,1469806889262,0.0279947916667,0,35,115054,0.0923084077381
0.0365978422619,0.0556408110119,0,1469806889262,0.0508742559524,1,35,117098,0.148181733631
0.0249720982143,0.0347842261905,0,1469806889262,0.0330636160714,2,35,119115,0.1064453125
0.0265764508929,0.0372488839286,0,1469806889262,0.0289481026786,3,35,121163,0.0989118303571
0.0351097470238,0.0511997767857,0,1469806889262,0.0459914434524,4,35,123200,0.141159784226
0.0252743675595,0.036388578869,0,1469806889262,0.0326450892857,5,35,125240,0.0964006696429
0.0243908110119,0.0347842261905,0,1469806889262,0.0290876116071,6,35,127259,0.0931919642857
0.0354585193452,0.0470842633929,0,1469806889368,0.0424107142857,7,35,129287,0.133463541667
0.0272042410714,0.0410853794643,1,1469806889368,0.0335984002976,0,35,131761,0.104352678571
0.0257859002976,0.0351795014881,1,1469806889369,0.0348074776786,1,35,133777,0.102632068452
0.0181594122024,0.0219959077381,1,1469806889369,0.0221819196429,2,35,135807,0.0781947544643
0.0223679315476,0.0327613467262,1,1469806889369,0.031505766369,3,35,137849,0.0932152157738
0.0254603794643,0.0327380952381,0,1469806889369,0.0279947916667,0,35,215216,0.0923316592262
0.0365978422619,0.0555943080357,0,1469806889369,0.0508510044643,1,35,217285,0.148111979167
0.0249720982143,0.0347842261905,0,1469806889369,0.0330636160714,2,35,219317,0.1064453125
0.026599702381,0.0372721354167,0,1469806889369,0.0289713541667,3,35,221360,0.0989350818452
0.0351097470238,0.0511997767857,0,1469806889369,0.0459914434524,4,35,223381,0.141159784226
0.0252743675595,0.036388578869,0,1469806889369,0.0326683407738,5,35,225515,0.096447172619
0.0243908110119,0.0347842261905,0,1469806889369,0.0290876116071,6,35,227549,0.0931919642857
0.0354585193452,0.0470610119048,0,1469806889369,0.0424107142857,7,35,229579,0.133486793155
0.0272042410714,0.0411551339286,1,1469806889369,0.0336216517857,0,35,232044,0.104352678571
0.0257859002976,0.0351795014881,1,1469806889369,0.0347842261905,1,35,234228,0.102585565476
