blue,green,groupId,received,red,sensorId,time1,time2,white
0.0338541666667,0.0453636532738,1,1470074883996,0.0439918154762,1,13,180612,0.134974888393
0.0419224330357,0.0572916666667,1,1470074883997,0.0568266369048,2,13,182627,0.175478980655
0.0286923363095,0.0403878348214,1,1470074883997,0.0431082589286,3,13,184664,0.128138950893
0.0332961309524,0.0430385044643,0,1470074884046,0.0389229910714,0,13,262213,0.121186755952
0.0447358630952,0.0669177827381,0,1470074884046,0.0596865699405,1,13,264327,0.179943266369
0.0361328125,0.0509905133929,0,1470074884046,0.0473167782738,2,13,266354,0.148111979167
0.0315522693452,0.0453869047619,0,1470074884046,0.03857421875,3,13,268370,0.124720982143
0.0414109002976,0.06005859375,0,1470074884046,0.0522925967262,4,13,270359,0.160853794643
0.0503627232143,0.0712658110119,0,1470074884047,0.0634765625,5,13,272455,0.19103422619
0.0332263764881,0.0483165922619,0,1470074884047,0.0426664806548,6,13,274488,0.132742745536
0.0462937127976,0.0610816592262,0,1470074884047,0.0543619791667,7,13,276513,0.171479724702
0.0321568080357,0.046642485119,1,1470074884047,0.0420851934524,0,13,279060,0.132789248512
0.0338774181548,0.0453869047619,1,1470074884047,0.0439918154762,1,13,281086,0.135021391369
0.0421316964286,0.0579427083333,1,1470074884099,0.0571754092262,2,13,283100,0.176106770833
0.029041108631,0.0407366071429,1,1470074884099,0.0439685639881,3,13,285116,0.130510602679
0.0332263764881,0.04296875,0,1470074884150,0.0387369791667,0,13,362394,0.120791480655
0.044689360119,0.06689453125,0,1470074884150,0.0596633184524,1,13,364530,0.179850260417
0.0361328125,0.0509672619048,0,1470074884150,0.0473167782738,2,13,366576,0.14806547619
0.0315522693452,0.04541015625,0,1470074884150,0.0385509672619,3,13,368610,0.124813988095
0.0413876488095,0.0600353422619,0,1470074884150,0.05224609375,4,13,370616,0.160807291667
0.05029296875,0.0711960565476,0,1470074884150,0.0633603050595,5,13,372630,0.190731956845
0.033203125,0.0483165922619,0,1470074884150,0.0426897321429,6,13,374641,0.132835751488
0.0462704613095,0.0610584077381,0,1470074884151,0.0543154761905,7,13,376992,0.171409970238
0.0321568080357,0.046642485119,1,1470074884151,0.0421549479167,0,13,379478,0.133161272321
0.0338541666667,0.0453636532738,1,1470074884151,0.0439685639881,1,13,381499,0.134928385417
0.0421781994048,0.0583147321429,1,1470074884151,0.057384672619,2,13,383531,0.176223028274
0.029041108631,0.0407366071429,1,1470074884151,0.0439685639881,3,13,385553,0.130510602679
0.033203125,0.0429454985119,0,1470074884225,0.0386439732143,0,13,463078,0.120582217262
0.044666108631,0.06689453125,0,1470074884276,0.0596400669643,1,13,465453,0.17980375744
0.0361095610119,0.0509440104167,0,1470074884276,0.0472935267857,2,13,467516,0.147995721726
0.0315755208333,0.0454334077381,0,1470074884277,0.0385509672619,3,13,469539,0.12488374256
0.0414109002976,0.0600818452381,0,1470074884277,0.0522925967262,4,13,471560,0.160900297619
0.0503162202381,0.0712425595238,0,1470074884277,0.0634068080357,5,13,473567,0.190824962798
0.0331798735119,0.0483630952381,0,1470074884277,0.0427827380952,6,13,475582,0.132952008929
0.0462704613095,0.0610584077381,0,1470074884277,0.0543154761905,7,13,477604,0.171409970238
0.0321568080357,0.046619233631,1,1470074884277,0.0422014508929,0,13,480133,0.133393787202
0.0338541666667,0.0453869047619,1,1470074884277,0.0439685639881,1,13,482163,0.134974888393
0.0421549479167,0.0584774925595,1,1470074884277,0.0574776785714,2,13,484256,0.175920758929
0.0293666294643,0.0411318824405,1,1470074884277,0.0447358630952,3,13,486266,0.132626488095
0.0331798735119,0.0429222470238,0,1470074884327,0.0385277157738,0,13,563171,0.120419456845
0.044689360119,0.0669177827381,0,1470074884378,0.0596865699405,1,13,565222,0.179850260417
0.0361095610119,0.0509440104167,0,1470074884378,0.0472935267857,2,13,567334,0.147972470238
0.0315755208333,0.0454566592262,0,1470074884378,0.0385277157738,3,13,569361,0.124976748512
0.0414341517857,0.0601050967262,0,1470074884378,0.0523158482143,4,13,571362,0.160900297619
0.0503627232143,0.0712890625,0,1470074884378,0.0634765625,5,13,573376,0.190941220238
0.0331798735119,0.0483863467262,0,1470074884378,0.0428059895833,6,13,575472,0.132975260417
0.0462704613095,0.0610584077381,0,1470074884378,0.0543154761905,7,13,577499,0.17150297619
0.0321568080357,0.0465959821429,1,1470074884378,0.0422014508929,0,13,579981,0.133486793155
0.0338774181548,0.0453869047619,1,1470074884379,0.0439918154762,1,13,582008,0.134998139881
0.0420386904762,0.0583147321429,1,1470074884379,0.0574544270833,2,13,584111,0.17517671131
0.0296223958333,0.0415271577381,1,1470074884379,0.0454334077381,3,13,586151,0.134463355655
0.0331566220238,0.0429222470238,0,1470074884429,0.0385044642857,0,13,663375,0.120303199405
0.044689360119,0.06689453125,0,1470074884429,0.0596633184524,1,13,665552,0.17980375744
0.0361095610119,0.0509440104167,0,1470074884481,0.0472702752976,2,13,667552,0.14794921875
0.0315987723214,0.0454566592262,0,1470074884481,0.0385277157738,3,13,669526,0.125046502976
0.0414341517857,0.0601050967262,0,1470074884481,0.0523158482143,4,13,671511,0.160923549107
0.0503394717262,0.0712658110119,0,1470074884481,0.0634533110119,5,13,673505,0.190941220238
0.0332263764881,0.0484328497024,0,1470074884481,0.0428524925595,6,13,675571,0.133045014881
0.0462704613095,0.0610816592262,0,1470074884481,0.0543154761905,7,13,677568,0.17150297619
0.0321335565476,0.046619233631,1,1470074884481,0.042224702381,0,13,680013,0.133533296131
0.0338541666667,0.0453869047619,1,1470074884481,0.0439685639881,1,13,682011,0.134974888393
0.0418991815476,0.0581519717262,1,1470074884481,0.057361421131,2,13,684093,0.174409412202
0.0298781622024,0.0418759300595,1,1470074884482,0.0459216889881,3,13,686131,0.13585844494
0.0331566220238,0.0429222470238,0,1470074884532,0.0384812127976,0,13,763549,0.120279947917
0.044666108631,0.0668712797619,0,1470074884532,0.0596633184524,1,13,765599,0.179757254464
0.0360863095238,0.0509440104167,0,1470074884532,0.0472702752976,2,13,767615,0.147925967262
0.0315755208333,0.0454334077381,0,1470074884532,0.0385044642857,3,13,769613,0.125
0.0413876488095,0.0600818452381,0,1470074884582,0.0522693452381,4,13,771593,0.160807291667
0.0503162202381,0.0712425595238,0,1470074884582,0.0634533110119,5,13,773578,0.190894717262
0.0332263764881,0.0484561011905,0,1470074884582,0.0428524925595,6,13,775612,0.133021763393
0.0462704613095,0.0610816592262,0,1470074884582,0.0543387276786,7,13,777647,0.171549479167
0.0321335565476,0.0465959821429,1,1470074884582,0.0422014508929,0,13,780123,0.133440290179
0.0338541666667,0.0453636532738,1,1470074884582,0.0439685639881,1,13,782138,0.134951636905
0.0418294270833,0.0580822172619,1,1470074884582,0.0573381696429,2,13,784244,0.173990885417
0.030017671131,0.0420851934524,1,1470074884582,0.046154203869,3,13,786266,0.136625744048
0.0331798735119,0.0429222470238,0,1470074884634,0.0385044642857,0,13,863767,0.120326450893
0.044666108631,0.0668480282738,0,1470074884634,0.0596633184524,1,13,865905,0.179757254464
0.0360863095238,0.0508975074405,0,1470074884634,0.0472702752976,2,13,867928,0.147879464286
0.0315755208333,0.0454334077381,0,1470074884634,0.0385277157738,3,13,869927,0.124976748512
0.0414109002976,0.0600818452381,0,1470074884685,0.0522925967262,4,13,871944,0.160877046131
0.0503394717262,0.0712890625,0,1470074884685,0.0634998139881,5,13,874041,0.191010974702
0.0332263764881,0.0484328497024,0,1470074884685,0.0428524925595,6,13,876083,0.132975260417
0.0462704613095,0.0610816592262,0,1470074884685,0.0543387276786,7,13,878086,0.171526227679
0.0321568080357,0.046619233631,1,1470074884685,0.042224702381,0,13,880605,0.133440290179
0.0338541666667,0.0453636532738,1,1470074884685,0.0439685639881,1,13,882629,0.134928385417
0.0418061755952,0.0580589657738,1,1470074884685,0.0573149181548,2,13,884658,0.173851376488
0.0300641741071,0.0421549479167,1,1470074884685,0.0462472098214,3,13,886651,0.136904761905
0.0331798735119,0.0429222470238,0,1470074884735,0.0385044642857,0,13,963959,0.120372953869
0.044689360119,0.0669177827381,0,1470074884735,0.0596400669643,1,13,966095,0.17980375744
0.0360863095238,0.0509207589286,0,1470074884735,0.0472935267857,2,13,968136,0.147902715774
0.0315755208333,0.04541015625,0,1470074884735,0.0385044642857,3,13,970152,0.124930245536
0.0414109002976,0.06005859375,0,1470074884735,0.0522925967262,4,13,972150,0.160853794643
0.0503859747024,0.0713123139881,0,1470074884785,0.0634998139881,5,13,974219,0.191127232143
0.0332263764881,0.0484793526786,0,1470074884785,0.0428757440476,6,13,976254,0.132975260417
0.0463169642857,0.0611049107143,0,1470074884785,0.0543387276786,7,13,978275,0.171595982143
0.0321335565476,0.046619233631,1,1470074884785,0.0422014508929,0,13,980752,0.133370535714
0.0338541666667,0.0453869047619,1,1470074884785,0.0439918154762,1,13,982772,0.134998139881
0.0418061755952,0.0580589657738,1,1470074884785,0.0573149181548,2,13,984859,0.17394438244
0.030040922619,0.0421549479167,1,1470074884785,0.0462239583333,3,13,986869,0.13683500744
0.033203125,0.04296875,0,1470074884835,0.03857421875,0,14,64221,0.12048921131
0.044689360119,0.0669177827381,0,1470074884835,0.0596400669643,1,14,66279,0.17980375744
0.0360863095238,0.0509207589286,0,1470074884835,0.0472935267857,2,14,68294,0.147879464286
0.0315522693452,0.04541015625,0,1470074884835,0.0385044642857,3,14,70301,0.124860491071
0.0413876488095,0.06005859375,0,1470074884835,0.0522693452381,4,14,72314,0.160807291667
0.0503627232143,0.0712890625,0,1470074884886,0.0634533110119,5,14,74355,0.191010974702
0.0332496279762,0.0485026041667,0,1470074884886,0.0428757440476,6,14,76371,0.132975260417
0.0463169642857,0.0611281622024,0,1470074884886,0.0543619791667,7,14,78380,0.171619233631
0.0321568080357,0.046642485119,1,1470074884886,0.0422014508929,0,14,80899,0.13330078125
0.0338541666667,0.0453869047619,1,1470074884886,0.0439685639881,1,14,82923,0.134974888393
0.0418526785714,0.05810546875,1,1470074884886,0.0573381696429,2,14,84955,0.174107142857
0.0299711681548,0.0420154389881,1,1470074884886,0.0460611979167,3,14,86995,0.136486235119
0.0332263764881,0.04296875,0,1470074884938,0.0386439732143,0,14,164391,0.120675223214
0.0447358630952,0.0669410342262,0,1470074884938,0.0596865699405,1,14,166456,0.179966517857
0.0361095610119,0.0509207589286,0,1470074884938,0.0472935267857,2,14,168554,0.147925967262
0.031505766369,0.0453869047619,0,1470074884938,0.0384812127976,3,14,170614,0.124674479167
0.0413876488095,0.0600353422619,0,1470074884938,0.0522693452381,4,14,172615,0.160807291667
0.0503627232143,0.0713123139881,0,1470074884989,0.0635230654762,5,14,174649,0.191057477679
0.0332496279762,0.0485491071429,0,1470074884989,0.0429454985119,6,14,176676,0.133091517857
0.0463169642857,0.0611049107143,0,1470074884989,0.0543619791667,7,14,178694,0.171595982143
0.0321335565476,0.046642485119,1,1470074884989,0.0421549479167,0,14,181174,0.133091517857
0.0338541666667,0.0453869047619,1,1470074884989,0.0439685639881,1,14,183272,0.134998139881
0.0420154389881,0.058361235119,1,1470074884989,0.0575241815476,2,14,185301,0.174827938988
0.0298781622024,0.0418759300595,1,1470074884989,0.0458751860119,3,14,187303,0.136090959821
0.0332728794643,0.0430152529762,0,1470074885041,0.0387137276786,0,14,264588,0.120954241071
0.0447126116071,0.0669177827381,0,1470074885041,0.0596865699405,1,14,266641,0.179966517857
0.0360398065476,0.0508277529762,0,1470074885041,0.0472005208333,2,14,268660,0.147623697917
0.0314360119048,0.0452938988095,0,1470074885041,0.0384114583333,3,14,270659,0.124255952381
0.0413178943452,0.0598958333333,0,1470074885041,0.0521298363095,4,14,272680,0.160551525298
0.05029296875,0.0712193080357,0,1470074885041,0.0633835565476,5,14,274709,0.190708705357
0.0332263764881,0.0485258556548,0,1470074885041,0.0429222470238,6,14,276732,0.1328125
0.0463169642857,0.0611281622024,0,1470074885092,0.0543619791667,7,14,278745,0.171595982143
0.0320405505952,0.0465494791667,1,1470074885092,0.0420386904762,0,14,281237,0.132649739583
0.0338774181548,0.04541015625,1,1470074885092,0.0440150669643,1,14,283255,0.135044642857
0.0422712053571,0.0587100074405,1,1470074885092,0.0577334449405,2,14,285280,0.175944010417
0.0296921502976,0.0415736607143,1,1470074885092,0.0455031622024,3,14,287357,0.135230654762
0.0333426339286,0.0430152529762,0,1470074885143,0.0388997395833,0,14,364750,0.121628534226
0.044666108631,0.0668247767857,0,1470074885143,0.0595935639881,1,14,366786,0.1796875
0.035877046131,0.0506417410714,0,1470074885143,0.0470610119048,2,14,368817,0.146995907738
0.0314360119048,0.0455729166667,0,1470074885143,0.0383882068452,3,14,370830,0.12390718006
0.0408063616071,0.0586402529762,0,1470074885143,0.0512462797619,4,14,372838,0.1591796875
0.0501767113095,0.071056547619,0,1470074885143,0.063220796131,5,14,374878,0.190104166667
0.0331798735119,0.0484561011905,0,1470074885143,0.0429454985119,6,14,376990,0.132719494048
0.0462937127976,0.0611049107143,0,1470074885143,0.0543387276786,7,14,378990,0.17150297619
0.0318777901786,0.0464797247024,1,1470074885194,0.0418759300595,0,14,381452,0.1318359375
0.0338309151786,0.0453869047619,1,1470074885194,0.0439918154762,1,14,383490,0.134905133929
0.042224702381,0.0586170014881,1,1470074885194,0.0575706845238,2,14,385500,0.17615327381
0.0292271205357,0.0410388764881,1,1470074885194,0.0445731026786,3,14,387484,0.132905505952
0.0334123883929,0.0431547619048,0,1470074885244,0.0392252604167,0,14,464991,0.122581845238
0.0445033482143,0.066638764881,0,1470074885244,0.0594540550595,1,14,467044,0.179129464286
0.035900297619,0.0506417410714,0,1470074885244,0.0470842633929,2,14,469061,0.147205171131
0.0320638020833,0.0467354910714,0,1470074885244,0.0388764880952,3,14,471105,0.125348772321
0.0390857514881,0.0573149181548,0,1470074885244,0.0498511904762,4,14,473159,0.153994605655
0.0501767113095,0.071056547619,0,1470074885244,0.063220796131,5,14,475186,0.190104166667
0.0330636160714,0.04833984375,0,1470074885244,0.0429454985119,6,14,477208,0.132603236607
0.0462472098214,0.0610584077381,0,1470074885244,0.0543387276786,7,14,479301,0.171363467262
0.0318080357143,0.0463634672619,1,1470074885295,0.0415736607143,0,14,481788,0.129441034226
0.0337146577381,0.0452241443452,1,1470074885295,0.0439220610119,1,14,483816,0.134463355655
0.0420619419643,0.0583147321429,1,1470074885295,0.057361421131,2,14,485923,0.175711495536
0.0285993303571,0.0403180803571,1,1470074885295,0.0431547619048,3,14,487943,0.129371279762
0.0335984002976,0.0433872767857,0,1470074885345,0.0400390625,0,14,565139,0.12316313244
0.0443870907738,0.0664527529762,0,1470074885346,0.0592680431548,1,14,567276,0.178687686012
0.0360398065476,0.0508045014881,0,1470074885346,0.0472470238095,2,14,569300,0.14794921875
0.0323660714286,0.0472237723214,0,1470074885346,0.0391787574405,3,14,571287,0.12646484375
0.0397135416667,0.05810546875,0,1470074885346,0.0503859747024,4,14,573288,0.151925223214
0.0502232142857,0.0711263020833,0,1470074885346,0.0633835565476,5,14,575393,0.190708705357
0.0329008556548,0.0482003348214,0,1470074885346,0.04296875,6,14,577417,0.132742745536
0.0462704613095,0.0610584077381,0,1470074885346,0.054431733631,7,14,579435,0.171456473214
0.0321568080357,0.0465727306548,1,1470074885346,0.0412946428571,0,14,581906,0.129789806548
0.0335984002976,0.0449451264881,1,1470074885396,0.0438058035714,1,14,583940,0.13416108631
0.0420154389881,0.0581752232143,1,1470074885396,0.0573381696429,2,14,586050,0.175525483631
0.028064546131,0.0397135416667,1,1470074885396,0.0419689360119,3,14,588036,0.126185825893
0.0332961309524,0.0430617559524,0,1470074885447,0.0394345238095,0,14,665337,0.122488839286
0.0444568452381,0.0664992559524,0,1470074885447,0.059337797619,1,14,667374,0.178989955357
0.0360630580357,0.0508045014881,0,1470074885447,0.0472005208333,2,14,669374,0.14794921875
0.0325520833333,0.0475260416667,0,1470074885447,0.0394112723214,3,14,671428,0.12732514881
0.0414109002976,0.0600353422619,0,1470074885447,0.0523623511905,4,14,673411,0.160807291667
0.0503627232143,0.0711960565476,0,1470074885447,0.0635230654762,5,14,675527,0.19140625
0.03271484375,0.0478515625,0,1470074885447,0.0428524925595,6,14,677528,0.132719494048
0.0461774553571,0.0609886532738,0,1470074885447,0.054454985119,7,14,679530,0.171409970238
0.03271484375,0.0471772693452,1,1470074885447,0.0419456845238,0,14,681979,0.13134765625
0.0336216517857,0.0448986235119,1,1470074885498,0.0437360491071,1,14,684060,0.134300595238
0.0419689360119,0.0581752232143,1,1470074885498,0.0572684151786,2,14,686084,0.175106956845
0.0276925223214,0.039318266369,1,1470074885498,0.0412946428571,3,14,688105,0.123744419643
0.0329008556548,0.0426199776786,0,1470074885550,0.0392020089286,0,14,765585,0.121163504464
0.0444800967262,0.0665225074405,0,1470074885550,0.0594075520833,1,14,767664,0.17919921875
0.0359468005952,0.0506882440476,0,1470074885550,0.047107514881,2,14,769682,0.147507440476
0.0326450892857,0.0475725446429,0,1470074885550,0.0395042782738,3,14,771675,0.127766927083
0.0415969122024,0.060291108631,0,1470074885550,0.0525251116071,4,14,773672,0.161574590774
0.0503859747024,0.0711960565476,0,1470074885550,0.0635230654762,5,14,775720,0.19152250744
0.03271484375,0.0478515625,0,1470074885550,0.0428524925595,6,14,777734,0.132719494048
0.0461774553571,0.0609886532738,0,1470074885550,0.054454985119,7,14,779754,0.171409970238
0.0333193824405,0.0476888020833,1,1470074885550,0.0425037202381,0,14,782237,0.134068080357
0.033435639881,0.0447358630952,1,1470074885550,0.0435035342262,1,14,784339,0.133510044643
0.0419689360119,0.0581752232143,1,1470074885601,0.0572684151786,2,14,786359,0.175106956845
0.02734375,0.0387369791667,1,1470074885601,0.0408761160714,3,14,788359,0.121861049107
0.0334123883929,0.0435035342262,0,1470074885652,0.0406203497024,0,14,866147,0.123860677083
0.0443870907738,0.0663597470238,0,1470074885652,0.0592680431548,1,14,868229,0.178850446429
0.0358072916667,0.0505719866071,0,1470074885652,0.0470145089286,2,14,870248,0.146763392857
0.0326683407738,0.0475492931548,0,1470074885652,0.0394112723214,3,14,872276,0.127650669643
0.0415736607143,0.0602213541667,0,1470074885652,0.0524321056548,4,14,874317,0.161435081845
0.0503162202381,0.0711495535714,0,1470074885652,0.0634765625,5,14,876349,0.191359747024
0.0329938616071,0.0477353050595,0,1470074885652,0.0429222470238,6,14,878365,0.13341703869
0.0460379464286,0.060779389881,0,1470074885652,0.0542922247024,7,14,880393,0.170665922619
0.033458891369,0.0478050595238,1,1470074885652,0.0426199776786,0,14,882881,0.134509858631
0.033458891369,0.0447126116071,1,1470074885652,0.0435500372024,1,14,884919,0.133556547619
0.0412248883929,0.0569428943452,1,1470074885652,0.0566871279762,2,14,886926,0.172502790179
0.0278785342262,0.039295014881,1,1470074885703,0.0420386904762,3,14,888984,0.126255580357
0.033435639881,0.043224516369,0,1470074885755,0.0400623139881,0,14,965944,0.124162946429
0.0442708333333,0.066150483631,0,1470074885755,0.0591052827381,1,14,968200,0.17833891369
0.03564453125,0.0503627232143,0,1470074885755,0.0468982514881,2,14,970229,0.14599609375
0.0326915922619,0.0475260416667,0,1470074885755,0.0393647693452,3,14,972231,0.127487909226
0.0414574032738,0.0601283482143,0,1470074885755,0.0523390997024,4,14,974303,0.160900297619
0.0502697172619,0.0710100446429,0,1470074885755,0.0633370535714,5,14,976346,0.191173735119
0.0336449032738,0.0485258556548,0,1470074885755,0.0432942708333,6,14,978369,0.134835379464
0.0460379464286,0.0607328869048,0,1470074885755,0.0541759672619,7,14,980384,0.170619419643
0.0334123883929,0.047619047619,1,1470074885755,0.0423874627976,0,14,982861,0.133068266369
0.0335984002976,0.0448986235119,1,1470074885755,0.0436662946429,1,14,984903,0.134184337798
0.039783296131,0.0547107514881,1,1470074885755,0.0558035714286,2,14,986914,0.169177827381
0.028552827381,0.0400855654762,1,1470074885755,0.0429920014881,3,14,988909,0.129441034226
0.0333658854167,0.0431082589286,0,1470074885828,0.039806547619,0,15,66114,0.123604910714
0.0443638392857,0.0663364955357,0,1470074885879,0.0592680431548,1,15,68175,0.178571428571
0.0356677827381,0.0503627232143,0,1470074885879,0.0468982514881,2,15,70178,0.14611235119
0.0326450892857,0.0474562872024,0,1470074885879,0.0392717633929,3,15,72280,0.126883370536
0.0410621279762,0.0598958333333,0,1470074885879,0.052013578869,4,15,74346,0.160132998512
0.0504324776786,0.0712425595238,0,1470074885879,0.0635695684524,5,15,76386,0.191708519345
0.0340866815476,0.0491071428571,0,1470074885879,0.0436662946429,6,15,78407,0.135974702381
0.0461774553571,0.0609654017857,0,1470074885879,0.0543154761905,7,15,80439,0.171200706845
0.0328311011905,0.0470377604167,1,1470074885879,0.0414109002976,0,15,82914,0.129557291667
0.0336449032738,0.0450613839286,1,1470074885879,0.0437825520833,1,15,84943,0.134370349702
0.0420619419643,0.0585007440476,1,1470074885879,0.057384672619,2,15,86947,0.174944196429
0.028552827381,0.0400855654762,1,1470074885879,0.0429920014881,3,15,89003,0.129441034226
0.0337379092262,0.0436662946429,0,1470074885930,0.0408063616071,0,15,166322,0.124465215774
0.0442708333333,0.0662434895833,0,1470074885981,0.0591750372024,1,15,168396,0.178176153274
0.0357142857143,0.0504557291667,0,1470074885981,0.0469447544643,2,15,170407,0.146298363095
0.0323893229167,0.0470377604167,0,1470074885981,0.0390625,3,15,172410,0.125813802083
0.0405970982143,0.0592912946429,0,1470074885981,0.051525297619,4,15,174417,0.157063802083
0.0503627232143,0.0711728050595,0,1470074885981,0.0635230654762,5,15,176459,0.191452752976
0.0336216517857,0.0486886160714,0,1470074885981,0.043224516369,6,15,178483,0.134416852679
0.0461774553571,0.0609654017857,0,1470074885981,0.0542922247024,7,15,180494,0.171130952381
0.0321800595238,0.0465727306548,1,1470074885981,0.0409691220238,0,15,182972,0.128092447917
0.0336216517857,0.0450613839286,1,1470074885981,0.0437825520833,1,15,185096,0.134230840774
0.0425269717262,0.0589192708333,1,1470074885981,0.0576171875,2,15,187101,0.17712983631
0.0282505580357,0.0397367931548,1,1470074885981,0.0421316964286,3,15,189092,0.126790364583
0.0335286458333,0.0432477678571,0,1470074886032,0.0404343377976,0,15,266514,0.123860677083
0.0443405877976,0.0663364955357,0,1470074886032,0.0592447916667,1,15,268575,0.178571428571
0.0358537946429,0.0506184895833,0,1470074886084,0.0470610119048,2,15,270578,0.147135416667
0.0323893229167,0.0472470238095,0,1470074886084,0.0391322544643,3,15,272674,0.125790550595
0.0412248883929,0.0597098214286,0,1470074886084,0.0521298363095,4,15,274714,0.159993489583
0.05029296875,0.0711030505952,0,1470074886084,0.0634765625,5,15,276744,0.191266741071
0.0331101190476,0.0482003348214,0,1470074886084,0.042736235119,6,15,278761,0.133091517857
0.0461077008929,0.0608491443452,0,1470074886084,0.0542224702381,7,15,280789,0.17078218006
0.0325055803571,0.0470145089286,1,1470074886084,0.0414806547619,0,15,283272,0.129673549107
0.03369140625,0.0450148809524,1,1470074886084,0.0438290550595,1,15,285298,0.134509858631
0.0426897321429,0.0587100074405,1,1470074886085,0.0576636904762,2,15,287381,0.178176153274
0.0274367559524,0.038806733631,1,1470074886085,0.0406436011905,3,15,289391,0.12195405506
0.0331566220238,0.0428757440476,0,1470074886135,0.0395275297619,0,15,366718,0.122163318452
0.0444568452381,0.0664760044643,0,1470074886135,0.0593610491071,1,15,368802,0.179059709821
0.0359700520833,0.0507347470238,0,1470074886135,0.047130766369,2,15,370812,0.147693452381
0.032482328869,0.0473865327381,0,1470074886187,0.0392485119048,3,15,372810,0.126069568452
0.0414806547619,0.06005859375,0,1470074886187,0.0523856026786,4,15,374818,0.161156063988
0.05029296875,0.0710797991071,0,1470074886187,0.0634765625,5,15,376857,0.19128999256
0.0328543526786,0.0478748139881,0,1470074886187,0.04248046875,6,15,378882,0.13220796131
0.0460844494048,0.0608491443452,0,1470074886187,0.0544084821429,7,15,380908,0.170944940476
0.0331798735119,0.0476655505952,1,1470074886187,0.0421316964286,0,15,383457,0.132765997024
0.0336449032738,0.0450148809524,1,1470074886187,0.0437825520833,1,15,385492,0.134300595238
0.0428059895833,0.05859375,1,1470074886187,0.0576636904762,2,15,387495,0.178943452381
0.0269949776786,0.0383649553571,1,1470074886187,0.0398763020833,3,15,389486,0.11925688244
0.0328078497024,0.0425037202381,0,1470074886238,0.0392485119048,0,15,466915,0.12097749256
0.0445265997024,0.0665690104167,0,1470074886238,0.0595005580357,1,15,468969,0.179408482143
0.0359933035714,0.05078125,0,1470074886238,0.0471772693452,2,15,470973,0.147763206845
0.0325985863095,0.0475027901786,0,1470074886238,0.0393415178571,3,15,473026,0.126395089286
0.04150390625,0.0601050967262,0,1470074886238,0.0523390997024,4,15,475062,0.161109561012
0.0503162202381,0.0711263020833,0,1470074886289,0.0634765625,5,15,477092,0.19140625
0.0323660714286,0.0466889880952,0,1470074886289,0.0418759300595,6,15,479156,0.130859375
0.0460146949405,0.0607561383929,0,1470074886289,0.0543619791667,7,15,481225,0.170944940476
0.0336216517857,0.0480143229167,1,1470074886289,0.0425269717262,0,15,483702,0.134742373512
0.0332496279762,0.0441313244048,1,1470074886289,0.0433407738095,1,15,485733,0.132859002976
0.0425734747024,0.0580589657738,1,1470074886289,0.0572684151786,2,15,487755,0.177966889881
0.0269717261905,0.0384579613095,1,1470074886289,0.0397135416667,3,15,489758,0.11876860119
0.0329938616071,0.0428524925595,0,1470074886340,0.0406436011905,0,15,567167,0.122884114583
0.0443870907738,0.0663829985119,0,1470074886340,0.0592912946429,1,15,569266,0.178920200893
0.0357840401786,0.050525483631,0,1470074886340,0.0470145089286,2,15,571274,0.146879650298
0.0325985863095,0.0475027901786,0,1470074886340,0.039295014881,3,15,573281,0.126418340774
0.0414574032738,0.0600120907738,0,1470074886340,0.0523390997024,4,15,575372,0.161086309524
0.0502232142857,0.0709867931548,0,1470074886392,0.0634068080357,5,15,577404,0.191127232143
0.0328078497024,0.0470377604167,0,1470074886392,0.042247953869,6,15,579426,0.13171968006
0.0458984375,0.0606166294643,0,1470074886392,0.0541527157738,7,15,581444,0.170200892857
0.0336216517857,0.0479910714286,1,1470074886392,0.0425269717262,0,15,583933,0.134370349702
0.0332263764881,0.0440383184524,1,1470074886392,0.0433175223214,1,15,586043,0.13269624256
0.041015625,0.0557338169643,1,1470074886392,0.0561988467262,2,15,588047,0.173549107143
0.0267159598214,0.0381091889881,1,1470074886392,0.0395972842262,3,15,590047,0.11779203869
0.0335984002976,0.0438290550595,0,1470074886444,0.0411783854167,0,15,667275,0.125348772321
0.0441080729167,0.0659644717262,0,1470074886444,0.0589890252976,1,15,669303,0.177804129464
0.0355282738095,0.0501999627976,0,1470074886444,0.0468284970238,2,15,671358,0.1455078125
0.0325288318452,0.0473865327381,0,1470074886444,0.0392252604167,3,15,673343,0.126278831845
0.0414574032738,0.0600120907738,0,1470074886444,0.0523390997024,4,15,675348,0.161086309524
0.0501069568452,0.07080078125,0,1470074886444,0.063244047619,5,15,677360,0.19080171131
0.0338076636905,0.0485258556548,0,1470074886444,0.043201264881,6,15,679421,0.133951822917
0.0458984375,0.0606166294643,0,1470074886495,0.0541527157738,7,15,681419,0.17029389881
0.033458891369,0.0476422991071,1,1470074886495,0.0422014508929,0,15,683851,0.13292875744
0.0334821428571,0.0447591145833,1,1470074886495,0.0435965401786,1,15,685967,0.133696056548
0.0401320684524,0.0542922247024,1,1470074886495,0.0555710565476,2,15,687982,0.17127046131
0.027087983631,0.0384812127976,1,1470074886495,0.0403180803571,3,15,689983,0.12048921131
0.0332496279762,0.0431082589286,0,1470074886546,0.0405970982143,0,15,767551,0.124093191964
0.0440150669643,0.0659644717262,0,1470074886546,0.0589425223214,1,15,769611,0.177385602679
0.0352957589286,0.0499209449405,0,1470074886546,0.0465727306548,2,15,771609,0.14464750744
0.0325055803571,0.04736328125,0,1470074886546,0.0392485119048,3,15,773603,0.12609281994
0.041271391369,0.0597795758929,0,1470074886546,0.0521530877976,4,15,775661,0.159923735119
0.0501767113095,0.0708937872024,0,1470074886546,0.0633603050595,5,15,777693,0.191080729167
0.0343424479167,0.049083891369,0,1470074886546,0.0437593005952,6,15,779706,0.13513764881
0.0459914434524,0.060779389881,0,1470074886546,0.0542457217262,7,15,781716,0.170689174107
0.0331798735119,0.0472237723214,1,1470074886598,0.0415969122024,0,15,784282,0.130836123512
0.0335286458333,0.0448288690476,1,1470074886598,0.0436430431548,1,15,786305,0.133975074405
0.0420154389881,0.0575009300595,1,1470074886598,0.0569428943452,2,15,788300,0.17615327381
0.0274600074405,0.0389694940476,1,1470074886598,0.0407133556548,3,15,790284,0.122209821429
0.0333193824405,0.043201264881,0,1470074886650,0.0405738467262,0,15,867681,0.12413969494
0.0441545758929,0.066150483631,0,1470074886650,0.0591052827381,1,15,869729,0.177873883929
0.0353655133929,0.0500139508929,0,1470074886650,0.046619233631,2,15,871752,0.144949776786
0.0323195684524,0.0470377604167,0,1470074886650,0.0391090029762,3,15,873756,0.125348772321
0.0406901041667,0.0595238095238,0,1470074886650,0.0518973214286,4,15,875779,0.158923921131
0.0501534598214,0.0709170386905,0,1470074886650,0.0633603050595,5,15,877817,0.191010974702
0.0339704241071,0.0486653645833,0,1470074886650,0.043224516369,6,15,879851,0.133231026786
0.0459914434524,0.0608258928571,0,1470074886650,0.0542224702381,7,15,881874,0.170642671131
0.03271484375,0.0468284970238,1,1470074886650,0.0409923735119,0,15,884362,0.128394717262
0.0335286458333,0.0448753720238,1,1470074886701,0.0436662946429,1,15,886366,0.13390531994
0.0427594866071,0.057872953869,1,1470074886701,0.0576171875,2,15,888391,0.179222470238
0.027087983631,0.0386904761905,1,1470074886701,0.0398297991071,3,15,890393,0.119303385417
0.033435639881,0.0433175223214,0,1470074886753,0.0406203497024,0,15,968309,0.12451171875
0.0441545758929,0.066150483631,0,1470074886753,0.0591052827381,1,15,970350,0.177873883929
0.0355282738095,0.0502232142857,0,1470074886753,0.0467819940476,2,15,972341,0.145786830357
0.0316917782738,0.0456891741071,0,1470074886753,0.0386672247024,3,15,974360,0.123604910714
0.0405505952381,0.0594540550595,0,1470074886753,0.0517113095238,4,15,976407,0.159109933036
0.050037202381,0.07080078125,0,1470074886753,0.063220796131,5,15,978451,0.190452938988
0.0335286458333,0.0482003348214,0,1470074886753,0.0426199776786,6,15,980466,0.131649925595
0.0459449404762,0.060779389881,0,1470074886753,0.0541759672619,7,15,982481,0.17052641369
0.0322963169643,0.0466889880952,1,1470074886753,0.0406901041667,0,15,984981,0.12634858631
0.0335286458333,0.0448753720238,1,1470074886753,0.0436662946429,1,15,986999,0.133858816964
0.0428757440476,0.0575939360119,1,1470074886805,0.0576636904762,2,15,989002,0.179850260417
0.0266462053571,0.0382719494048,1,1470074886805,0.0391322544643,3,15,991001,0.11669921875
0.0335286458333,0.0433872767857,0,1470074886857,0.0405505952381,0,16,68036,0.124697730655
0.0443405877976,0.06640625,0,1470074886857,0.059314546131,1,16,70162,0.178641183036
0.0356677827381,0.0504324776786,0,1470074886857,0.0469215029762,2,16,72211,0.146461123512
0.0309477306548,0.0444568452381,0,1470074886857,0.0380161830357,3,16,74292,0.121489025298
0.0405738467262,0.058849516369,0,1470074886857,0.0510602678571,4,16,76315,0.158737909226
0.0499441964286,0.0707077752976,0,1470074886857,0.0631045386905,5,16,78341,0.189894903274
0.0334821428571,0.0482235863095,0,1470074886857,0.0425269717262,6,16,80370,0.13134765625
0.0459449404762,0.060802641369,0,1470074886857,0.0541759672619,7,16,82381,0.170572916667
0.0321103050595,0.0467587425595,1,1470074886857,0.0411318824405,0,16,84869,0.127999441964
0.0335518973214,0.0449451264881,1,1470074886857,0.043689546131,1,16,86878,0.133951822917
0.0426664806548,0.0570824032738,1,1470074886857,0.0574079241071,2,16,88893,0.179129464286
0.0265299479167,0.0381556919643,1,1470074886857,0.0389694940476,3,16,90893,0.115769159226
0.0335984002976,0.04345703125,0,1470074886930,0.0404343377976,0,16,168255,0.124837239583
0.0443870907738,0.0664992559524,0,1470074886983,0.0593610491071,1,16,170312,0.178920200893
0.0358072916667,0.0505952380952,0,1470074886983,0.0470377604167,2,16,172318,0.146995907738
0.0305989583333,0.0441080729167,0,1470074886983,0.0375744047619,3,16,174659,0.119931175595
0.0406203497024,0.0585704985119,0,1470074886983,0.0511997767857,4,16,176784,0.158482142857
0.0498976934524,0.0706612723214,0,1470074886983,0.0630812872024,5,16,178823,0.189778645833
0.0334821428571,0.0482700892857,0,1470074886983,0.0423874627976,6,16,180839,0.130673363095
0.0459449404762,0.0608258928571,0,1470074886983,0.05419921875,7,16,182859,0.170619419643
0.0319475446429,0.0467354910714,1,1470074886983,0.0411551339286,0,16,185344,0.128255208333
0.0335984002976,0.0450613839286,1,1470074886983,0.0437825520833,1,16,187351,0.134114583333
0.0422712053571,0.0564778645833,1,1470074886983,0.0570591517857,2,16,189347,0.178083147321
0.0264369419643,0.0380626860119,1,1470074886983,0.038806733631,3,16,191423,0.114955357143
0.03369140625,0.0435965401786,0,1470074887035,0.0404110863095,0,16,268435,0.125023251488
0.0444800967262,0.0665922619048,0,1470074887035,0.0594540550595,1,16,270476,0.179222470238
0.0359468005952,0.0507579985119,0,1470074887087,0.0471772693452,2,16,272498,0.147553943452
0.0304361979167,0.0438290550595,0,1470074887087,0.037365141369,3,16,274527,0.119326636905
0.0408993675595,0.0592447916667,0,1470074887087,0.0517345610119,4,16,276553,0.159226190476
0.050037202381,0.0708472842262,0,1470074887087,0.063244047619,5,16,278588,0.190476190476
0.0335286458333,0.0484095982143,0,1470074887087,0.0423642113095,6,16,280654,0.130510602679
0.0459449404762,0.0608258928571,0,1470074887087,0.05419921875,7,16,282687,0.170619419643
0.0319010416667,0.0467122395833,1,1470074887087,0.041015625,0,16,285179,0.12781343006
0.0336216517857,0.0451078869048,1,1470074887087,0.0438058035714,1,16,287191,0.134184337798
0.0421316964286,0.0561755952381,1,1470074887087,0.0569196428571,2,16,289281,0.177757626488
0.0263904389881,0.0380161830357,1,1470074887087,0.0386904761905,3,16,291285,0.114420572917
0.0337379092262,0.0436430431548,0,1470074887139,0.04052734375,0,16,368628,0.125186011905
0.0445033482143,0.066662016369,0,1470074887139,0.0594773065476,1,16,370677,0.179431733631
0.0360165550595,0.0508510044643,0,1470074887139,0.0472237723214,2,16,372675,0.147786458333
0.030529203869,0.0439220610119,0,1470074887139,0.0374581473214,3,16,374691,0.11974516369
0.0409923735119,0.0593843005952,0,1470074887190,0.0518508184524,4,16,376797,0.159505208333
0.050037202381,0.0708472842262,0,1470074887190,0.063244047619,5,16,378835,0.190476190476
0.0335518973214,0.0484328497024,0,1470074887190,0.0423409598214,6,16,380857,0.130324590774
0.0459681919643,0.0608723958333,0,1470074887190,0.0542224702381,7,16,382876,0.170689174107
0.0320405505952,0.0468517485119,1,1470074887190,0.0411086309524,0,16,385368,0.128069196429
0.03369140625,0.045177641369,1,1470074887190,0.0438523065476,1,16,387395,0.134347098214
0.0421084449405,0.0560825892857,1,1470074887190,0.056896391369,2,16,389400,0.177780877976
0.0263904389881,0.0379464285714,1,1470074887190,0.0385974702381,3,16,391483,0.114002046131
0.0337379092262,0.043689546131,0,1470074887241,0.0406203497024,0,16,468826,0.125186011905
0.0445963541667,0.0667317708333,0,1470074887241,0.0595238095238,1,16,470868,0.179617745536
0.0359933035714,0.0508277529762,0,1470074887241,0.0472237723214,2,16,472919,0.147739955357
0.0305757068452,0.0439685639881,0,1470074887241,0.0375046502976,3,16,474968,0.12000093006
0.0409691220238,0.0593843005952,0,1470074887241,0.0518043154762,4,16,476991,0.159505208333
0.0501302083333,0.0709635416667,0,1470074887291,0.0633603050595,5,16,479012,0.190778459821
0.0336216517857,0.0484095982143,0,1470074887291,0.0423409598214,6,16,481027,0.130278087798
0.0460379464286,0.0609421502976,0,1470074887291,0.0542689732143,7,16,483050,0.1708984375
0.0320405505952,0.0468517485119,1,1470074887291,0.0411086309524,0,16,485515,0.128069196429
0.0337146577381,0.0452241443452,1,1470074887291,0.0438755580357,1,16,487606,0.134463355655
0.0421084449405,0.0559895833333,1,1470074887291,0.0569196428571,2,16,489621,0.177966889881
0.0263671875,0.0379464285714,1,1470074887291,0.0385277157738,3,16,491625,0.113606770833
0.0337611607143,0.043712797619,0,1470074887341,0.0406668526786,0,16,569029,0.125302269345
0.0445963541667,0.0667550223214,0,1470074887341,0.0595470610119,1,16,571073,0.1796875
0.0360398065476,0.0508742559524,0,1470074887341,0.0472702752976,2,16,573088,0.14783296131
0.0306919642857,0.0441080729167,0,1470074887341,0.0376441592262,3,16,575113,0.120419456845
0.0410388764881,0.0594773065476,0,1470074887341,0.0518740699405,4,16,577197,0.159737723214
0.0502464657738,0.0710797991071,0,1470074887391,0.0634300595238,5,16,579237,0.191103980655
0.0336681547619,0.0484793526786,0,1470074887391,0.0423409598214,6,16,581264,0.130278087798
0.0461077008929,0.0610119047619,0,1470074887391,0.0543387276786,7,16,583330,0.171061197917
0.0321335565476,0.0469215029762,1,1470074887391,0.0412016369048,0,16,585911,0.128394717262
0.0337611607143,0.0452706473214,1,1470074887391,0.0439220610119,1,16,587925,0.134579613095
0.0421084449405,0.0559895833333,1,1470074887391,0.0569196428571,2,16,589933,0.177966889881
0.0263904389881,0.0379464285714,1,1470074887391,0.0384347098214,3,16,591959,0.113257998512
0.0338076636905,0.0437593005952,0,1470074887441,0.0406668526786,0,16,669184,0.125325520833
0.0446428571429,0.0668015252976,0,1470074887441,0.0595703125,1,16,671199,0.179827008929
0.0360630580357,0.0508975074405,0,1470074887441,0.0472702752976,2,16,673273,0.14794921875
0.0307849702381,0.044201078869,0,1470074887441,0.0377371651786,3,16,675281,0.120768229167
0.0411086309524,0.0595470610119,0,1470074887441,0.0518973214286,4,16,677288,0.159853980655
0.05029296875,0.0711495535714,0,1470074887493,0.0634765625,5,16,679334,0.191266741071
0.0337146577381,0.0485258556548,0,1470074887493,0.0423642113095,6,16,681370,0.130301339286
0.046154203869,0.0610816592262,0,1470074887493,0.0543852306548,7,16,683340,0.171293712798
0.0321800595238,0.0469680059524,1,1470074887493,0.041248139881,0,16,685888,0.128603980655
0.0337844122024,0.0452938988095,1,1470074887493,0.0439453125,1,16,687915,0.134626116071
0.0421549479167,0.0559895833333,1,1470074887493,0.0569661458333,2,16,689931,0.178269159226
0.0263904389881,0.0379696800595,1,1470074887493,0.0384114583333,3,16,691944,0.113048735119
0.0338309151786,0.0438058035714,0,1470074887545,0.0407133556548,0,16,769453,0.125418526786
0.044689360119,0.0668480282738,0,1470074887545,0.0596168154762,1,16,771489,0.179966517857
0.0360863095238,0.0509440104167,0,1470074887545,0.0473167782738,2,16,773503,0.148088727679
0.0308314732143,0.0442708333333,0,1470074887545,0.0378069196429,3,16,775607,0.120954241071
0.0411318824405,0.0596168154762,0,1470074887545,0.0519438244048,4,16,777637,0.159970238095
0.0503627232143,0.0712193080357,0,1470074887545,0.0634998139881,5,16,779666,0.191429501488
0.0337611607143,0.048572358631,0,1470074887596,0.0423874627976,6,16,781686,0.130440848214
0.0462239583333,0.0611281622024,0,1470074887596,0.054454985119,7,16,783737,0.171433221726
0.0322265625,0.0469912574405,1,1470074887596,0.0413178943452,0,16,786228,0.12878999256
0.0338076636905,0.0453404017857,1,1470074887596,0.0439685639881,1,16,788239,0.134719122024
0.042247953869,0.0560360863095,1,1470074887596,0.0570359002976,2,16,790235,0.178571428571
0.0263904389881,0.0379696800595,1,1470074887596,0.0384114583333,3,16,792271,0.113048735119
0.0338541666667,0.0438290550595,0,1470074887647,0.0407366071429,0,16,869621,0.125441778274
0.0447358630952,0.06689453125,0,1470074887647,0.0596168154762,1,16,871712,0.180013020833
0.0361328125,0.0509905133929,0,1470074887647,0.0473400297619,2,16,873732,0.148181733631
0.0308779761905,0.0443173363095,0,1470074887647,0.037853422619,3,16,875773,0.121070498512
0.0412016369048,0.0596633184524,0,1470074887647,0.051990327381,4,16,877794,0.160132998512
0.0504324776786,0.0713123139881,0,1470074887647,0.0635695684524,5,16,879841,0.191662016369
0.0338309151786,0.0486421130952,0,1470074887647,0.0424572172619,6,16,881869,0.130696614583
0.0462704613095,0.0611979166667,0,1470074887698,0.0544782366071,7,16,883883,0.171595982143
0.0322730654762,0.0470377604167,1,1470074887698,0.0413411458333,0,16,886437,0.128929501488
0.0338309151786,0.0453636532738,1,1470074887698,0.0439918154762,1,16,888464,0.134788876488
0.0423177083333,0.0561290922619,1,1470074887698,0.0570824032738,2,16,890476,0.178873697917
0.0264136904762,0.0379696800595,1,1470074887698,0.0383882068452,3,16,892494,0.113002232143
0.0339006696429,0.0438755580357,0,1470074887749,0.0408063616071,0,16,969809,0.12548828125
0.0447358630952,0.0669410342262,0,1470074887749,0.0596400669643,1,16,971852,0.180106026786
0.0361328125,0.051013764881,0,1470074887749,0.04736328125,2,16,973859,0.148228236607
0.0309012276786,0.0443638392857,0,1470074887749,0.0378766741071,3,16,975963,0.121163504464
0.0411783854167,0.0596400669643,0,1470074887749,0.0519670758929,4,16,977987,0.160132998512
0.0504789806548,0.0713588169643,0,1470074887749,0.0635463169643,5,16,980016,0.191755022321
0.0338541666667,0.0487118675595,0,1470074887749,0.0425037202381,6,16,982039,0.130882626488
0.0462937127976,0.0612211681548,0,1470074887749,0.0545014880952,7,16,984144,0.171688988095
0.0322963169643,0.047107514881,1,1470074887802,0.0413643973214,0,16,986637,0.12902250744
0.0338541666667,0.0453869047619,1,1470074887802,0.0440150669643,1,16,988653,0.13488188244
0.0423874627976,0.0562220982143,1,1470074887802,0.0571521577381,2,16,990651,0.179036458333
0.0264369419643,0.0379929315476,1,1470074887802,0.0385044642857,3,16,992676,0.113257998512
0.0339006696429,0.0438988095238,0,1470074887853,0.0408296130952,0,17,70001,0.125627790179
0.0447358630952,0.0669410342262,0,1470074887853,0.0596633184524,1,17,72058,0.180152529762
0.0361560639881,0.051037016369,0,1470074887853,0.0473865327381,2,17,74126,0.148274739583
0.0309012276786,0.0443638392857,0,1470074887853,0.0378766741071,3,17,76155,0.121140252976
0.0411783854167,0.0596633184524,0,1470074887853,0.051990327381,4,17,78177,0.160202752976
0.0504557291667,0.0713588169643,0,1470074887853,0.0636160714286,5,17,80227,0.19177827381
0.0339006696429,0.0487816220238,0,1470074887853,0.0425734747024,6,17,82252,0.131184895833
0.0463169642857,0.0612444196429,0,1470074887853,0.0545247395833,7,17,84335,0.171735491071
0.0323195684524,0.0471540178571,1,1470074887853,0.0414109002976,0,17,86795,0.129069010417
0.0338774181548,0.0453869047619,1,1470074887853,0.0440383184524,1,17,88889,0.134928385417
0.0424339657738,0.0562918526786,1,1470074887904,0.0571986607143,2,17,90897,0.179129464286
0.0264834449405,0.0380626860119,1,1470074887904,0.0387602306548,3,17,92915,0.113909040179
0.033923921131,0.0438988095238,0,1470074887955,0.0408063616071,0,17,170232,0.125720796131
0.0447591145833,0.0669410342262,0,1470074887955,0.0596865699405,1,17,172282,0.180222284226
0.0361793154762,0.051037016369,0,1470074887955,0.0474097842262,2,17,174300,0.148297991071
0.0309012276786,0.0443638392857,0,1470074887955,0.0378766741071,3,17,176316,0.121117001488
0.0412248883929,0.0596633184524,0,1470074887955,0.052013578869,4,17,178347,0.160249255952
0.0504789806548,0.0713820684524,0,1470074887955,0.0636160714286,5,17,180373,0.191824776786
0.033947172619,0.0488513764881,0,1470074887955,0.0426199776786,6,17,182392,0.131417410714
0.0463169642857,0.0612444196429,0,1470074887955,0.0545014880952,7,17,184450,0.171735491071
0.0323428199405,0.0472005208333,1,1470074887955,0.0414109002976,0,17,186906,0.129115513393
0.0338774181548,0.0453869047619,1,1470074887955,0.0440383184524,1,17,188906,0.134951636905
0.0424572172619,0.0563616071429,1,1470074887955,0.0572451636905,2,17,190905,0.17919921875
0.0265299479167,0.0381091889881,1,1470074888007,0.0388532366071,3,17,192968,0.1142578125
