blue,green,groupId,received,red,sensorId,time1,time2,white
0.0402018229167,0.0465727306548,0,1470166875787,0.043224516369,0,25,814366,0.105794270833
0.0605701264881,0.0814732142857,0,1470166875787,0.0748930431548,1,25,816815,0.196521577381
0.0459914434524,0.0559895833333,0,1470166875787,0.0561988467262,2,25,818920,0.145972842262
0.0404808407738,0.0506184895833,0,1470166875787,0.0438290550595,3,25,820939,0.108375186012
0.055919828869,0.0725678943452,0,1470166875787,0.0660574776786,4,25,822968,0.178362165179
0.0575939360119,0.0765438988095,0,1470166875788,0.0680106026786,5,25,825019,0.184477306548
0.0357142857143,0.0435500372024,0,1470166875788,0.0403413318452,6,25,827048,0.114071800595
0.0526878720238,0.0625697544643,0,1470166875788,0.0576636904762,7,25,829070,0.16443452381
0.0413876488095,0.0540597098214,1,1470166875788,0.0482235863095,0,25,831557,0.123209635417
0.0374581473214,0.0438523065476,1,1470166875788,0.0433640252976,1,25,833591,0.119884672619
0.0369931175595,0.046875,1,1470166875788,0.0448288690476,2,25,835645,0.107700892857
0.0475725446429,0.0599655877976,1,1470166875788,0.0634533110119,3,25,837685,0.158528645833
0.0402018229167,0.0465727306548,0,1470166875860,0.043201264881,0,25,914587,0.10584077381
0.0620349702381,0.0828450520833,0,1470166875910,0.076427641369,1,25,916670,0.198032924107
0.0460379464286,0.0559895833333,0,1470166875910,0.0562220982143,2,25,918897,0.146042596726
0.0404343377976,0.0505719866071,0,1470166875910,0.0437825520833,3,25,921036,0.10828218006
0.0547572544643,0.071521577381,0,1470166875910,0.0648484002976,4,25,923103,0.177199590774
0.0585704985119,0.0774507068452,0,1470166875911,0.069080171131,5,25,925165,0.185546875
0.03515625,0.0429920014881,0,1470166875911,0.0397367931548,6,25,927185,0.113351004464
0.0530831473214,0.0628952752976,0,1470166875911,0.0580822172619,7,25,929196,0.164806547619
0.0413178943452,0.0538736979167,1,1470166875911,0.0481538318452,0,25,931702,0.123093377976
0.0374813988095,0.0438523065476,1,1470166875911,0.0434105282738,1,25,933746,0.119907924107
0.0370396205357,0.0469215029762,1,1470166875911,0.0453636532738,2,25,935793,0.108189174107
0.0475725446429,0.0599655877976,1,1470166875911,0.0634533110119,3,25,937836,0.158528645833
0.0402250744048,0.0465727306548,0,1470166875961,0.043201264881,0,26,14711,0.10584077381
0.060546875,0.0814732142857,0,1470166876015,0.0748930431548,1,26,16801,0.196451822917
0.0460379464286,0.0560128348214,0,1470166876015,0.0562453497024,2,26,18888,0.146065848214
0.0404110863095,0.0505022321429,0,1470166876015,0.0437360491071,3,26,20931,0.108142671131
0.05517578125,0.0718936011905,0,1470166876015,0.0652436755952,4,26,22969,0.177525111607
0.0575939360119,0.0765206473214,0,1470166876015,0.0680571056548,5,26,25014,0.184523809524
0.0350864955357,0.0428757440476,0,1470166876016,0.0396437872024,6,26,27053,0.113071986607
0.0520368303571,0.0619884672619,0,1470166876016,0.0570126488095,7,26,29075,0.163760230655
0.0415736607143,0.0541294642857,1,1470166876016,0.0484328497024,0,26,31563,0.123256138393
0.0374813988095,0.0438755580357,1,1470166876016,0.0434337797619,1,26,33602,0.119931175595
0.0380394345238,0.0475725446429,1,1470166876016,0.0466889880952,2,26,35661,0.10949125744
0.0476655505952,0.0601748511905,1,1470166876016,0.0634998139881,3,26,37693,0.158226376488
0.0402018229167,0.0465494791667,0,1470166876065,0.043201264881,0,26,114956,0.105817522321
0.060546875,0.0814732142857,0,1470166876066,0.0748697916667,1,26,117026,0.196428571429
0.0460611979167,0.0560360863095,0,1470166876066,0.0562453497024,2,26,119063,0.14611235119
0.039806547619,0.0499209449405,0,1470166876117,0.0431315104167,3,26,121089,0.107468377976
0.0546875,0.0714518229167,0,1470166876117,0.0647553943452,4,26,123156,0.177036830357
0.0575474330357,0.0764973958333,0,1470166876117,0.0680338541667,5,26,125212,0.184384300595
0.0350167410714,0.0428059895833,0,1470166876117,0.0395972842262,6,26,127230,0.11290922619
0.0520600818452,0.0620349702381,0,1470166876117,0.0570359002976,7,26,129234,0.163806733631
0.041271391369,0.0538271949405,1,1470166876117,0.048084077381,0,26,131736,0.12293061756
0.0375046502976,0.0438988095238,1,1470166876117,0.0434337797619,1,26,133786,0.119954427083
0.0369698660714,0.0465727306548,1,1470166876117,0.0455264136905,2,26,135910,0.108328683036
0.0465262276786,0.0592447916667,1,1470166876117,0.0622907366071,3,26,137932,0.156784784226
0.0402018229167,0.0465494791667,0,1470166876169,0.043201264881,0,26,215107,0.105817522321
0.0605236235119,0.0814732142857,0,1470166876170,0.0748930431548,1,26,217170,0.196475074405
0.0460844494048,0.0560593377976,0,1470166876170,0.0562918526786,2,26,219202,0.146205357143
0.0392717633929,0.0494094122024,0,1470166876170,0.0425734747024,3,26,221245,0.106910342262
0.0547340029762,0.0714750744048,0,1470166876221,0.0648018973214,4,26,223279,0.177106584821
0.0582449776786,0.0771251860119,0,1470166876221,0.0687313988095,5,26,225324,0.185151599702
0.0350399925595,0.0428292410714,0,1470166876221,0.0396205357143,6,26,227362,0.112978980655
0.0520600818452,0.0620349702381,0,1470166876221,0.0570359002976,7,26,229386,0.163806733631
0.041248139881,0.0538271949405,1,1470166876221,0.048107328869,0,26,231889,0.123000372024
0.0375046502976,0.0438755580357,1,1470166876221,0.04345703125,1,26,233930,0.119977678571
0.037341889881,0.0468982514881,1,1470166876221,0.0459216889881,2,26,236082,0.108654203869
0.0478515625,0.0604306175595,1,1470166876221,0.0636625744048,3,26,238121,0.15808686756
0.0402250744048,0.0465727306548,0,1470166876272,0.043201264881,0,26,316548,0.105794270833
0.0605236235119,0.0814732142857,0,1470166876272,0.0749162946429,1,26,318628,0.196498325893
0.0460844494048,0.0560593377976,0,1470166876272,0.0562918526786,2,26,320662,0.146251860119
0.0389229910714,0.049060639881,0,1470166876272,0.042224702381,3,26,322774,0.106584821429
0.0547107514881,0.0714983258929,0,1470166876272,0.0648018973214,4,26,324831,0.177060081845
0.0575939360119,0.0765438988095,0,1470166876324,0.0680571056548,5,26,326860,0.184523809524
0.0353422619048,0.0431082589286,0,1470166876324,0.0399228050595,6,26,328857,0.11339750744
0.0531063988095,0.0629417782738,0,1470166876324,0.05810546875,7,26,330925,0.164876302083
0.041271391369,0.0538271949405,1,1470166876324,0.0481305803571,0,26,333431,0.123023623512
0.0374813988095,0.0438988095238,1,1470166876324,0.04345703125,1,26,335522,0.12000093006
0.0372721354167,0.0466889880952,1,1470166876324,0.0458286830357,2,26,337535,0.10851469494
0.0467354910714,0.0594773065476,1,1470166876324,0.0625,3,26,339551,0.156715029762
0.0402018229167,0.0465494791667,0,1470166876377,0.043201264881,0,26,415843,0.105771019345
0.0605701264881,0.0814964657738,0,1470166876377,0.074962797619,1,26,417916,0.196591331845
0.0460844494048,0.0560593377976,0,1470166876378,0.0563151041667,2,26,420039,0.146228608631
0.0388997395833,0.0489908854167,0,1470166876378,0.0422014508929,3,26,422073,0.106608072917
0.0547340029762,0.071544828869,0,1470166876378,0.0648251488095,4,26,424179,0.177153087798
0.0585239955357,0.0774274553571,0,1470166876378,0.0690104166667,5,26,426218,0.185407366071
0.03515625,0.04296875,0,1470166876378,0.0397367931548,6,26,428257,0.113327752976
0.0531063988095,0.0629185267857,0,1470166876378,0.05810546875,7,26,430291,0.164853050595
0.0412946428571,0.0538736979167,1,1470166876428,0.048107328869,0,26,432803,0.12293061756
0.0374813988095,0.0438988095238,1,1470166876428,0.0434337797619,1,26,434920,0.119977678571
0.0366675967262,0.0459914434524,1,1470166876428,0.045177641369,2,26,436944,0.107747395833
0.0462239583333,0.0589890252976,1,1470166876428,0.0618954613095,3,26,438971,0.155529203869
0.0401785714286,0.0465262276786,0,1470166876479,0.0431780133929,0,26,516167,0.105701264881
0.060546875,0.0814964657738,0,1470166876479,0.0749162946429,1,26,518249,0.196475074405
0.0460844494048,0.0560593377976,0,1470166876479,0.0562686011905,2,26,520280,0.146182105655
0.0388997395833,0.0489676339286,0,1470166876479,0.0422014508929,3,26,522303,0.106631324405
0.0548967633929,0.0716378348214,0,1470166876479,0.0649646577381,4,26,524410,0.177292596726
0.0575706845238,0.0765206473214,0,1470166876479,0.0680571056548,5,26,526433,0.184477306548
0.0351795014881,0.0430385044643,0,1470166876479,0.039806547619,6,26,528451,0.113490513393
0.0520368303571,0.0619652157738,0,1470166876480,0.0570126488095,7,26,530526,0.163713727679
0.0412946428571,0.053943452381,1,1470166876530,0.048107328869,0,26,533064,0.122814360119
0.0374813988095,0.0438988095238,1,1470166876531,0.0434337797619,1,26,535120,0.119954427083
0.0376441592262,0.0467122395833,1,1470166876531,0.0461774553571,2,26,537133,0.108584449405
0.0473167782738,0.0599423363095,1,1470166876531,0.0629650297619,3,26,539189,0.15587797619
0.0401553199405,0.0465029761905,0,1470166876581,0.0431780133929,0,26,616241,0.105631510417
0.060546875,0.0814732142857,0,1470166876581,0.0749162946429,1,26,618304,0.196451822917
0.0460844494048,0.0560593377976,0,1470166876581,0.0562686011905,2,26,620402,0.146158854167
0.039295014881,0.0493396577381,0,1470166876581,0.0426199776786,3,26,622442,0.10704985119
0.0546875,0.0714750744048,0,1470166876582,0.0647786458333,4,26,624490,0.177036830357
0.0577799479167,0.0767299107143,0,1470166876582,0.0682896205357,5,26,626544,0.184709821429
0.0359933035714,0.0437825520833,0,1470166876582,0.0406436011905,6,26,628609,0.114281063988
0.052013578869,0.0619419642857,0,1470166876582,0.0569893973214,7,26,630634,0.163620721726
0.041271391369,0.0538736979167,1,1470166876582,0.0481305803571,0,26,633127,0.122884114583
0.0374813988095,0.0438988095238,1,1470166876632,0.0434337797619,1,26,635195,0.119907924107
0.0364815848214,0.0456194196429,1,1470166876632,0.044921875,2,26,637235,0.107328869048
0.0457356770833,0.0584774925595,1,1470166876632,0.061290922619,3,26,639268,0.153622581845
0.0401785714286,0.0465262276786,0,1470166876683,0.0431780133929,0,26,716730,0.105654761905
0.0619652157738,0.0828218005952,0,1470166876683,0.076427641369,1,26,718786,0.197916666667
0.0460611979167,0.0560593377976,0,1470166876683,0.0562686011905,2,26,720822,0.146182105655
0.039806547619,0.0498279389881,0,1470166876683,0.0431780133929,3,26,722934,0.107561383929
0.0557105654762,0.0724516369048,0,1470166876683,0.0658714657738,4,26,724977,0.178199404762
0.0575939360119,0.0765206473214,0,1470166876684,0.0680338541667,5,26,727012,0.184407552083
0.0351795014881,0.0430385044643,0,1470166876684,0.039806547619,6,26,729033,0.113513764881
0.0530366443452,0.0628487723214,0,1470166876684,0.0580589657738,7,26,731084,0.16466703869
0.041248139881,0.0537806919643,1,1470166876684,0.048107328869,0,26,733582,0.122953869048
0.0374581473214,0.0438755580357,1,1470166876684,0.0434337797619,1,26,735631,0.119931175595
0.0365513392857,0.045642671131,1,1470166876734,0.0448753720238,2,26,737662,0.107352120536
0.0456194196429,0.058361235119,1,1470166876734,0.0612211681548,3,26,739708,0.153390066964
0.0401785714286,0.0465262276786,0,1470166876785,0.0431780133929,0,26,816876,0.105654761905
0.0605236235119,0.0814499627976,0,1470166876785,0.0748930431548,1,26,819004,0.196451822917
0.0460844494048,0.0560593377976,0,1470166876785,0.0562918526786,2,26,821048,0.146228608631
0.0402483258929,0.0501999627976,0,1470166876785,0.0435965401786,3,26,823073,0.107956659226
0.0547340029762,0.0715913318452,0,1470166876785,0.0648251488095,4,26,825115,0.177106584821
0.0575009300595,0.0764508928571,0,1470166876786,0.0680106026786,5,26,827154,0.184337797619
0.0351795014881,0.0430152529762,0,1470166876786,0.039783296131,6,26,829173,0.113444010417
0.0530366443452,0.0628720238095,0,1470166876786,0.0580589657738,7,26,831213,0.164713541667
0.0412016369048,0.0536411830357,1,1470166876786,0.0480608258929,0,26,833713,0.122837611607
0.0374581473214,0.0438755580357,1,1470166876786,0.0434337797619,1,26,835794,0.119907924107
0.0365513392857,0.045642671131,1,1470166876835,0.0448753720238,2,26,837836,0.107352120536
0.0469215029762,0.0594773065476,1,1470166876835,0.0626162574405,3,26,839861,0.154831659226
0.0401785714286,0.0465262276786,0,1470166876887,0.043224516369,0,26,917004,0.105654761905
0.0604771205357,0.0813802083333,0,1470166876887,0.0748465401786,1,26,919550,0.196242559524
0.0460379464286,0.0560128348214,0,1470166876887,0.0562220982143,2,26,921637,0.146089099702
0.0404343377976,0.0504557291667,0,1470166876887,0.0437825520833,3,26,923711,0.108328683036
0.0558035714286,0.0729399181548,0,1470166876887,0.066150483631,4,26,925772,0.178199404762
0.0584309895833,0.0772646949405,0,1470166876887,0.0689406622024,5,26,927808,0.18517485119
0.0350399925595,0.0427594866071,0,1470166876887,0.0395740327381,6,26,929834,0.11290922619
0.0519670758929,0.0618954613095,0,1470166876887,0.0569661458333,7,26,931882,0.163504464286
0.0411086309524,0.0533854166667,1,1470166876887,0.047619047619,0,26,934409,0.121744791667
0.0374348958333,0.0438290550595,1,1470166876887,0.0434105282738,1,26,936455,0.119814918155
0.0377371651786,0.0467122395833,1,1470166876887,0.0459681919643,2,26,938480,0.108351934524
0.0454566592262,0.0580822172619,1,1470166876940,0.0611514136905,3,26,940586,0.15343656994
0.0401785714286,0.046642485119,0,1470166876991,0.04345703125,0,27,17176,0.105910528274
0.0604073660714,0.081287202381,0,1470166876991,0.0748000372024,1,27,19255,0.195893787202
0.0459681919643,0.055919828869,0,1470166876992,0.05615234375,2,27,21290,0.145670572917
0.041015625,0.0516183035714,0,1470166876992,0.044201078869,3,27,23726,0.109561011905
0.0548735119048,0.0721958705357,0,1470166876992,0.0653134300595,4,27,25803,0.17736235119
0.0574079241071,0.0762183779762,0,1470166876992,0.0678478422619,5,27,27849,0.183872767857
0.0348772321429,0.0425502232143,0,1470166876992,0.0394112723214,6,27,29892,0.112351190476
0.0519438244048,0.0618954613095,0,1470166876992,0.0569661458333,7,27,31928,0.163411458333
0.041015625,0.052990141369,1,1470166876992,0.0472470238095,0,27,34438,0.121256510417
0.037365141369,0.043712797619,1,1470166876992,0.0433640252976,1,27,36560,0.119582403274
0.036388578869,0.0455496651786,1,1470166876992,0.0444103422619,2,27,38578,0.10595703125
0.0452473958333,0.0578031994048,1,1470166876992,0.0610584077381,3,27,40604,0.153366815476
0.04052734375,0.0472005208333,0,1470166877062,0.0438988095238,0,27,117394,0.107328869048
0.0602446056548,0.0809849330357,0,1470166877113,0.0745675223214,1,27,119469,0.195405505952
0.0459914434524,0.0560128348214,0,1470166877113,0.0561755952381,2,27,121510,0.144810267857
0.0414806547619,0.0528273809524,0,1470166877113,0.0446196056548,3,27,123549,0.110886346726
0.056384858631,0.073497953869,0,1470166877113,0.0668247767857,4,27,125719,0.179292224702
0.0580822172619,0.0767996651786,0,1470166877113,0.0685453869048,5,27,127770,0.184337797619
0.0348307291667,0.04248046875,0,1470166877113,0.039318266369,6,27,129790,0.111886160714
0.052990141369,0.062755766369,0,1470166877113,0.0580357142857,7,27,131814,0.164318266369
0.0410853794643,0.0528971354167,1,1470166877113,0.0475492931548,0,27,134336,0.121256510417
0.0374813988095,0.0437825520833,1,1470166877113,0.0435732886905,1,27,136370,0.119977678571
0.0366443452381,0.0450381324405,1,1470166877113,0.044201078869,2,27,138389,0.104445684524
0.0464099702381,0.0587332589286,1,1470166877113,0.0623604910714,3,27,140474,0.154041108631
0.0411086309524,0.0485026041667,0,1470166877164,0.044921875,0,27,217589,0.109305245536
0.0603841145833,0.0811476934524,0,1470166877215,0.0747535342262,1,27,219677,0.196149553571
0.0460844494048,0.0560593377976,0,1470166877215,0.056408110119,2,27,221718,0.146251860119
0.041759672619,0.0531994047619,0,1470166877215,0.0448986235119,3,27,223756,0.111769903274
0.056384858631,0.073497953869,0,1470166877215,0.0668247767857,4,27,225785,0.179292224702
0.0573149181548,0.0761486235119,0,1470166877216,0.0677548363095,5,27,227830,0.18347749256
0.0350167410714,0.0428524925595,0,1470166877216,0.0395972842262,6,27,229849,0.111955915179
0.0526878720238,0.0624069940476,0,1470166877216,0.0577799479167,7,27,231874,0.163736979167
0.0413643973214,0.052966889881,1,1470166877216,0.0479213169643,0,27,234390,0.12316313244
0.037853422619,0.0445498511905,1,1470166877216,0.0449451264881,1,27,236466,0.121442522321
0.0366443452381,0.0449683779762,1,1470166877216,0.0443173363095,2,27,238504,0.105887276786
0.0444103422619,0.0566871279762,1,1470166877216,0.0601981026786,3,27,240539,0.14953031994
0.0415271577381,0.0484561011905,0,1470166877266,0.0463634672619,0,27,318797,0.110398065476
0.0605933779762,0.0813802083333,0,1470166877318,0.074962797619,1,27,320886,0.196916852679
0.0462937127976,0.0562220982143,0,1470166877318,0.0565243675595,2,27,322999,0.146995907738
0.0417829241071,0.0532459077381,0,1470166877318,0.0450381324405,3,27,325056,0.112141927083
0.0553385416667,0.072521391369,0,1470166877318,0.0657319568452,4,27,327068,0.178571428571
0.057384672619,0.0762183779762,0,1470166877318,0.0677780877976,5,27,329097,0.183547247024
0.0353190104167,0.0433407738095,0,1470166877318,0.0399925595238,6,27,331141,0.112513950893
0.0521298363095,0.0620349702381,0,1470166877318,0.0575241815476,7,27,333180,0.163876488095
0.0416201636905,0.0531994047619,1,1470166877318,0.0482003348214,0,27,335674,0.12439546131
0.0381556919643,0.0450148809524,1,1470166877318,0.0452706473214,1,27,337683,0.121721540179
0.0369001116071,0.0454566592262,1,1470166877318,0.044666108631,2,27,339696,0.1064453125
0.0435267857143,0.055408296131,1,1470166877318,0.05908203125,3,27,341691,0.144880022321
0.0409226190476,0.0479213169643,0,1470166877369,0.0453171502976,0,27,418206,0.110421316964
0.0606398809524,0.0814267113095,0,1470166877369,0.0749860491071,1,27,420299,0.197056361607
0.0463634672619,0.0563383556548,0,1470166877369,0.0565476190476,2,27,422334,0.147437686012
0.0418991815476,0.053478422619,0,1470166877420,0.0451311383929,3,27,424362,0.112467447917
0.0566638764881,0.0738002232143,0,1470166877420,0.0670572916667,4,27,426379,0.180082775298
0.057384672619,0.0762183779762,0,1470166877421,0.0677780877976,5,27,428417,0.183547247024
0.0362258184524,0.044177827381,0,1470166877421,0.0408993675595,6,27,430439,0.113583519345
0.0525948660714,0.0624534970238,0,1470166877421,0.0582449776786,7,27,432473,0.164457775298
0.0417829241071,0.0533156622024,1,1470166877421,0.0483630952381,0,27,435028,0.124348958333
0.0379696800595,0.044666108631,1,1470166877421,0.0462704613095,1,27,437093,0.122953869048
0.0374348958333,0.0456194196429,1,1470166877421,0.0453404017857,2,27,439119,0.106026785714
0.0442940848214,0.0558733258929,1,1470166877421,0.0598493303571,3,27,441149,0.143345424107
0.040783110119,0.0478515625,0,1470166877470,0.0451078869048,0,27,518401,0.109328497024
0.0619187127976,0.0826125372024,0,1470166877470,0.0763346354167,1,27,520480,0.198404947917
0.0463634672619,0.056384858631,0,1470166877470,0.0565476190476,2,27,522507,0.147507440476
0.0418991815476,0.053478422619,0,1470166877470,0.0451078869048,3,27,524638,0.112397693452
0.0553850446429,0.0726841517857,0,1470166877521,0.0657784598214,4,27,526665,0.178757440476
0.0582682291667,0.0769856770833,0,1470166877521,0.0687081473214,5,27,528696,0.184337797619
0.0353422619048,0.0433640252976,0,1470166877521,0.0399925595238,6,27,530804,0.11279296875
0.0531063988095,0.0628952752976,0,1470166877521,0.0584542410714,7,27,532856,0.164760044643
0.0415504092262,0.0531296502976,1,1470166877521,0.048084077381,0,27,535368,0.123883928571
0.0384579613095,0.0453404017857,1,1470166877521,0.0466889880952,1,27,537410,0.12390718006
0.035900297619,0.0439918154762,1,1470166877521,0.0437360491071,2,27,539437,0.103724888393
0.0429920014881,0.0547805059524,1,1470166877521,0.05859375,3,27,541474,0.142554873512
0.041015625,0.0480375744048,0,1470166877573,0.0455031622024,0,27,618582,0.110909598214
0.0605701264881,0.0813569568452,0,1470166877573,0.074939546131,1,27,620747,0.196870349702
0.04638671875,0.0563383556548,0,1470166877573,0.0565708705357,2,27,622795,0.147321428571
0.0418294270833,0.0532924107143,0,1470166877573,0.0450148809524,3,27,624841,0.11218843006
0.0557803199405,0.073009672619,0,1470166877624,0.0661969866071,4,27,626928,0.179129464286
0.0572916666667,0.0761021205357,0,1470166877624,0.0677083333333,5,27,628958,0.183268229167
0.0352725074405,0.0431780133929,0,1470166877624,0.0398995535714,6,27,630988,0.112630208333
0.0520600818452,0.0619187127976,0,1470166877624,0.0571754092262,7,27,633028,0.16320219494
0.0414341517857,0.0531063988095,1,1470166877624,0.0479213169643,0,27,635556,0.123139880952
0.0382719494048,0.04541015625,1,1470166877624,0.0452008928571,1,27,637599,0.122628348214
0.0365745907738,0.0444800967262,1,1470166877624,0.0443405877976,2,27,639627,0.104654947917
0.0429920014881,0.0547805059524,1,1470166877624,0.05859375,3,27,641657,0.142554873512
0.0414341517857,0.0487816220238,0,1470166877675,0.0461077008929,0,27,718775,0.11083984375
0.0604538690476,0.0811941964286,0,1470166877675,0.0748232886905,1,27,720842,0.196591331845
0.046130952381,0.0560825892857,0,1470166877675,0.0564313616071,2,27,722954,0.145972842262
0.0416899181548,0.0530598958333,0,1470166877675,0.0448288690476,3,27,725010,0.111607142857
0.0552920386905,0.0724748883929,0,1470166877675,0.065685453869,4,27,727019,0.178362165179
0.0582682291667,0.0769624255952,0,1470166877725,0.0687546502976,5,27,729048,0.18445405506
0.0351329985119,0.0429454985119,0,1470166877725,0.0397135416667,6,27,731123,0.1123046875
0.0520600818452,0.0619187127976,0,1470166877725,0.0571754092262,7,27,733163,0.16320219494
0.0419224330357,0.0537109375,1,1470166877725,0.0483863467262,0,27,735674,0.122581845238
0.0374581473214,0.0439220610119,1,1470166877725,0.0437360491071,1,27,737713,0.120372953869
0.0357607886905,0.0433175223214,1,1470166877725,0.0432477678571,2,27,739765,0.103724888393
0.0439453125,0.0557338169643,1,1470166877725,0.0596400669643,3,27,741797,0.144670758929
0.0409923735119,0.0480608258929,0,1470166877776,0.0447823660714,0,27,819048,0.109328497024
0.0606398809524,0.0813337053571,0,1470166877776,0.0750325520833,1,27,821119,0.19677734375
0.0458519345238,0.0558035714286,0,1470166877776,0.0562453497024,2,27,823171,0.145252046131
0.0415969122024,0.0528971354167,0,1470166877776,0.0447126116071,3,27,825209,0.11121186756
0.0551060267857,0.0721958705357,0,1470166877776,0.0654529389881,4,27,827236,0.177920386905
0.0573149181548,0.0760556175595,0,1470166877776,0.0677315848214,5,27,829271,0.183523995536
0.034923735119,0.042712983631,0,1470166877826,0.0394810267857,6,27,831302,0.112258184524
0.0518740699405,0.061755952381,0,1470166877826,0.0569428943452,7,27,833334,0.162946428571
0.0409923735119,0.0529436383929,1,1470166877826,0.04736328125,0,27,835922,0.120628720238
0.0371558779762,0.0435267857143,1,1470166877826,0.0432710193452,1,27,837975,0.119675409226
0.0347377232143,0.0425037202381,1,1470166877826,0.0420619419643,2,27,840006,0.101655505952
0.0445731026786,0.0563616071429,1,1470166877826,0.0601283482143,3,27,842034,0.145368303571
0.0404110863095,0.0470610119048,0,1470166877877,0.0441313244048,0,27,919158,0.10753813244
0.060314360119,0.0810546875,0,1470166877878,0.07470703125,1,27,921271,0.196521577381
0.0458751860119,0.0558268229167,0,1470166877878,0.0562220982143,2,27,923346,0.1455078125
0.0416666666667,0.0531063988095,0,1470166877878,0.0448056175595,3,27,925455,0.111421130952
0.0550130208333,0.0721958705357,0,1470166877878,0.0653831845238,4,27,927476,0.177757626488
0.0572916666667,0.0761021205357,0,1470166877878,0.0677548363095,5,27,929501,0.183547247024
0.0349934895833,0.0428524925595,0,1470166877928,0.0395972842262,6,27,931554,0.112769717262
0.0528506324405,0.0626627604167,0,1470166877928,0.0579659598214,7,27,933589,0.164085751488
0.0409458705357,0.0529436383929,1,1470166877928,0.0471540178571,0,27,936108,0.119931175595
0.0369698660714,0.0434105282738,1,1470166877928,0.0430617559524,1,27,938152,0.119373139881
0.0360165550595,0.0437825520833,1,1470166877928,0.04345703125,2,27,940264,0.103794642857
0.04345703125,0.0553385416667,1,1470166877928,0.0587565104167,3,27,942293,0.143833705357
0.040271577381,0.0467819940476,0,1470166877979,0.0438988095238,0,28,19375,0.106910342262
0.060314360119,0.0810546875,0,1470166877979,0.0747302827381,1,28,21442,0.196475074405
0.0458984375,0.0558733258929,0,1470166877979,0.0562453497024,2,28,23472,0.145717075893
0.0416899181548,0.0531529017857,0,1470166877979,0.0447823660714,3,28,25507,0.111397879464
0.0549897693452,0.0721261160714,0,1470166877979,0.0653366815476,4,28,27540,0.17761811756
0.0579427083333,0.0767299107143,0,1470166877979,0.0684291294643,5,28,29558,0.184268043155
0.0349702380952,0.0428059895833,0,1470166877979,0.03955078125,6,28,31600,0.11267671131
0.0528506324405,0.0626627604167,0,1470166878030,0.0579427083333,7,28,33615,0.164155505952
0.0421084449405,0.0541294642857,1,1470166878030,0.0484095982143,0,28,36190,0.121303013393
0.0367838541667,0.043201264881,1,1470166878030,0.0428989955357,1,28,38219,0.119140625
0.0347842261905,0.0425502232143,1,1470166878030,0.0421084449405,2,28,40254,0.102283296131
0.0447823660714,0.056384858631,1,1470166878030,0.0600353422619,3,28,42277,0.144507998512
0.0403413318452,0.0469215029762,0,1470166878082,0.0439685639881,0,28,119569,0.107096354167
0.060291108631,0.0810081845238,0,1470166878082,0.0746837797619,1,28,121648,0.1962890625
0.0458751860119,0.0558035714286,0,1470166878082,0.0562220982143,2,28,123699,0.145368303571
0.0416666666667,0.0531529017857,0,1470166878082,0.0447591145833,3,28,125751,0.111304873512
0.0552920386905,0.0723353794643,0,1470166878082,0.0656389508929,4,28,127767,0.177966889881
0.0572916666667,0.0760788690476,0,1470166878082,0.0677083333333,5,28,129802,0.18347749256
0.0349934895833,0.0428059895833,0,1470166878082,0.03955078125,6,28,131858,0.112444196429
0.0518043154762,0.0617094494048,0,1470166878082,0.0568498883929,7,28,133904,0.162923177083
0.0411318824405,0.0532459077381,1,1470166878136,0.0474330357143,0,28,136488,0.120861235119
0.0366443452381,0.0430850074405,1,1470166878136,0.0427827380952,1,28,138536,0.119070870536
0.0348074776786,0.0422712053571,1,1470166878136,0.0420386904762,2,28,140619,0.102143787202
0.0436430431548,0.0552920386905,1,1470166878137,0.0589192708333,3,28,142656,0.142764136905
0.040783110119,0.0477585565476,0,1470166878187,0.0445498511905,0,28,219790,0.108630952381
0.0604538690476,0.0812174479167,0,1470166878187,0.0748465401786,1,28,221863,0.19666108631
0.0459681919643,0.055896577381,0,1470166878187,0.0563383556548,2,28,223894,0.14539155506
0.0417829241071,0.0532691592262,0,1470166878188,0.0448753720238,3,28,225997,0.11170014881
0.0551060267857,0.0721028645833,0,1470166878188,0.0654296875,4,28,228030,0.177804129464
0.0581752232143,0.0768229166667,0,1470166878188,0.0686383928571,5,28,230048,0.184175037202
0.0358305431548,0.0437593005952,0,1470166878188,0.0404808407738,6,28,232087,0.113304501488
0.0517810639881,0.0616396949405,0,1470166878188,0.056873139881,7,28,234188,0.162667410714
0.0414109002976,0.0532459077381,1,1470166878188,0.0474330357143,0,28,236764,0.120861235119
0.0367373511905,0.0435732886905,1,1470166878188,0.043224516369,1,28,238812,0.119907924107
0.0363188244048,0.0437825520833,1,1470166878244,0.0437825520833,2,28,240838,0.1044921875
0.0428059895833,0.0544084821429,1,1470166878244,0.0582217261905,3,28,242933,0.141624813988
0.0415271577381,0.049060639881,0,1470166878296,0.0466889880952,0,28,320940,0.110653831845
0.0616861979167,0.0824032738095,0,1470166878296,0.0761021205357,1,28,323125,0.198032924107
0.0462704613095,0.0561755952381,0,1470166878296,0.0565476190476,2,28,325176,0.146670386905
0.0419689360119,0.0535714285714,0,1470166878296,0.0451078869048,3,28,327717,0.112351190476
0.0562918526786,0.0732421875,0,1470166878296,0.0667085193452,4,28,329767,0.179152715774
0.0571986607143,0.0759858630952,0,1470166878296,0.0676618303571,5,28,331836,0.183198474702
0.035388764881,0.0434105282738,0,1470166878296,0.0400855654762,6,28,333880,0.113025483631
0.0528738839286,0.0625697544643,0,1470166878296,0.0580357142857,7,28,335967,0.163853236607
0.0414109002976,0.0535016741071,1,1470166878296,0.0476888020833,0,28,338428,0.1220703125
0.0372953869048,0.04443359375,1,1470166878305,0.0448521205357,1,28,340463,0.121744791667
0.0353190104167,0.0428989955357,1,1470166878306,0.0428524925595,2,28,342466,0.10302734375
0.0438523065476,0.0552222842262,1,1470166878306,0.0593610491071,3,28,344507,0.141624813988
0.0415271577381,0.0482468377976,0,1470166878365,0.0462704613095,0,28,420122,0.11279296875
0.0616861979167,0.0824032738095,0,1470166878416,0.0761021205357,1,28,422199,0.198032924107
0.0462937127976,0.0562453497024,0,1470166878416,0.0565011160714,2,28,424300,0.147042410714
0.0421549479167,0.0540829613095,0,1470166878416,0.0453636532738,3,28,426312,0.113025483631
0.0552222842262,0.0723121279762,0,1470166878416,0.0656156994048,4,28,428642,0.178199404762
0.0574776785714,0.0762416294643,0,1470166878416,0.0679408482143,5,28,430733,0.18347749256
0.0354817708333,0.0435965401786,0,1470166878416,0.0402018229167,6,28,432766,0.11339750744
0.052990141369,0.062755766369,0,1470166878416,0.0583147321429,7,28,434898,0.164527529762
0.0426199776786,0.0547107514881,1,1470166878416,0.0489443824405,0,28,437408,0.123930431548
0.036876860119,0.0437593005952,1,1470166878416,0.0445963541667,1,28,439449,0.121256510417
0.0361560639881,0.0435500372024,1,1470166878416,0.0438058035714,2,28,441472,0.103469122024
0.0421781994048,0.0535016741071,1,1470166878416,0.0575009300595,3,28,443494,0.138509114583
0.0408296130952,0.0477818080357,0,1470166878471,0.0452706473214,0,28,520314,0.11083984375
0.0606398809524,0.0814499627976,0,1470166878471,0.0750093005952,1,28,522386,0.19714936756
0.0462937127976,0.0562918526786,0,1470166878471,0.0565011160714,2,28,524447,0.147158668155
0.0422014508929,0.0541062127976,0,1470166878522,0.0453636532738,3,28,526467,0.113095238095
0.0564546130952,0.0734281994048,0,1470166878522,0.06689453125,4,28,528477,0.179431733631
0.0572219122024,0.0760323660714,0,1470166878522,0.0676618303571,5,28,530510,0.183175223214
0.035900297619,0.0440150669643,0,1470166878522,0.0406668526786,6,28,532542,0.113978794643
0.0518973214286,0.061755952381,0,1470166878522,0.0571521577381,7,28,534601,0.163248697917
0.041759672619,0.0540597098214,1,1470166878522,0.0480375744048,0,28,537108,0.123023623512
0.0369001116071,0.0438988095238,1,1470166878522,0.0445498511905,1,28,539178,0.121186755952
0.034923735119,0.0423642113095,1,1470166878522,0.0425967261905,2,28,541215,0.102399553571
0.0420619419643,0.0533156622024,1,1470166878522,0.0572684151786,3,28,543224,0.138044084821
0.0408993675595,0.0478283110119,0,1470166878574,0.0453869047619,0,28,620532,0.110677083333
0.0606166294643,0.0814267113095,0,1470166878574,0.074962797619,1,28,622612,0.197056361607
0.0462937127976,0.0562453497024,0,1470166878574,0.0565011160714,2,28,624667,0.14697265625
0.0421084449405,0.0538504464286,0,1470166878574,0.0452706473214,3,28,626682,0.11279296875
0.0551525297619,0.0722191220238,0,1470166878624,0.0655459449405,4,28,628783,0.177943638393
0.0571986607143,0.0759858630952,0,1470166878624,0.0676618303571,5,28,630818,0.183175223214
0.035900297619,0.0440150669643,0,1470166878624,0.0406668526786,6,28,632861,0.113978794643
0.0517810639881,0.0616629464286,0,1470166878625,0.0569196428571,7,28,634982,0.162783668155
0.041759672619,0.0541759672619,1,1470166878625,0.0479910714286,0,28,637479,0.122791108631
0.0370628720238,0.044201078869,1,1470166878625,0.0442243303571,1,28,639508,0.121070498512
0.034923735119,0.0423642113095,1,1470166878625,0.0425967261905,2,28,641530,0.102399553571
0.0435965401786,0.0547107514881,1,1470166878625,0.058849516369,3,28,643548,0.140369233631
0.0410388764881,0.0481538318452,0,1470166878675,0.0455729166667,0,28,720720,0.109537760417
0.0611049107143,0.0818219866071,0,1470166878675,0.075451078869,1,28,722820,0.197358630952
0.046130952381,0.0560825892857,0,1470166878675,0.056408110119,2,28,724905,0.146065848214
0.0418759300595,0.0535016741071,0,1470166878675,0.0449916294643,3,28,726937,0.112025669643
0.0561988467262,0.0731259300595,0,1470166878675,0.066638764881,4,28,728958,0.178757440476
0.0581752232143,0.0768694196429,0,1470166878726,0.0687081473214,5,28,731075,0.184337797619
0.0353655133929,0.0433640252976,0,1470166878726,0.0400390625,6,28,733120,0.113257998512
0.0527808779762,0.0625465029762,0,1470166878726,0.0579194568452,7,28,735157,0.163736979167
0.0419921875,0.0545247395833,1,1470166878726,0.0482468377976,0,28,737654,0.122140066964
0.0365978422619,0.0431780133929,1,1470166878726,0.0428757440476,1,28,739705,0.119303385417
0.0349934895833,0.0424572172619,1,1470166878726,0.0426897321429,2,28,741736,0.103120349702
0.0425967261905,0.053966703869,1,1470166878726,0.0576869419643,3,28,743750,0.140345982143
0.0406203497024,0.047619047619,0,1470166878777,0.044201078869,0,28,820960,0.108421688988
0.0603841145833,0.0811011904762,0,1470166878777,0.0747535342262,1,28,823011,0.196498325893
0.0458519345238,0.0557338169643,0,1470166878777,0.0562220982143,2,28,825044,0.145182291667
0.0411318824405,0.0526878720238,0,1470166878777,0.044177827381,3,28,827131,0.110886346726
0.0548735119048,0.0718470982143,0,1470166878777,0.065197172619,4,28,829156,0.17724609375
0.0572684151786,0.0760556175595,0,1470166878829,0.0677315848214,5,28,831193,0.183430989583
0.0350864955357,0.04296875,0,1470166878829,0.0397135416667,6,28,833239,0.11279296875
0.052734375,0.0625232514881,0,1470166878829,0.0578264508929,7,28,835295,0.163806733631
0.0413178943452,0.0540597098214,1,1470166878829,0.0475492931548,0,28,837794,0.120396205357
0.0364118303571,0.0428757440476,1,1470166878829,0.0425037202381,1,28,839832,0.11865234375
0.0358537946429,0.0431547619048,1,1470166878829,0.0435500372024,2,28,841853,0.104050409226
0.0430385044643,0.0545479910714,1,1470166878829,0.0579659598214,3,28,843881,0.141694568452
0.0398995535714,0.0465262276786,0,1470166878886,0.0433407738095,0,28,921162,0.10656156994
0.0603608630952,0.0810779389881,0,1470166878886,0.0747302827381,1,28,923275,0.196521577381
0.0459216889881,0.0558733258929,0,1470166878886,0.0562686011905,2,28,925325,0.145670572917
0.0406436011905,0.0521298363095,0,1470166878886,0.0436197916667,3,28,927339,0.110328311012
0.0559430803571,0.0728701636905,0,1470166878886,0.0663132440476,4,28,929351,0.178269159226
0.0581519717262,0.0769624255952,0,1470166878886,0.0686616443452,5,28,931414,0.18445405506
0.0351329985119,0.0430385044643,0,1470166878886,0.039783296131,6,28,933452,0.113257998512
0.0517810639881,0.0616861979167,0,1470166878886,0.0568033854167,7,28,935501,0.163016183036
0.0413643973214,0.0542689732143,1,1470166878887,0.0475260416667,0,28,937995,0.120512462798
0.0364350818452,0.0429454985119,1,1470166878937,0.0425037202381,1,28,940039,0.118675595238
0.0347609747024,0.0424107142857,1,1470166878937,0.0423409598214,2,28,942078,0.103073846726
0.0445731026786,0.0559663318452,1,1470166878937,0.0595238095238,3,28,944170,0.143368675595
0.0396205357143,0.0463169642857,0,1470166878988,0.0429454985119,0,29,21449,0.106003534226
0.0603841145833,0.0811476934524,0,1470166878988,0.0747767857143,1,29,23527,0.196568080357
0.0459449404762,0.055896577381,0,1470166878988,0.0562918526786,2,29,25571,0.145810081845
0.0403413318452,0.0518740699405,0,1470166878988,0.0432942708333,3,29,27602,0.109840029762
0.0548502604167,0.0718703497024,0,1470166878988,0.065197172619,4,29,29634,0.177199590774
0.0572916666667,0.076171875,0,1470166878988,0.0678013392857,5,29,31673,0.18359375
0.0353422619048,0.0433640252976,0,1470166878988,0.0401088169643,6,29,33718,0.114095052083
0.0519438244048,0.0618257068452,0,1470166878988,0.0569893973214,7,29,35783,0.163132440476
0.04150390625,0.0543619791667,1,1470166878988,0.0476422991071,0,29,38283,0.121047247024
0.036388578869,0.0428757440476,1,1470166878988,0.0425037202381,1,29,40317,0.118582589286
0.0360630580357,0.0435965401786,1,1470166879039,0.0436662946429,2,29,42339,0.105259486607
0.0430152529762,0.0545014880952,1,1470166879039,0.057872953869,3,29,44415,0.141043526786
0.039295014881,0.0459216889881,0,1470166879092,0.0425269717262,0,29,121757,0.105398995536
0.0601981026786,0.0809151785714,0,1470166879092,0.0746140252976,1,29,123862,0.19580078125
0.0458984375,0.0558268229167,0,1470166879092,0.0562220982143,2,29,125983,0.145461309524
0.0401785714286,0.0515485491071,0,1470166879092,0.0431780133929,3,29,127995,0.109514508929
0.0551292782738,0.0721493675595,0,1470166879092,0.0654761904762,4,29,130035,0.17736235119
0.0572451636905,0.0760323660714,0,1470166879092,0.0677315848214,5,29,132099,0.183407738095
0.0356677827381,0.0436197916667,0,1470166879092,0.0404343377976,6,29,134210,0.114304315476
0.0527808779762,0.0625697544643,0,1470166879092,0.057849702381,7,29,136232,0.163853236607
0.0412248883929,0.0538736979167,1,1470166879092,0.0474097842262,0,29,138727,0.120396205357
0.036365327381,0.0427827380952,1,1470166879092,0.0424572172619,1,29,140855,0.118396577381
0.03466796875,0.0421549479167,1,1470166879092,0.042247953869,2,29,142873,0.102934337798
0.0428524925595,0.0542922247024,1,1470166879142,0.0576869419643,3,29,144909,0.140392485119
0.0391787574405,0.0459216889881,0,1470166879196,0.0423642113095,0,29,221778,0.10546875
0.060779389881,0.0813337053571,0,1470166879196,0.0752185639881,1,29,224443,0.195452008929
0.0459216889881,0.0558500744048,0,1470166879196,0.0561988467262,2,29,226504,0.14539155506
0.0400855654762,0.0513625372024,0,1470166879196,0.0430850074405,3,29,228534,0.109281994048
0.0547805059524,0.0718703497024,0,1470166879196,0.065197172619,4,29,230568,0.176781063988
0.0581287202381,0.0768229166667,0,1470166879196,0.0686616443452,5,29,232608,0.18419828869
0.0352492559524,0.0431547619048,0,1470166879196,0.0399693080357,6,29,234658,0.113630022321
0.0527808779762,0.0625697544643,0,1470166879196,0.057849702381,7,29,236755,0.163853236607
0.0410853794643,0.0535714285714,1,1470166879196,0.0472702752976,0,29,239263,0.119977678571
0.0364118303571,0.0427827380952,1,1470166879196,0.0425269717262,1,29,241310,0.118326822917
0.0346447172619,0.0419689360119,1,1470166879196,0.0422014508929,2,29,243322,0.103004092262
0.0440848214286,0.0553385416667,1,1470166879196,0.0590122767857,3,29,245357,0.14148530506
0.0392485119048,0.0461077008929,0,1470166879269,0.0424107142857,0,29,322744,0.10595703125
0.0598725818452,0.0804501488095,0,1470166879320,0.07421875,1,29,325707,0.194080171131
0.0459449404762,0.055896577381,0,1470166879320,0.0561058407738,2,29,327749,0.145182291667
0.0405505952381,0.0517345610119,0,1470166879320,0.0436197916667,3,29,329890,0.109607514881
0.0547805059524,0.0718703497024,0,1470166879320,0.065197172619,4,29,331951,0.176781063988
0.0581287202381,0.0768229166667,0,1470166879320,0.0686616443452,5,29,334086,0.18419828869
0.0352725074405,0.043224516369,0,1470166879320,0.0399693080357,6,29,336127,0.113699776786
0.0521530877976,0.0619884672619,0,1470166879320,0.0571986607143,7,29,338138,0.163155691964
0.0409923735119,0.0533621651786,1,1470166879320,0.0471772693452,0,29,340614,0.119768415179
0.0364815848214,0.0428524925595,1,1470166879320,0.0425967261905,1,29,342620,0.118210565476
0.0359933035714,0.0432477678571,1,1470166879320,0.0436197916667,2,29,344651,0.104840959821
0.0440848214286,0.0553385416667,1,1470166879320,0.0590122767857,3,29,346697,0.14148530506
0.0392020089286,0.0459914434524,0,1470166879370,0.0422944568452,0,29,422188,0.105724516369
0.0599655877976,0.0806361607143,0,1470166879370,0.0743350074405,1,29,424326,0.194382440476
0.0459216889881,0.0558733258929,0,1470166879421,0.0561058407738,2,29,426354,0.145182291667
0.0408296130952,0.0518508184524,0,1470166879421,0.0439685639881,3,29,428420,0.109444754464
0.0545944940476,0.0717075892857,0,1470166879421,0.0649879092262,4,29,430422,0.175502232143
0.05712890625,0.075916108631,0,1470166879421,0.067638578869,5,29,432461,0.183082217262
0.0359933035714,0.0439220610119,0,1470166879422,0.0407133556548,6,29,434514,0.114560081845
0.0517113095238,0.0616164434524,0,1470166879422,0.0567103794643,7,29,436559,0.162644159226
0.0408296130952,0.0530831473214,1,1470166879422,0.046875,0,29,439058,0.118884858631
0.0365978422619,0.0430152529762,1,1470166879422,0.042712983631,1,29,441101,0.11828031994
0.034923735119,0.0423409598214,1,1470166879422,0.0424572172619,2,29,443192,0.103957403274
0.0427827380952,0.05419921875,1,1470166879422,0.0576171875,3,29,445229,0.140345982143
0.0389229910714,0.0456891741071,0,1470166879474,0.0420619419643,0,29,522374,0.10486421131
0.0609421502976,0.0816359747024,0,1470166879474,0.0753580729167,1,29,524507,0.195847284226
0.0459216889881,0.0558500744048,0,1470166879474,0.0561290922619,2,29,526528,0.145484561012
0.0406901041667,0.0512462797619,0,1470166879525,0.0438988095238,3,29,528542,0.108305431548
0.0536411830357,0.0711495535714,0,1470166879525,0.0644066220238,4,29,530566,0.172898065476
0.0581519717262,0.0768694196429,0,1470166879525,0.0686848958333,5,29,532616,0.184291294643
0.0354352678571,0.0434337797619,0,1470166879525,0.0401553199405,6,29,534668,0.114304315476
0.0524553571429,0.062267485119,0,1470166879525,0.0575009300595,7,29,536700,0.163434709821
0.0405040922619,0.0528738839286,1,1470166879525,0.0464564732143,0,29,539250,0.117117745536
0.036853608631,0.0432942708333,1,1470166879525,0.0429222470238,1,29,541277,0.118745349702
0.035388764881,0.0429222470238,1,1470166879525,0.0429222470238,2,29,543291,0.105003720238
0.0434802827381,0.0549665178571,1,1470166879525,0.058337983631,3,29,545333,0.141764322917
0.0387137276786,0.0452241443452,0,1470166879577,0.041736421131,0,29,622846,0.10388764881
0.0604073660714,0.0813337053571,0,1470166879577,0.0748232886905,1,29,624925,0.196196056548
0.0460844494048,0.0560360863095,0,1470166879577,0.0563383556548,2,29,627028,0.146437872024
0.0401785714286,0.0500837053571,0,1470166879577,0.0435732886905,3,29,629056,0.107421875
0.0536411830357,0.0704520089286,0,1470166879627,0.063732328869,4,29,631074,0.174479166667
0.0572219122024,0.0761021205357,0,1470166879627,0.0677083333333,5,29,633105,0.183268229167
0.0354585193452,0.0435267857143,0,1470166879627,0.0402483258929,6,29,635221,0.114606584821
0.0527808779762,0.0625930059524,0,1470166879627,0.0578264508929,7,29,637254,0.164015997024
0.0409458705357,0.0536179315476,1,1470166879627,0.0475725446429,0,29,639746,0.120675223214
0.0371791294643,0.0436662946429,1,1470166879627,0.0432710193452,1,29,641773,0.119489397321
0.0361328125,0.0436430431548,1,1470166879627,0.043689546131,2,29,643797,0.106166294643
0.0447591145833,0.0562686011905,1,1470166879628,0.0596400669643,3,29,645902,0.143763950893
0.0388997395833,0.0453636532738,0,1470166879679,0.0416434151786,0,29,723107,0.104096912202
0.0607096354167,0.0817057291667,0,1470166879679,0.0751720610119,1,29,725201,0.197358630952
0.0464564732143,0.0565243675595,0,1470166879679,0.0567336309524,2,29,727220,0.148042224702
0.040294828869,0.050525483631,0,1470166879679,0.0438755580357,3,29,729214,0.108142671131
0.0551525297619,0.0719866071429,0,1470166879679,0.0655226934524,4,29,731281,0.177478608631
0.0573149181548,0.0762416294643,0,1470166879730,0.0678245907738,5,29,733344,0.183640252976
0.0353655133929,0.0434337797619,0,1470166879730,0.0401088169643,6,29,735447,0.11437406994
0.0518043154762,0.061779203869,0,1470166879730,0.0567801339286,7,29,737487,0.163155691964
0.0413643973214,0.0541759672619,1,1470166879730,0.0485491071429,0,29,739995,0.124465215774
0.0374116443452,0.0438755580357,1,1470166879730,0.0434802827381,1,29,742076,0.119721912202
0.0354352678571,0.04296875,1,1470166879730,0.0428989955357,2,29,744166,0.10509672619
0.0435732886905,0.0552920386905,1,1470166879730,0.0582914806548,3,29,746195,0.142368861607
0.0389229910714,0.04541015625,0,1470166879782,0.0416434151786,0,29,823231,0.104166666667
0.0606631324405,0.0816592261905,0,1470166879782,0.0751023065476,1,29,825310,0.197195870536
0.0463402157738,0.056384858631,0,1470166879782,0.056640625,2,29,827359,0.147623697917
0.0399925595238,0.0498976934524,0,1470166879782,0.0435267857143,3,29,829379,0.107119605655
0.0546177455357,0.071521577381,0,1470166879783,0.0649181547619,4,29,831411,0.176711309524
0.0578962053571,0.0767996651786,0,1470166879783,0.0684058779762,5,29,833447,0.184175037202
0.0352492559524,0.0432942708333,0,1470166879783,0.0399925595238,6,29,835553,0.114095052083
0.0518043154762,0.061755952381,0,1470166879833,0.0567801339286,7,29,837594,0.163155691964
0.0413876488095,0.0542457217262,1,1470166879833,0.0485026041667,0,29,840084,0.124232700893
0.0374116443452,0.0438755580357,1,1470166879833,0.0434802827381,1,29,842117,0.119698660714
0.0365745907738,0.0440383184524,1,1470166879833,0.044201078869,2,29,844228,0.106468563988
0.0448986235119,0.0566173735119,1,1470166879833,0.0596400669643,3,29,846266,0.143833705357
0.038829985119,0.0452706473214,0,1470166879885,0.0416201636905,0,29,923439,0.103934151786
0.0605933779762,0.0815894717262,0,1470166879885,0.0750325520833,1,29,925534,0.196847098214
0.0462007068452,0.0561988467262,0,1470166879885,0.0565011160714,2,29,927548,0.14697265625
0.0402250744048,0.0503162202381,0,1470166879885,0.043712797619,3,29,929564,0.107677641369
0.0557338169643,0.0725446428571,0,1470166879885,0.0661039806548,4,29,931611,0.177757626488
0.0573149181548,0.0762183779762,0,1470166879885,0.0678013392857,5,29,933657,0.183547247024
0.0352027529762,0.0431780133929,0,1470166879885,0.0399460565476,6,29,935695,0.11376953125
0.0528041294643,0.0626395089286,0,1470166879885,0.057849702381,7,29,937721,0.164132254464
0.0413643973214,0.0541294642857,1,1470166879935,0.04833984375,0,29,940225,0.123883928571
0.037365141369,0.0438058035714,1,1470166879935,0.0434337797619,1,29,942262,0.119582403274
0.0355050223214,0.0431547619048,1,1470166879935,0.0431547619048,2,29,944338,0.105445498512
0.0446196056548,0.0564546130952,1,1470166879935,0.0593610491071,3,29,946372,0.14392671131
0.0390857514881,0.0455264136905,0,1470166879987,0.0418759300595,0,30,23599,0.104399181548
0.0611979166667,0.0821475074405,0,1470166879987,0.07568359375,1,30,25682,0.197521391369
0.0462472098214,0.0562453497024,0,1470166879987,0.0565476190476,2,30,27703,0.147112165179
0.0404808407738,0.0508045014881,0,1470166879987,0.0439220610119,3,30,29738,0.108351934524
0.0546642485119,0.0714983258929,0,1470166879987,0.0649646577381,4,30,31776,0.176827566964
0.0582449776786,0.0770786830357,0,1470166879989,0.0687779017857,5,30,33827,0.18445405506
0.0350864955357,0.0430152529762,0,1470166879989,0.039783296131,6,30,35962,0.113420758929
0.0528041294643,0.0626395089286,0,1470166879989,0.057849702381,7,30,38005,0.164132254464
0.0414109002976,0.0542224702381,1,1470166880043,0.0484561011905,0,30,40490,0.124302455357
0.037365141369,0.0438290550595,1,1470166880043,0.0434337797619,1,30,42497,0.119605654762
0.0355282738095,0.0431780133929,1,1470166880043,0.043201264881,2,30,44566,0.105445498512
0.0438988095238,0.0558733258929,1,1470166880043,0.0586635044643,3,30,46600,0.143740699405
0.0393647693452,0.0458054315476,0,1470166880093,0.0421781994048,0,30,123785,0.104794456845
0.0606166294643,0.0816359747024,0,1470166880094,0.0750790550595,1,30,126234,0.197009858631
0.0462704613095,0.0562918526786,0,1470166880094,0.0565941220238,2,30,128281,0.147228422619
0.0403878348214,0.0506649925595,0,1470166880094,0.0437825520833,3,30,130305,0.107933407738
0.0557570684524,0.0723353794643,0,1470166880094,0.0660342261905,4,30,132406,0.177804129464
0.0572684151786,0.0761951264881,0,1470166880094,0.0677780877976,5,30,134474,0.18347749256
0.0349702380952,0.0428059895833,0,1470166880094,0.0395972842262,6,30,136519,0.112955729167
0.0517578125,0.0617094494048,0,1470166880094,0.0567336309524,7,30,138552,0.163016183036
0.04150390625,0.0542922247024,1,1470166880094,0.0485491071429,0,30,141057,0.124279203869
0.037365141369,0.0438290550595,1,1470166880094,0.04345703125,1,30,143093,0.119605654762
0.0365978422619,0.0441080729167,1,1470166880094,0.0443405877976,2,30,145123,0.106398809524
0.0453404017857,0.0572219122024,1,1470166880145,0.0602213541667,3,30,147216,0.145577566964
0.03955078125,0.0459681919643,0,1470166880201,0.0424339657738,0,30,223939,0.104933965774
0.0605701264881,0.0815894717262,0,1470166880201,0.0750325520833,1,30,226077,0.196800595238
0.0462472098214,0.0562686011905,0,1470166880201,0.0565941220238,2,30,228240,0.147158668155
0.0402250744048,0.0504557291667,0,1470166880201,0.0436662946429,3,30,230283,0.107584635417
0.0545247395833,0.071056547619,0,1470166880201,0.064685639881,4,30,232320,0.176502046131
0.0575009300595,0.076404389881,0,1470166880201,0.0680571056548,5,30,234365,0.183756510417
0.0357607886905,0.0434802827381,0,1470166880201,0.0404110863095,6,30,236486,0.113513764881
0.0517578125,0.0617327008929,0,1470166880201,0.0567336309524,7,30,238514,0.16296968006
0.0413643973214,0.0541062127976,1,1470166880201,0.0484328497024,0,30,241000,0.124116443452
0.037365141369,0.0438290550595,1,1470166880201,0.04345703125,1,30,243084,0.119582403274
0.0354817708333,0.0431082589286,1,1470166880201,0.0431315104167,2,30,245127,0.105166480655
0.0439453125,0.0560128348214,1,1470166880201,0.0588030133929,3,30,247149,0.144228980655
0.039806547619,0.0461774553571,0,1470166880270,0.042712983631,0,30,324224,0.105143229167
0.0616629464286,0.0825660342262,0,1470166880324,0.0761486235119,1,30,327024,0.197893415179
0.0462472098214,0.0562220982143,0,1470166880324,0.0565708705357,2,30,329354,0.147135416667
0.0403180803571,0.0506184895833,0,1470166880324,0.043712797619,3,30,331424,0.107700892857
0.0557338169643,0.0721726190476,0,1470166880324,0.0659412202381,4,30,333470,0.177757626488
0.0572451636905,0.0761486235119,0,1470166880324,0.0677548363095,5,30,335578,0.183384486607
0.0348074776786,0.0425502232143,0,1470166880324,0.0393880208333,6,30,337619,0.112374441964
0.0527808779762,0.0626162574405,0,1470166880324,0.0578031994048,7,30,339641,0.1640625
0.0414109002976,0.0541294642857,1,1470166880324,0.0485026041667,0,30,342100,0.12439546131
0.037365141369,0.0438058035714,1,1470166880324,0.0434337797619,1,30,344314,0.119582403274
0.0366908482143,0.0442475818452,1,1470166880324,0.0444568452381,2,30,346380,0.106538318452
0.0439918154762,0.0560593377976,1,1470166880324,0.0589192708333,3,30,348478,0.144694010417
