blue,green,groupId,received,red,sensorId,time1,time2,white
0.0508510044643,0.0614071800595,1,1470250581322,0.0599190848214,1,32,919427,0.163760230655
0.0421316964286,0.0500837053571,1,1470250581322,0.0509440104167,2,32,921516,0.138881138393
0.039318266369,0.0470377604167,1,1470250581322,0.0478050595238,3,32,923557,0.120210193452
0.0556408110119,0.0648484002976,0,1470250581370,0.0607561383929,0,33,1272,0.161435081845
0.0652669270833,0.085681733631,0,1470250581370,0.0791480654762,1,33,3328,0.205705915179
0.0514322916667,0.0618722098214,0,1470250581370,0.0611979166667,2,33,5342,0.163481212798
0.05810546875,0.0684756324405,0,1470250581370,0.0616861979167,3,33,7343,0.172316778274
0.064685639881,0.0825660342262,0,1470250581371,0.0740559895833,4,33,9424,0.207333519345
0.0730329241071,0.0939592633929,0,1470250581371,0.0837053571429,5,33,11483,0.238211495536
0.0484793526786,0.0624302455357,0,1470250581371,0.0552920386905,6,33,13505,0.143973214286
0.0650111607143,0.0760556175595,0,1470250581371,0.0687313988095,7,33,15573,0.202962239583
0.0591285342262,0.0715913318452,1,1470250581371,0.0640113467262,0,33,18068,0.176409040179
0.0508045014881,0.0613606770833,1,1470250581371,0.0598958333333,1,33,20076,0.163620721726
0.0421781994048,0.0501767113095,1,1470250581421,0.051037016369,2,33,22081,0.139253162202
0.0392252604167,0.0469680059524,1,1470250581421,0.0477120535714,3,33,24240,0.119838169643
0.0556175595238,0.0648251488095,0,1470250581472,0.0607096354167,0,33,101577,0.161365327381
0.065197172619,0.0856119791667,0,1470250581472,0.0791015625,1,33,103633,0.205543154762
0.0513625372024,0.0618024553571,0,1470250581472,0.0611281622024,2,33,105647,0.163364955357
0.0580357142857,0.068359375,0,1470250581472,0.0616164434524,3,33,107657,0.172154017857
0.0646158854167,0.0824497767857,0,1470250581472,0.073986235119,4,33,109685,0.207240513393
0.0733816964286,0.0942615327381,0,1470250581472,0.0840773809524,5,33,112030,0.238420758929
0.0487351190476,0.0625697544643,0,1470250581472,0.0555710565476,6,33,114132,0.143880208333
0.064685639881,0.0757765997024,0,1470250581472,0.0684058779762,7,33,116167,0.202473958333
0.0582449776786,0.0708472842262,1,1470250581472,0.063244047619,0,33,118632,0.174874441964
0.05078125,0.0613374255952,1,1470250581473,0.0598725818452,1,33,120660,0.163504464286
0.0433640252976,0.0511765252976,1,1470250581473,0.0524088541667,2,33,122665,0.141508556548
0.0404343377976,0.0480375744048,1,1470250581523,0.0489211309524,3,33,124700,0.120651971726
0.0555710565476,0.0647553943452,0,1470250581574,0.0603841145833,0,33,201541,0.160807291667
0.0666852678571,0.0870070684524,0,1470250581574,0.0806361607143,1,33,203664,0.206984747024
0.05126953125,0.0617094494048,0,1470250581575,0.06103515625,2,33,205708,0.16320219494
0.0578264508929,0.068126860119,0,1470250581575,0.0614304315476,3,33,207729,0.17150297619
0.0647786458333,0.0823800223214,0,1470250581576,0.0738467261905,4,33,209805,0.206984747024
0.0729166666667,0.0938430059524,0,1470250581576,0.0835658482143,5,33,211832,0.237816220238
0.0481305803571,0.0618257068452,0,1470250581576,0.0547107514881,6,33,213845,0.142857142857
0.065685453869,0.0766369047619,0,1470250581576,0.0694521949405,7,33,216034,0.20349702381
0.0570359002976,0.0698707217262,1,1470250581576,0.062755766369,0,33,218532,0.172433035714
0.0508045014881,0.0613839285714,1,1470250581576,0.0598725818452,1,33,220540,0.163481212798
0.04248046875,0.0502232142857,1,1470250581577,0.0515950520833,2,33,222530,0.142113095238
0.0391322544643,0.0469447544643,1,1470250581577,0.0489211309524,3,33,224549,0.120651971726
0.0553850446429,0.0645693824405,0,1470250581648,0.0598958333333,0,33,301701,0.159760974702
0.0650111607143,0.0853794642857,0,1470250581700,0.078869047619,1,33,303741,0.204822358631
0.0510602678571,0.0614536830357,0,1470250581700,0.060802641369,2,33,306172,0.162411644345
0.0579892113095,0.0686383928571,0,1470250581700,0.0614536830357,3,33,308253,0.170735677083
0.0630580357143,0.0809384300595,0,1470250581700,0.0720796130952,4,33,310271,0.203148251488
0.07275390625,0.0936569940476,0,1470250581700,0.0833798363095,5,33,312358,0.237118675595
0.048107328869,0.0617327008929,0,1470250581700,0.0543852306548,6,33,314405,0.142531622024
0.065685453869,0.07666015625,0,1470250581700,0.0694986979167,7,33,316425,0.203380766369
0.0576869419643,0.070545014881,1,1470250581700,0.0640578497024,0,33,318885,0.173874627976
0.0507579985119,0.0613141741071,1,1470250581700,0.0598725818452,1,33,320918,0.163155691964
0.0429454985119,0.0503394717262,1,1470250581701,0.0521065848214,2,33,322937,0.143391927083
0.0391322544643,0.0469447544643,1,1470250581701,0.0474795386905,3,33,324973,0.118815104167
0.0555245535714,0.0647553943452,0,1470250581752,0.0599190848214,0,33,401955,0.160412016369
0.0648716517857,0.085193452381,0,1470250581752,0.0786830357143,1,33,404074,0.204264322917
0.0509905133929,0.0614304315476,0,1470250581803,0.0607096354167,2,33,406101,0.162179129464
0.0591517857143,0.0701729910714,0,1470250581803,0.0625,3,33,408206,0.173432849702
0.0643601190476,0.0820079985119,0,1470250581803,0.0737769717262,4,33,410236,0.201497395833
0.0737072172619,0.0945172991071,0,1470250581803,0.0843796502976,5,33,412267,0.237723214286
0.048107328869,0.0617327008929,0,1470250581803,0.0543852306548,6,33,414345,0.142531622024
0.0645693824405,0.0756370907738,0,1470250581803,0.0683128720238,7,33,416406,0.202055431548
0.0575706845238,0.0704287574405,1,1470250581803,0.0635928199405,0,33,418872,0.174897693452
0.0506882440476,0.0611979166667,1,1470250581803,0.0598493303571,1,33,420886,0.162806919643
0.0429454985119,0.0503394717262,1,1470250581803,0.0521065848214,2,33,422902,0.143391927083
0.0391090029762,0.0469680059524,1,1470250581803,0.0474097842262,3,33,424939,0.118187313988
0.0555710565476,0.0650344122024,0,1470250581853,0.0602446056548,0,33,502094,0.160714285714
0.0650344122024,0.0853097098214,0,1470250581853,0.078845796131,1,33,504284,0.204752604167
0.0510602678571,0.0614536830357,0,1470250581903,0.0607561383929,2,33,506295,0.16248139881
0.060291108631,0.0716378348214,0,1470250581903,0.0636858258929,3,33,508285,0.177548363095
0.0643601190476,0.0820079985119,0,1470250581903,0.0737769717262,4,33,510270,0.201497395833
0.0730329241071,0.0938895089286,0,1470250581903,0.0836588541667,5,33,512337,0.237769717262
0.0488746279762,0.0624302455357,0,1470250581903,0.0550130208333,6,33,514372,0.143415178571
0.0645461309524,0.0755905877976,0,1470250581903,0.0684058779762,7,33,516390,0.20203218006
0.0596400669643,0.0724051339286,1,1470250581904,0.0654296875,0,33,518848,0.181849888393
0.0508510044643,0.0612211681548,1,1470250581904,0.0599190848214,1,33,520881,0.163248697917
0.0430385044643,0.05029296875,1,1470250581904,0.0521995907738,2,33,522907,0.144182477679
0.0403180803571,0.0480375744048,1,1470250581904,0.0486421130952,3,33,524939,0.11902436756
0.0555013020833,0.0649646577381,0,1470250581953,0.0609188988095,0,33,602286,0.161342075893
0.0651274181548,0.08544921875,0,1470250581953,0.0790085565476,1,33,604349,0.205333891369
0.0511765252976,0.0615699404762,0,1470250582003,0.0608956473214,2,33,606362,0.163062686012
0.0611049107143,0.0728236607143,0,1470250582003,0.0646623883929,3,33,608424,0.18103608631
0.0650111607143,0.0829613095238,0,1470250582003,0.074451264881,4,33,610454,0.207310267857
0.0741722470238,0.094959077381,0,1470250582003,0.0848446800595,5,33,612482,0.239560081845
0.048572358631,0.06201171875,0,1470250582003,0.0548735119048,6,33,614514,0.143601190476
0.0657319568452,0.0766369047619,0,1470250582003,0.0697312127976,7,33,616535,0.20361328125
0.062732514881,0.0751023065476,1,1470250582003,0.0679873511905,0,33,619004,0.190638950893
0.0507347470238,0.0610584077381,1,1470250582003,0.0597795758929,1,33,621021,0.162853422619
0.0428292410714,0.0503859747024,1,1470250582003,0.0519205729167,2,33,623030,0.143136160714
0.0388997395833,0.0466657366071,1,1470250582003,0.0472935267857,3,33,625058,0.117699032738
0.0552455357143,0.0646391369048,0,1470250582054,0.0609886532738,0,33,702474,0.160016741071
0.065197172619,0.0855189732143,0,1470250582054,0.0790550595238,1,33,704540,0.20545014881
0.0511067708333,0.0615001860119,0,1470250582054,0.0608491443452,2,33,706546,0.162853422619
0.0615466889881,0.0734281994048,0,1470250582111,0.0652436755952,3,33,708562,0.182942708333
0.0669410342262,0.0848911830357,0,1470250582111,0.0763346354167,4,33,710583,0.210914248512
0.0733351934524,0.0941917782738,0,1470250582111,0.0839378720238,5,33,712631,0.238932291667
0.0479213169643,0.0611746651786,0,1470250582111,0.0551990327381,6,33,714673,0.14318266369
0.0657319568452,0.0765904017857,0,1470250582111,0.0702659970238,7,33,716691,0.20372953869
0.063220796131,0.075427827381,1,1470250582111,0.0682198660714,0,33,719153,0.195335751488
0.0506882440476,0.0612444196429,1,1470250582111,0.0603841145833,1,33,721178,0.162899925595
0.0437360491071,0.05126953125,1,1470250582111,0.0526646205357,2,33,723192,0.142275855655
0.0387834821429,0.0463402157738,1,1470250582111,0.0472470238095,3,33,725229,0.11755952381
0.0546409970238,0.0639183407738,0,1470250582162,0.0600818452381,0,33,802673,0.158761160714
0.0650344122024,0.0853097098214,0,1470250582162,0.078869047619,1,33,804737,0.204892113095
0.0509905133929,0.0613374255952,0,1470250582162,0.0607328869048,2,33,806745,0.162365141369
0.0618257068452,0.0738234747024,0,1470250582162,0.0652204241071,3,33,808777,0.184035528274
0.0660342261905,0.0841936383929,0,1470250582162,0.0753115699405,4,33,810792,0.21082124256
0.0732886904762,0.0940987723214,0,1470250582162,0.0837983630952,5,33,812821,0.238699776786
0.0493629092262,0.0641276041667,0,1470250582219,0.0568498883929,6,33,814862,0.147019159226
0.065173921131,0.0762183779762,0,1470250582219,0.0699637276786,7,33,816895,0.204334077381
0.0635695684524,0.0755440848214,1,1470250582219,0.0686383928571,0,33,819370,0.19738188244
0.0505022321429,0.0614071800595,1,1470250582219,0.0601050967262,1,33,821377,0.159481956845
0.0422712053571,0.0497814360119,1,1470250582219,0.0509905133929,2,33,823392,0.13953218006
0.0398995535714,0.0471540178571,1,1470250582219,0.048572358631,3,33,825559,0.118512834821
0.0546642485119,0.063732328869,0,1470250582271,0.0605933779762,0,33,902878,0.159737723214
0.0648716517857,0.0850771949405,0,1470250582271,0.0786830357143,1,33,904940,0.204241071429
0.0508510044643,0.0611979166667,0,1470250582271,0.0605933779762,2,33,906940,0.161830357143
0.0618024553571,0.0740094866071,0,1470250582271,0.0655924479167,3,33,908940,0.184826078869
0.0672665550595,0.0853097098214,0,1470250582271,0.0765671502976,4,33,910942,0.212007068452
0.0741257440476,0.0948195684524,0,1470250582271,0.084728422619,5,33,912978,0.239234561012
0.050060453869,0.0657552083333,0,1470250582271,0.0565476190476,6,33,915019,0.1474609375
0.0649646577381,0.075939360119,0,1470250582271,0.0692429315476,7,33,917027,0.203287760417
0.0641043526786,0.0758231026786,1,1470250582271,0.0693126860119,0,33,919480,0.19873046875
0.0498744419643,0.0605003720238,1,1470250582320,0.0591750372024,1,33,921593,0.16015625
0.0421084449405,0.0489676339286,1,1470250582320,0.0509905133929,2,33,923625,0.141299293155
0.0387834821429,0.0463169642857,1,1470250582320,0.0475492931548,3,33,925656,0.117280505952
0.0564778645833,0.0654761904762,0,1470250582374,0.0644763764881,0,34,3117,0.168805803571
0.065685453869,0.0856119791667,0,1470250582374,0.0796130952381,1,34,5171,0.202869233631
0.0504324776786,0.060802641369,0,1470250582374,0.060546875,2,34,7165,0.160388764881
0.061779203869,0.0740559895833,0,1470250582374,0.0656389508929,3,34,9202,0.185081845238
0.0658249627976,0.0839378720238,0,1470250582374,0.0750790550595,4,34,11196,0.210146949405
0.0729399181548,0.0935639880952,0,1470250582374,0.0834495907738,5,34,13193,0.237630208333
0.0495024181548,0.0653599330357,0,1470250582374,0.0557105654762,6,34,15222,0.145368303571
0.0649646577381,0.075939360119,0,1470250582374,0.0692429315476,7,34,17251,0.203287760417
0.0641043526786,0.0758231026786,1,1470250582374,0.0693126860119,0,34,19713,0.19873046875
0.0504324776786,0.0606631324405,1,1470250582374,0.0595703125,1,34,21722,0.161923363095
0.0426199776786,0.0478748139881,1,1470250582374,0.0517810639881,2,34,23734,0.144763764881
0.0394577752976,0.0471540178571,1,1470250582424,0.0481538318452,3,34,25772,0.117652529762
0.0561988467262,0.0656389508929,0,1470250582475,0.0638253348214,0,34,103278,0.168224516369
0.0636625744048,0.0836821056548,0,1470250582475,0.0775669642857,1,34,105645,0.199265252976
0.050037202381,0.0603608630952,0,1470250582475,0.0598958333333,2,34,107691,0.158156622024
0.0609654017857,0.0721028645833,0,1470250582475,0.0647786458333,3,34,109708,0.182152157738
0.0659644717262,0.0842866443452,0,1470250582475,0.0755208333333,4,34,111739,0.209007626488
0.0741489955357,0.0947265625,0,1470250582475,0.0847516741071,5,34,113776,0.2392578125
0.0482468377976,0.064220610119,0,1470250582475,0.0543619791667,6,34,115893,0.143601190476
0.0657087053571,0.0766369047619,0,1470250582475,0.0698939732143,7,34,117914,0.203427269345
0.0635928199405,0.075427827381,1,1470250582475,0.0687081473214,0,34,120412,0.19738188244
0.0501999627976,0.0606631324405,1,1470250582475,0.0591982886905,1,34,122434,0.160574776786
0.0434337797619,0.0478515625,1,1470250582475,0.0517345610119,2,34,124469,0.150065104167
0.0405505952381,0.0485491071429,1,1470250582526,0.048828125,3,34,126492,0.117978050595
0.0550827752976,0.0641508556548,0,1470250582577,0.0616861979167,0,34,203457,0.16064453125
0.064685639881,0.0850074404762,0,1470250582577,0.0785667782738,1,34,205509,0.203590029762
0.0504092261905,0.0607328869048,0,1470250582577,0.0601981026786,2,34,207604,0.160877046131
0.0600818452381,0.0708937872024,0,1470250582577,0.0642903645833,3,34,209690,0.180268787202
0.0637788318452,0.0824962797619,0,1470250582577,0.0736607142857,4,34,211702,0.205008370536
0.073009672619,0.09375,0,1470250582577,0.0836356026786,5,34,213734,0.237490699405
0.0465262276786,0.0615001860119,0,1470250582577,0.0526646205357,6,34,215771,0.140229724702
0.0653134300595,0.0761951264881,0,1470250582577,0.0692429315476,7,34,217799,0.20252046131
0.0610119047619,0.0729166666667,1,1470250582577,0.065662202381,0,34,220268,0.183896019345
0.0501069568452,0.0608491443452,1,1470250582577,0.0592912946429,1,34,222273,0.159481956845
0.0497581845238,0.0535481770833,1,1470250582577,0.0566638764881,2,34,224427,0.163829985119
0.0400158110119,0.049083891369,1,1470250582577,0.0481305803571,3,34,226467,0.11658296131
0.0555245535714,0.0645461309524,0,1470250582650,0.061779203869,0,34,303661,0.160737537202
0.0648716517857,0.0851004464286,0,1470250582702,0.0787062872024,1,34,305726,0.203822544643
0.0506417410714,0.06103515625,0,1470250582702,0.0604306175595,2,34,307747,0.161830357143
0.0605933779762,0.071544828869,0,1470250582702,0.06494140625,3,34,309852,0.182524181548
0.0643368675595,0.0821010044643,0,1470250582702,0.07373046875,4,34,311908,0.203404017857
0.0730794270833,0.0938430059524,0,1470250582702,0.0837983630952,5,34,314165,0.238095238095
0.0474795386905,0.0619884672619,0,1470250582702,0.0541294642857,6,34,316215,0.14208984375
0.0643601190476,0.0753580729167,0,1470250582702,0.0683128720238,7,34,318230,0.201474144345
0.0587797619048,0.0709867931548,1,1470250582702,0.0643601190476,0,34,320697,0.177292596726
0.0499209449405,0.0605933779762,1,1470250582702,0.0591517857143,1,34,322721,0.15955171131
0.0495954241071,0.0536411830357,1,1470250582702,0.0569893973214,2,34,324757,0.164853050595
0.040759858631,0.0494559151786,1,1470250582702,0.0485491071429,3,34,326769,0.115466889881
0.0557105654762,0.0648716517857,0,1470250582753,0.0619652157738,0,34,403841,0.163178943452
0.0647553943452,0.0848911830357,0,1470250582804,0.0786365327381,1,34,405970,0.203822544643
0.0508045014881,0.0611979166667,0,1470250582804,0.0606631324405,2,34,407981,0.162272135417
0.061290922619,0.0725678943452,0,1470250582804,0.0655924479167,3,34,410092,0.184012276786
0.0654296875,0.0833333333333,0,1470250582804,0.0750325520833,4,34,412125,0.208635602679
0.0736607142857,0.0943545386905,0,1470250582804,0.08447265625,5,34,414226,0.238862537202
0.0472935267857,0.0618722098214,0,1470250582804,0.0545944940476,6,34,416321,0.14246186756
0.0647786458333,0.0758696056548,0,1470250582804,0.0694521949405,7,34,418347,0.202683221726
0.0600120907738,0.0721958705357,1,1470250582804,0.0655691964286,0,34,420806,0.183756510417
0.0496651785714,0.0601515997024,1,1470250582804,0.058849516369,1,34,422815,0.160342261905
0.0467587425595,0.0518973214286,1,1470250582804,0.0563383556548,2,34,424849,0.160551525298
0.0394810267857,0.0476888020833,1,1470250582804,0.0476655505952,3,34,426876,0.114234561012
0.0561988467262,0.0653599330357,0,1470250582856,0.0626860119048,0,34,504135,0.166085379464
0.0648251488095,0.0849144345238,0,1470250582856,0.0786597842262,1,34,506212,0.203962053571
0.0508510044643,0.0612211681548,0,1470250582856,0.0606631324405,2,34,508216,0.162202380952
0.0616629464286,0.0734281994048,0,1470250582907,0.0657087053571,3,34,510208,0.184640066964
0.065685453869,0.0836588541667,0,1470250582907,0.0751023065476,4,34,512262,0.209681919643
0.0730329241071,0.09375,0,1470250582907,0.083751860119,5,34,514346,0.238025483631
0.0480375744048,0.0636160714286,0,1470250582907,0.0550595238095,6,34,516367,0.143787202381
0.0661272321429,0.0769624255952,0,1470250582907,0.0717075892857,7,34,518377,0.205287388393
0.0614071800595,0.0735444568452,1,1470250582907,0.0667550223214,0,34,520845,0.1904296875
0.0498046875,0.060546875,1,1470250582907,0.0591750372024,1,34,522866,0.161342075893
0.0458286830357,0.0513625372024,1,1470250582907,0.0558500744048,2,34,524901,0.155947730655
0.038341703869,0.0461077008929,1,1470250582907,0.046875,3,34,526914,0.11388578869
0.0554547991071,0.0645926339286,0,1470250582958,0.0620814732143,0,34,604289,0.16173735119
0.064708891369,0.0847981770833,0,1470250582958,0.0785202752976,1,34,606341,0.203590029762
0.0506417410714,0.0609886532738,0,1470250582958,0.0604538690476,2,34,608437,0.161435081845
0.0614304315476,0.0733119419643,0,1470250582958,0.0654761904762,3,34,610468,0.18494233631
0.0660342261905,0.0841238839286,0,1470250583010,0.0754743303571,4,34,612493,0.210100446429
0.0730329241071,0.09375,0,1470250583010,0.083751860119,5,34,614531,0.238025483631
0.048572358631,0.0644996279762,0,1470250583010,0.0543387276786,6,34,616561,0.142926897321
0.0655924479167,0.0762648809524,0,1470250583010,0.0711030505952,7,34,618578,0.205101376488
0.06201171875,0.0738699776786,1,1470250583010,0.0672200520833,0,34,621030,0.193126860119
0.0487118675595,0.0599655877976,1,1470250583010,0.0582449776786,1,34,623037,0.156110491071
0.0447591145833,0.0499209449405,1,1470250583010,0.054431733631,2,34,625076,0.15564546131
0.0396205357143,0.0471772693452,1,1470250583010,0.0482235863095,3,34,627106,0.114839099702
0.055431547619,0.0645461309524,0,1470250583061,0.0626395089286,0,34,704480,0.16443452381
0.064220610119,0.0841703869048,0,1470250583061,0.078125,1,34,706517,0.201590401786
0.0507347470238,0.0611281622024,0,1470250583061,0.060779389881,2,34,708555,0.161528087798
0.0604771205357,0.0725678943452,0,1470250583061,0.064453125,3,34,710578,0.183012462798
0.0654761904762,0.0834263392857,0,1470250583061,0.0748697916667,4,34,712610,0.208961123512
0.0738932291667,0.0944242931548,0,1470250583112,0.0846121651786,5,34,714646,0.238513764881
0.0485491071429,0.0642903645833,0,1470250583112,0.0543387276786,6,34,716661,0.142601376488
0.0646158854167,0.0754975818452,0,1470250583112,0.0693591889881,7,34,718662,0.202590215774
0.0624767485119,0.0741722470238,1,1470250583112,0.0676618303571,0,34,721128,0.194545200893
0.0492466517857,0.0597330729167,1,1470250583112,0.058826264881,1,34,723155,0.159435453869
0.0438058035714,0.0486886160714,1,1470250583112,0.0530366443452,2,34,725186,0.150041852679
0.0384579613095,0.0461774553571,1,1470250583112,0.046875,3,34,727206,0.11365327381
0.0562918526786,0.0656156994048,0,1470250583163,0.0651274181548,0,34,804614,0.167619977679
0.0646623883929,0.0844029017857,0,1470250583163,0.0787527901786,1,34,806658,0.197963169643
0.0497814360119,0.06005859375,0,1470250583163,0.0601748511905,2,34,808690,0.156877790179
0.0594308035714,0.0716610863095,0,1470250583163,0.0633138020833,3,34,810698,0.179943266369
0.0664760044643,0.0841936383929,0,1470250583163,0.0758696056548,4,34,812718,0.209821428571
0.0726841517857,0.0932152157738,0,1470250583163,0.0833565848214,5,34,814755,0.23693266369
0.0486188616071,0.0643368675595,0,1470250583214,0.0548502604167,6,34,816784,0.143717447917
0.0647786458333,0.0756603422619,0,1470250583214,0.069103422619,7,34,818796,0.201520647321
0.0626627604167,0.0743582589286,1,1470250583214,0.0676850818452,0,34,821253,0.195010230655
0.0494326636905,0.059802827381,1,1470250583214,0.0584077380952,1,34,823272,0.159365699405
0.0438988095238,0.0479910714286,1,1470250583214,0.0521530877976,2,34,825316,0.151134672619
0.0386207217262,0.0467354910714,1,1470250583214,0.0464564732143,3,34,827352,0.113141741071
0.0555943080357,0.0650111607143,0,1470250583268,0.0635230654762,0,34,904791,0.1650390625
0.0641043526786,0.0842633928571,0,1470250583268,0.0779157366071,1,34,906847,0.201427641369
0.0500837053571,0.0604538690476,0,1470250583268,0.0600353422619,2,34,908877,0.159133184524
0.0587100074405,0.0698009672619,0,1470250583268,0.0626395089286,3,34,910898,0.177594866071
0.0648716517857,0.0830078125,0,1470250583268,0.0743350074405,4,34,912930,0.207682291667
0.0731491815476,0.09375,0,1470250583268,0.0838448660714,5,34,915026,0.23779296875
0.0469680059524,0.0624302455357,0,1470250583268,0.0530133928571,6,34,917075,0.140648251488
0.0651506696429,0.0760323660714,0,1470250583268,0.0692196800595,7,34,919071,0.201939174107
0.0620582217262,0.0738467261905,1,1470250583319,0.0670107886905,0,34,921610,0.191917782738
0.0492001488095,0.0597795758929,1,1470250583319,0.0582217261905,1,34,923635,0.157203311012
0.0488746279762,0.0523623511905,1,1470250583319,0.0558035714286,2,34,925671,0.165806361607
0.0386207217262,0.0467354910714,1,1470250583319,0.0464564732143,3,34,927696,0.113141741071
0.0551060267857,0.0643136160714,0,1470250583370,0.0623837425595,0,35,4979,0.16150483631
0.0646623883929,0.0849609375,0,1470250583370,0.0784970238095,1,35,7001,0.203427269345
0.0502232142857,0.0605933779762,0,1470250583370,0.0601050967262,2,35,9005,0.160365513393
0.0580822172619,0.0685686383929,0,1470250583370,0.0623139880952,3,35,11000,0.1767578125
0.066173735119,0.0839378720238,0,1470250583370,0.0755905877976,4,35,12980,0.209054129464
0.0729631696429,0.0937267485119,0,1470250583370,0.0836356026786,5,35,14991,0.237862723214
0.0461774553571,0.0615466889881,0,1470250583370,0.0518740699405,6,35,17028,0.138602120536
0.0640811011905,0.0750790550595,0,1470250583370,0.0680106026786,7,35,19045,0.20079985119
0.0604073660714,0.0723121279762,1,1470250583370,0.0651041666667,0,35,21500,0.18371000744
0.0491071428571,0.0599423363095,1,1470250583421,0.05810546875,1,35,23509,0.155994233631
0.0521298363095,0.0551525297619,1,1470250583421,0.0591052827381,2,35,25585,0.172944568452
0.0405505952381,0.0494094122024,1,1470250583421,0.0478980654762,3,35,27612,0.113746279762
0.0554547991071,0.0648251488095,0,1470250583472,0.0621744791667,0,35,105178,0.161644345238
0.0650576636905,0.0853562127976,0,1470250583472,0.0788922991071,1,35,107231,0.204450334821
0.050525483631,0.0608956473214,0,1470250583472,0.0603376116071,2,35,109252,0.161458333333
0.0580822172619,0.0679640997024,0,1470250583472,0.0621047247024,3,35,111276,0.175944010417
0.0647786458333,0.0827287946429,0,1470250583472,0.0742885044643,4,35,113333,0.207473028274
0.072986421131,0.0937732514881,0,1470250583472,0.0836356026786,5,35,115443,0.237932477679
0.0470377604167,0.0622907366071,0,1470250583472,0.0530598958333,6,35,117462,0.139973958333
0.0641276041667,0.0751953125,0,1470250583472,0.0680571056548,7,35,119464,0.200939360119
0.0590122767857,0.0712425595238,1,1470250583472,0.06396484375,0,35,121978,0.17810639881
0.0492699032738,0.0601050967262,1,1470250583522,0.0582914806548,1,35,124075,0.156691778274
0.0502697172619,0.053455171131,1,1470250583522,0.0572219122024,2,35,126105,0.169224330357
0.0394577752976,0.0488746279762,1,1470250583522,0.0465262276786,3,35,128164,0.11181640625
0.0555943080357,0.0651506696429,0,1470250583572,0.0619884672619,0,35,205378,0.16222563244
0.0651506696429,0.0854957217262,0,1470250583572,0.0790318080357,1,35,207427,0.205496651786
0.0508510044643,0.0613141741071,0,1470250583572,0.0606398809524,2,35,209464,0.162760416667
0.0586402529762,0.0684523809524,0,1470250583572,0.0626627604167,3,35,211491,0.176060267857
0.0660342261905,0.0839146205357,0,1470250583572,0.0756603422619,4,35,213520,0.208914620536
0.0741024925595,0.0948893229167,0,1470250583572,0.0848214285714,5,35,215557,0.239467075893
0.0464332217262,0.0616396949405,0,1470250583572,0.0528041294643,6,35,217632,0.140183221726
0.0653599330357,0.0762881324405,0,1470250583572,0.0692894345238,7,35,219648,0.202427455357
0.0575474330357,0.0702659970238,1,1470250583572,0.0629417782738,0,35,222099,0.173595610119
0.0494559151786,0.0602446056548,1,1470250583622,0.0584774925595,1,35,224264,0.157900855655
0.0502697172619,0.053455171131,1,1470250583622,0.0572219122024,2,35,226319,0.169224330357
0.0392020089286,0.0484095982143,1,1470250583622,0.04638671875,3,35,228355,0.111723400298
0.055919828869,0.0653831845238,0,1470250583673,0.0621047247024,0,35,305596,0.1630859375
0.0653366815476,0.0857514880952,0,1470250583673,0.0792410714286,1,35,307651,0.206333705357
0.0510835193452,0.0615931919643,0,1470250583673,0.0608491443452,2,35,309670,0.163504464286
0.0590122767857,0.0690569196429,0,1470250583673,0.0629417782738,3,35,311665,0.175548735119
0.0648018973214,0.0827287946429,0,1470250583673,0.0743350074405,4,35,313748,0.207659040179
0.0732189360119,0.0941220238095,0,1470250583673,0.0838913690476,5,35,315794,0.238816034226
0.0467122395833,0.061779203869,0,1470250583673,0.0533389136905,6,35,317821,0.140973772321
0.0654761904762,0.0764508928571,0,1470250583673,0.0693824404762,7,35,319829,0.202776227679
0.0569196428571,0.0698474702381,1,1470250583673,0.0625697544643,0,35,322296,0.171781994048
0.0495256696429,0.060291108631,1,1470250583673,0.0585472470238,1,35,324334,0.158621651786
0.0482468377976,0.0518508184524,1,1470250583724,0.0555478050595,2,35,326350,0.163806733631
0.0402483258929,0.0489443824405,1,1470250583724,0.0477353050595,3,35,328425,0.113467261905
0.0561290922619,0.0655924479167,0,1470250583775,0.0621047247024,0,35,405940,0.163620721726
0.0653366815476,0.0857514880952,0,1470250583775,0.0792410714286,1,35,407986,0.206333705357
0.0511765252976,0.0616861979167,0,1470250583775,0.0609421502976,2,35,410061,0.163760230655
0.0589425223214,0.0689871651786,0,1470250583775,0.0628952752976,3,35,412086,0.174897693452
0.0655459449405,0.0833565848214,0,1470250583775,0.0750790550595,4,35,414182,0.208217075893
0.0740327380952,0.0948893229167,0,1470250583775,0.0847516741071,5,35,416299,0.239560081845
0.0469912574405,0.0619884672619,0,1470250583775,0.0537806919643,6,35,418330,0.1416015625
0.0644763764881,0.0755673363095,0,1470250583775,0.0683128720238,7,35,420324,0.201869419643
0.0577566964286,0.0707310267857,1,1470250583775,0.0633835565476,0,35,422790,0.17224702381
0.0496186755952,0.060314360119,1,1470250583775,0.05859375,1,35,424818,0.159319196429
0.0470610119048,0.051037016369,1,1470250583825,0.0550827752976,2,35,426850,0.159760974702
0.0387602306548,0.0472005208333,1,1470250583826,0.0462937127976,3,35,428861,0.11242094494
0.0561988467262,0.0655924479167,0,1470250583877,0.0621047247024,0,35,505928,0.163783482143
0.0653831845238,0.0857747395833,0,1470250583877,0.0792410714286,1,35,508441,0.206403459821
0.0511765252976,0.0617327008929,0,1470250583877,0.0609421502976,2,35,510439,0.163736979167
0.0589657738095,0.0690336681548,0,1470250583877,0.0628720238095,3,35,512517,0.174734933036
0.064685639881,0.0833565848214,0,1470250583877,0.0750790550595,4,35,514543,0.208217075893
0.0731956845238,0.0941685267857,0,1470250583877,0.0838913690476,5,35,516581,0.238792782738
0.0471540178571,0.0620814732143,0,1470250583877,0.0540132068452,6,35,518593,0.141927083333
0.0644763764881,0.0755673363095,0,1470250583877,0.0683128720238,7,35,520641,0.201869419643
0.0569893973214,0.0700102306548,1,1470250583877,0.0624302455357,0,35,523113,0.171549479167
0.0497814360119,0.0604771205357,1,1470250583877,0.0587797619048,1,35,525170,0.159970238095
0.0445731026786,0.049060639881,1,1470250583877,0.0529436383929,2,35,527182,0.154692150298
0.0386672247024,0.046875,1,1470250583928,0.0463169642857,3,35,529215,0.112885974702
0.05615234375,0.0654761904762,0,1470250583979,0.0619187127976,0,35,606097,0.163643973214
0.0653599330357,0.0857514880952,0,1470250583979,0.0792178199405,1,35,608667,0.206356956845
0.0511765252976,0.0617094494048,0,1470250583979,0.0609188988095,2,35,610752,0.163760230655
0.05908203125,0.0691964285714,0,1470250583979,0.06298828125,3,35,612772,0.175060453869
0.064685639881,0.0825660342262,0,1470250583979,0.0741954985119,4,35,614808,0.207426525298
0.0731956845238,0.0941685267857,0,1470250583979,0.0838681175595,5,35,616850,0.238839285714
0.0472237723214,0.0621512276786,0,1470250583979,0.0541062127976,6,35,618855,0.142066592262
0.0645461309524,0.0756603422619,0,1470250583979,0.068359375,7,35,620862,0.202125186012
0.0571521577381,0.0701729910714,1,1470250583979,0.0624767485119,0,35,623329,0.172037760417
0.0499441964286,0.0606166294643,1,1470250583979,0.0588960193452,1,35,625411,0.160295758929
0.044689360119,0.0492466517857,1,1470250583980,0.0532459077381,2,35,627448,0.152971540179
0.0399925595238,0.0478980654762,1,1470250583980,0.0477353050595,3,35,629464,0.114676339286
0.0560360863095,0.0652436755952,0,1470250584052,0.0617327008929,0,35,706360,0.163225446429
0.0667782738095,0.0871000744048,0,1470250584112,0.0806826636905,1,35,708399,0.207705543155
0.0511532738095,0.0616861979167,0,1470250584112,0.0609188988095,2,35,710706,0.163643973214
0.0591517857143,0.0692661830357,0,1470250584112,0.0630580357143,3,35,712789,0.175199962798
0.0647553943452,0.0826590401786,0,1470250584112,0.0742420014881,4,35,714834,0.207496279762
0.0741489955357,0.0950288318452,0,1470250584112,0.0848446800595,5,35,716872,0.239699590774
0.0472470238095,0.0621744791667,0,1470250584112,0.0541759672619,6,35,718887,0.14208984375
0.065662202381,0.0766136532738,0,1470250584112,0.0694986979167,7,35,720906,0.203380766369
0.0584309895833,0.0713123139881,1,1470250584112,0.0637555803571,0,35,723378,0.17333984375
0.050060453869,0.0607096354167,1,1470250584112,0.0590355282738,1,35,725483,0.160435267857
0.0430385044643,0.0478050595238,1,1470250584112,0.0515485491071,2,35,727512,0.14990234375
0.0387137276786,0.0466889880952,1,1470250584112,0.0464332217262,3,35,729537,0.113583519345
0.0558500744048,0.0650344122024,0,1470250584163,0.0614536830357,0,35,806535,0.162644159226
0.0653134300595,0.085704985119,0,1470250584163,0.0791480654762,1,35,808639,0.2060546875
0.0511067708333,0.0616396949405,0,1470250584163,0.0608491443452,2,35,810661,0.163481212798
0.0591517857143,0.0693126860119,0,1470250584163,0.0631045386905,3,35,812683,0.17517671131
0.064685639881,0.0826590401786,0,1470250584163,0.0741722470238,4,35,814720,0.207380022321
0.0731491815476,0.0941220238095,0,1470250584215,0.0837983630952,5,35,816746,0.23865327381
0.0472470238095,0.0620814732143,0,1470250584215,0.0541759672619,6,35,818760,0.14208984375
0.0656156994048,0.0765671502976,0,1470250584215,0.0694289434524,7,35,820758,0.203218005952
0.0571521577381,0.070056733631,1,1470250584215,0.0625,0,35,823230,0.172061011905
0.0501999627976,0.0608258928571,1,1470250584215,0.0591517857143,1,35,825274,0.160435267857
0.0425734747024,0.04736328125,1,1470250584215,0.051037016369,2,35,827305,0.148367745536
0.0387369791667,0.0466889880952,1,1470250584215,0.0464797247024,3,35,829328,0.113792782738
0.0557570684524,0.0648949032738,0,1470250584266,0.0611514136905,0,35,906726,0.162295386905
0.0652669270833,0.0856584821429,0,1470250584266,0.0791248139881,1,35,908786,0.205915178571
0.0511067708333,0.0616164434524,0,1470250584266,0.0608258928571,2,35,910810,0.16345796131
0.0591517857143,0.0692894345238,0,1470250584266,0.0630580357143,3,35,912828,0.175060453869
0.0647321428571,0.082752046131,0,1470250584266,0.0742420014881,4,35,914872,0.207566034226
0.0741489955357,0.0950520833333,0,1470250584266,0.0848679315476,5,35,916910,0.239722842262
0.0482235863095,0.0629417782738,0,1470250584317,0.0552222842262,6,35,918909,0.143089657738
0.0645228794643,0.0756370907738,0,1470250584317,0.0682896205357,7,35,921022,0.202055431548
0.0571056547619,0.0699869791667,1,1470250584317,0.0625232514881,0,35,923518,0.172084263393
0.0503162202381,0.0609654017857,1,1470250584317,0.059314546131,1,35,925568,0.160574776786
0.0430617559524,0.0478515625,1,1470250584317,0.0515950520833,2,35,927591,0.147484188988
0.0400855654762,0.0478283110119,1,1470250584317,0.0478980654762,3,35,929653,0.115420386905
0.0556873139881,0.0648484002976,0,1470250584367,0.0609654017857,0,36,6905,0.162062872024
0.0654529389881,0.0858444940476,0,1470250584367,0.079334077381,1,36,8945,0.206124441964
0.0510835193452,0.0616396949405,0,1470250584367,0.060802641369,2,36,10940,0.163388206845
0.0591285342262,0.0692661830357,0,1470250584367,0.0630580357143,3,36,12914,0.17492094494
0.0648018973214,0.082775297619,0,1470250584367,0.0742885044643,4,36,14945,0.207542782738
0.0731491815476,0.0941220238095,0,1470250584367,0.0837751116071,5,36,16993,0.23865327381
0.0474097842262,0.0621279761905,0,1470250584367,0.054431733631,6,36,19007,0.142438616071
0.0645228794643,0.0756138392857,0,1470250584418,0.0682896205357,7,36,21013,0.20203218006
0.0576171875,0.0704520089286,1,1470250584418,0.0631045386905,0,36,23498,0.172642299107
0.050525483631,0.0611514136905,1,1470250584418,0.0595238095238,1,36,25553,0.160923549107
0.0414806547619,0.0465494791667,1,1470250584418,0.0498976934524,2,36,27573,0.143973214286
0.038829985119,0.0466889880952,1,1470250584418,0.0466657366071,3,36,29583,0.114583333333
0.0556640625,0.0648251488095,0,1470250584469,0.0608491443452,0,36,107137,0.161853608631
0.0652436755952,0.0856584821429,0,1470250584469,0.0791015625,1,36,109192,0.205868675595
0.0510835193452,0.0615931919643,0,1470250584469,0.0608258928571,2,36,111209,0.163411458333
0.0591052827381,0.0692429315476,0,1470250584469,0.0630115327381,3,36,113240,0.174851190476
0.0647321428571,0.082752046131,0,1470250584469,0.0742420014881,4,36,115272,0.207542782738
0.0731259300595,0.0941220238095,0,1470250584469,0.0837983630952,5,36,117304,0.238630022321
0.0475492931548,0.062244233631,0,1470250584469,0.0545712425595,6,36,119307,0.142671130952
0.0656156994048,0.0766136532738,0,1470250584520,0.0694289434524,7,36,121320,0.203264508929
0.0571056547619,0.0699637276786,1,1470250584520,0.0625930059524,0,36,123773,0.172200520833
0.0506184895833,0.0612211681548,1,1470250584520,0.0596168154762,1,36,125881,0.161295572917
0.041736421131,0.0469215029762,1,1470250584520,0.0501302083333,2,36,127894,0.142275855655
0.0392717633929,0.0470610119048,1,1470250584520,0.0472470238095,3,36,129919,0.115792410714
0.0556408110119,0.0647786458333,0,1470250584571,0.0607561383929,0,36,207323,0.16173735119
0.0652669270833,0.0856584821429,0,1470250584571,0.0791248139881,1,36,209398,0.205915178571
0.0510835193452,0.0616164434524,0,1470250584571,0.060802641369,2,36,211431,0.163411458333
0.0590122767857,0.0691499255952,0,1470250584571,0.0629417782738,3,36,213452,0.174572172619
0.0657552083333,0.0836588541667,0,1470250584571,0.0752883184524,4,36,215496,0.208635602679
0.0737769717262,0.0946800595238,0,1470250584571,0.0844494047619,5,36,217532,0.239234561012
0.0477120535714,0.0623139880952,0,1470250584571,0.0547572544643,6,36,219547,0.142857142857
0.0656156994048,0.0766369047619,0,1470250584571,0.0694289434524,7,36,221550,0.203427269345
0.0571754092262,0.0700334821429,1,1470250584622,0.0626395089286,0,36,224081,0.17236328125
0.0506417410714,0.0612211681548,1,1470250584622,0.0596400669643,1,36,226182,0.161644345238
0.0404808407738,0.0459681919643,1,1470250584622,0.0487583705357,2,36,228196,0.138881138393
0.0403180803571,0.0479910714286,1,1470250584622,0.0484793526786,3,36,230217,0.11767578125
0.0554547991071,0.0645926339286,0,1470250584672,0.0605003720238,0,36,307516,0.161388578869
0.0652901785714,0.085681733631,0,1470250584672,0.0790783110119,1,36,309576,0.205891927083
0.0510835193452,0.0616164434524,0,1470250584672,0.060802641369,2,36,311601,0.163411458333
0.0590122767857,0.0691731770833,0,1470250584672,0.0628952752976,3,36,313632,0.174502418155
0.064708891369,0.0827287946429,0,1470250584672,0.07421875,4,36,315666,0.207496279762
0.0731259300595,0.0941220238095,0,1470250584672,0.0837983630952,5,36,317698,0.238606770833
0.0477120535714,0.0623139880952,0,1470250584672,0.0547572544643,6,36,319713,0.142857142857
0.0646391369048,0.0757533482143,0,1470250584672,0.0684291294643,7,36,321806,0.20252046131
0.0571986607143,0.070056733631,1,1470250584722,0.0627092633929,0,36,324352,0.172409784226
0.0506882440476,0.061267671131,1,1470250584722,0.0596865699405,1,36,326384,0.161969866071
0.0402018229167,0.0458751860119,1,1470250584722,0.0483863467262,2,36,328482,0.13709077381
0.0390857514881,0.0468982514881,1,1470250584722,0.0472935267857,3,36,330511,0.116931733631
0.0552455357143,0.0644066220238,0,1470250584773,0.0602213541667,0,36,407725,0.161039806548
0.0652669270833,0.085681733631,0,1470250584773,0.0791248139881,1,36,409868,0.205961681548
0.0510835193452,0.0616164434524,0,1470250584773,0.060802641369,2,36,411889,0.163411458333
0.0589657738095,0.0691499255952,0,1470250584773,0.0628720238095,3,36,413909,0.174362909226
0.0659412202381,0.0838448660714,0,1470250584773,0.0754975818452,4,36,416018,0.208775111607
0.0731259300595,0.0941220238095,0,1470250584773,0.0837983630952,5,36,418050,0.238606770833
0.0477818080357,0.0622907366071,0,1470250584773,0.0548270089286,6,36,420052,0.142996651786
0.0648018973214,0.0758928571429,0,1470250584773,0.068591889881,7,36,422054,0.202683221726
0.0571986607143,0.070079985119,1,1470250584773,0.0627092633929,0,36,424630,0.172456287202
0.0507114955357,0.061290922619,1,1470250584824,0.0597098214286,1,36,426655,0.162179129464
0.0412016369048,0.0469680059524,1,1470250584824,0.0494326636905,2,36,428676,0.137416294643
0.0400623139881,0.0477585565476,1,1470250584824,0.0483165922619,3,36,430693,0.117978050595
0.0550130208333,0.064197358631,0,1470250584878,0.0599190848214,0,36,507894,0.160714285714
0.0667317708333,0.0870303199405,0,1470250584878,0.0806594122024,1,36,509926,0.207496279762
0.0511067708333,0.0616164434524,0,1470250584878,0.0608258928571,2,36,511928,0.163434709821
0.0588960193452,0.069103422619,0,1470250584878,0.0628255208333,3,36,513928,0.174107142857
0.0647321428571,0.082752046131,0,1470250584878,0.0742652529762,4,36,516050,0.207612537202
0.0741024925595,0.094982328869,0,1470250584878,0.0847981770833,5,36,518060,0.239490327381
0.0479213169643,0.0623372395833,0,1470250584878,0.0549665178571,6,36,520046,0.143205915179
0.0657552083333,0.0767531622024,0,1470250584878,0.069568452381,7,36,522050,0.203659784226
0.0571754092262,0.070079985119,1,1470250584878,0.062732514881,0,36,524529,0.172526041667
0.0507114955357,0.0613374255952,1,1470250584878,0.0597563244048,1,36,526552,0.162318638393
0.0403180803571,0.0465029761905,1,1470250584878,0.0485258556548,2,36,528651,0.136253720238
0.0399925595238,0.0476888020833,1,1470250584929,0.0482468377976,3,36,530679,0.117885044643
0.0547805059524,0.0640113467262,0,1470250584980,0.0596400669643,0,36,608076,0.160458519345
0.0652901785714,0.0857282366071,0,1470250584980,0.0791713169643,1,36,610573,0.206008184524
0.0510835193452,0.0615931919643,0,1470250584980,0.060802641369,2,36,612626,0.163434709821
0.0588960193452,0.069103422619,0,1470250584980,0.0627790178571,3,36,614664,0.174083891369
0.0659412202381,0.0838448660714,0,1470250584980,0.0754975818452,4,36,616730,0.208821614583
0.0731259300595,0.0940987723214,0,1470250584980,0.0837983630952,5,36,618763,0.238537016369
0.0480608258929,0.0624069940476,0,1470250584980,0.0550827752976,6,36,620772,0.143461681548
0.065197172619,0.0762648809524,0,1470250584980,0.0689639136905,7,36,622784,0.203101748512
0.0571754092262,0.070056733631,1,1470250584980,0.0627790178571,0,36,625292,0.172572544643
0.0507579985119,0.0613606770833,1,1470250584980,0.0597795758929,1,36,627325,0.162504650298
0.0404808407738,0.0468517485119,1,1470250584980,0.0487583705357,2,36,629345,0.13623046875
0.0399925595238,0.0476888020833,1,1470250585031,0.0482468377976,3,36,631365,0.117885044643
0.054454985119,0.063709077381,0,1470250585082,0.0592447916667,0,36,708254,0.160016741071
0.0653366815476,0.0857282366071,0,1470250585082,0.0791713169643,1,36,710309,0.2060546875
0.0510835193452,0.0615931919643,0,1470250585082,0.060802641369,2,36,712474,0.16345796131
0.0589192708333,0.069103422619,0,1470250585082,0.0628255208333,3,36,714554,0.174176897321
0.0647786458333,0.0827985491071,0,1470250585082,0.0742652529762,4,36,716572,0.207682291667
0.0733816964286,0.0943312872024,0,1470250585082,0.0840541294643,5,36,718581,0.238839285714
0.0481305803571,0.0624302455357,0,1470250585082,0.0551525297619,6,36,720665,0.143601190476
0.064708891369,0.0758463541667,0,1470250585082,0.0684523809524,7,36,722677,0.202613467262
0.0572916666667,0.0701729910714,1,1470250585082,0.0628720238095,0,36,725169,0.1728515625
0.05078125,0.0613839285714,1,1470250585082,0.0597795758929,1,36,727190,0.162620907738
0.041271391369,0.0476888020833,1,1470250585082,0.0496651785714,2,36,729207,0.137067522321
0.0389927455357,0.0467819940476,1,1470250585082,0.0472005208333,3,36,731237,0.116908482143
0.0543154761905,0.0635928199405,0,1470250585155,0.0590587797619,0,36,808533,0.159760974702
0.0655226934524,0.0859375,0,1470250585211,0.0793805803571,1,36,810603,0.206217447917
0.0510835193452,0.0616164434524,0,1470250585211,0.060802641369,2,36,812628,0.16345796131
0.0589192708333,0.0691499255952,0,1470250585211,0.0628487723214,3,36,814668,0.174269903274
0.0659412202381,0.0838681175595,0,1470250585211,0.075451078869,4,36,816725,0.208984375
0.0732189360119,0.0941452752976,0,1470250585211,0.0838448660714,5,36,818994,0.238676525298
0.049060639881,0.0632672991071,0,1470250585211,0.0561058407738,6,36,821280,0.14464750744
0.0654529389881,0.0764973958333,0,1470250585211,0.0692196800595,7,36,823301,0.203450520833
0.057361421131,0.0702659970238,1,1470250585211,0.0629417782738,0,36,825889,0.173107328869
0.0508045014881,0.0614304315476,1,1470250585211,0.059826078869,1,36,827921,0.162760416667
0.0405505952381,0.047130766369,1,1470250585211,0.0488746279762,2,36,829944,0.136067708333
0.040294828869,0.0479445684524,1,1470250585211,0.048572358631,3,36,831961,0.118419828869
0.0543154761905,0.0635463169643,0,1470250585262,0.0589425223214,0,36,908652,0.15955171131
0.0653599330357,0.0857747395833,0,1470250585262,0.0792178199405,1,36,910707,0.206124441964
0.0511067708333,0.0616164434524,0,1470250585262,0.060802641369,2,36,912765,0.16345796131
0.0589192708333,0.0691731770833,0,1470250585313,0.0628720238095,3,36,914814,0.174339657738
0.0648251488095,0.0828450520833,0,1470250585313,0.0742885044643,4,36,916831,0.207798549107
0.0731956845238,0.0941452752976,0,1470250585313,0.0837983630952,5,36,918846,0.23865327381
0.0483165922619,0.0625,0,1470250585313,0.0552687872024,6,36,921015,0.143880208333
0.0658482142857,0.0768461681548,0,1470250585313,0.069591703869,7,36,923052,0.203892299107
0.0574079241071,0.0703125,1,1470250585313,0.06298828125,0,36,925562,0.173316592262
0.0508510044643,0.0614536830357,1,1470250585313,0.0598493303571,1,36,927598,0.162783668155
0.0415969122024,0.0481305803571,1,1470250585313,0.0488746279762,2,36,929631,0.136067708333
0.0393647693452,0.047107514881,1,1470250585313,0.0475492931548,3,36,931654,0.117327008929
0.0542922247024,0.0635463169643,0,1470250585364,0.0588727678571,0,37,8850,0.159412202381
0.0653599330357,0.0857979910714,0,1470250585364,0.0792410714286,1,37,10878,0.206147693452
0.0511300223214,0.0616629464286,0,1470250585364,0.0608491443452,2,37,12868,0.16357421875
0.0589425223214,0.0691731770833,0,1470250585364,0.0628720238095,3,37,14897,0.174362909226
0.0650576636905,0.0830543154762,0,1470250585415,0.0745210193452,4,37,16933,0.208147321429
0.0742420014881,0.0951450892857,0,1470250585415,0.0849144345238,5,37,18949,0.239932105655
0.0483863467262,0.0625,0,1470250585415,0.0553152901786,6,37,20956,0.144019717262
0.0658482142857,0.0768461681548,0,1470250585415,0.069591703869,7,37,22975,0.203892299107
0.0575009300595,0.0704055059524,1,1470250585415,0.0630580357143,0,37,25561,0.173525855655
0.0508277529762,0.0614769345238,1,1470250585415,0.0598725818452,1,37,27596,0.162783668155
0.0415969122024,0.0481305803571,1,1470250585415,0.0500139508929,2,37,29617,0.137021019345
0.0389927455357,0.0467819940476,1,1470250585415,0.047130766369,3,37,31644,0.116838727679
0.0542922247024,0.0635230654762,0,1470250585471,0.058826264881,0,37,109047,0.159272693452
0.0653599330357,0.0857979910714,0,1470250585471,0.0792410714286,1,37,111105,0.20617094494
0.0511300223214,0.0616629464286,0,1470250585471,0.0608258928571,2,37,113142,0.163550967262
0.0589657738095,0.0691964285714,0,1470250585471,0.0628720238095,3,37,115190,0.17431640625
0.0648949032738,0.0829148065476,0,1470250585471,0.0742885044643,4,37,117167,0.207961309524
0.0732886904762,0.0942615327381,0,1470250585471,0.0838681175595,5,37,119155,0.238909040179
0.0486421130952,0.0626860119048,0,1470250585471,0.0555478050595,6,37,121144,0.144298735119
