blue,green,groupId,received,red,sensorId,time1,time2,white
0.0369931175595,0.0562686011905,0,1469738076452,0.0511997767857,1,40,939944,0.148181733631
0.022228422619,0.0316220238095,0,1469738076452,0.0298316592262,2,40,941942,0.0950055803571
0.0199265252976,0.0290178571429,0,1469738076453,0.0239955357143,3,40,943951,0.0754743303571
0.0376441592262,0.0543619791667,0,1469738076453,0.048595610119,4,40,946114,0.149507068452
0.0270647321429,0.0385044642857,0,1469738076453,0.0341099330357,5,40,948155,0.100492931548
0.0196010044643,0.0269252232143,0,1469738076453,0.0248093377976,6,40,950177,0.0810779389881
0.0398297991071,0.0517345610119,0,1469738076453,0.0465959821429,7,40,952185,0.14697265625
0.0228794642857,0.0331333705357,1,1469738076453,0.0322730654762,0,40,954687,0.0992140997024
0.028552827381,0.037853422619,1,1469738076453,0.0378069196429,1,40,956693,0.115466889881
0.0185546875,0.0260649181548,1,1469738076453,0.0242978050595,2,40,958692,0.0691266741071
0.0280180431548,0.0393415178571,1,1469738076453,0.0432942708333,3,40,960783,0.129348028274
0.024646577381,0.031482514881,0,1469738076453,0.0278552827381,0,41,37150,0.0877743675595
0.0369931175595,0.0562686011905,0,1469738076453,0.0511997767857,1,41,39168,0.148181733631
0.022228422619,0.0315987723214,0,1469738076453,0.0298316592262,2,41,41191,0.094959077381
0.0199497767857,0.029041108631,0,1469738076453,0.0240187872024,3,41,43205,0.0755208333333
0.0376674107143,0.0543619791667,0,1469738076532,0.0486188616071,4,41,45254,0.149553571429
0.0270647321429,0.0385044642857,0,1469738076532,0.0341099330357,5,41,47279,0.100492931548
0.0196242559524,0.0269484747024,0,1469738076532,0.0248325892857,6,41,49309,0.0811709449405
0.0398297991071,0.0517345610119,0,1469738076532,0.0465959821429,7,41,51331,0.14697265625
0.0228562127976,0.0331566220238,1,1469738076532,0.0322033110119,0,41,53811,0.0989583333333
0.028552827381,0.0378766741071,1,1469738076533,0.0378069196429,1,41,55906,0.115466889881
0.0185081845238,0.0259719122024,1,1469738076533,0.0242513020833,2,41,57991,0.0689871651786
0.0279715401786,0.0392485119048,1,1469738076534,0.0431547619048,3,41,60010,0.129115513393
0.0246233258929,0.0314592633929,0,1469738076534,0.02783203125,0,41,137352,0.0877278645833
0.0369931175595,0.0562918526786,0,1469738076535,0.0512230282738,1,41,139403,0.148228236607
0.022228422619,0.0316220238095,0,1469738076535,0.0298316592262,2,41,141403,0.094982328869
0.0199730282738,0.0291108630952,0,1469738076535,0.0240420386905,3,41,143407,0.0755440848214
0.03759765625,0.0542922247024,0,1469738076535,0.0485491071429,4,41,145515,0.149390811012
0.027087983631,0.0385044642857,0,1469738076538,0.0341331845238,5,41,147550,0.1005859375
0.0196475074405,0.0269717261905,0,1469738076539,0.0248558407738,6,41,149549,0.0811941964286
0.0398297991071,0.0517345610119,0,1469738076638,0.0465959821429,7,41,151560,0.14697265625
0.0228329613095,0.0331566220238,1,1469738076638,0.0321335565476,0,41,154139,0.0986560639881
0.028552827381,0.037853422619,1,1469738076640,0.0378069196429,1,41,156161,0.115466889881
0.0184616815476,0.0259254092262,1,1469738076640,0.024181547619,2,41,158166,0.0688709077381
0.0279250372024,0.0392020089286,1,1469738076643,0.0431082589286,3,41,160179,0.128976004464
0.0246233258929,0.0314360119048,0,1469738076644,0.02783203125,0,41,237521,0.0876813616071
0.0369931175595,0.0562686011905,0,1469738076644,0.0512230282738,1,41,239565,0.148228236607
0.022228422619,0.0315987723214,0,1469738076644,0.0298316592262,2,41,241577,0.094959077381
0.0199962797619,0.0291341145833,0,1469738076644,0.0240420386905,3,41,243585,0.0755673363095
0.0375744047619,0.0542457217262,0,1469738076644,0.0485026041667,4,41,245621,0.149344308036
0.027087983631,0.0385044642857,0,1469738076644,0.0341331845238,5,41,247656,0.100562686012
0.0196475074405,0.0269717261905,0,1469738076644,0.0248790922619,6,41,249691,0.0812406994048
0.0398297991071,0.0517345610119,0,1469738076644,0.0465959821429,7,41,251710,0.14697265625
0.0228097098214,0.0331566220238,1,1469738076644,0.0320638020833,0,41,254249,0.0983305431548
0.0285295758929,0.037853422619,1,1469738076644,0.0378069196429,1,41,256244,0.115443638393
0.0184384300595,0.0259021577381,1,1469738076818,0.024158296131,2,41,258234,0.0687546502976
0.0279017857143,0.0391787574405,1,1469738076818,0.0430850074405,3,41,260223,0.128929501488
0.0246000744048,0.0314360119048,0,1469738076818,0.02783203125,0,41,337746,0.087658110119
0.0369931175595,0.0562918526786,0,1469738076819,0.0512230282738,1,41,339793,0.148251488095
0.022228422619,0.0315987723214,0,1469738076819,0.0298316592262,2,41,341795,0.094959077381
0.02001953125,0.0291806175595,0,1469738076819,0.0240652901786,3,41,343809,0.0756138392857
0.0375744047619,0.05419921875,0,1469738076819,0.0484793526786,4,41,345963,0.14929780506
0.0270647321429,0.0384812127976,0,1469738076819,0.0341099330357,5,41,347993,0.100516183036
0.0196707589286,0.0269717261905,0,1469738076819,0.0248790922619,6,41,350008,0.0812639508929
0.0398297991071,0.0517113095238,0,1469738076819,0.0465959821429,7,41,352034,0.14697265625
0.0227864583333,0.0331333705357,1,1469738076819,0.031994047619,0,41,354566,0.0980050223214
0.0285295758929,0.037853422619,1,1469738076819,0.0378069196429,1,41,356578,0.115466889881
0.0183919270833,0.02587890625,1,1469738076819,0.0241350446429,2,41,358580,0.0687081473214
0.0279017857143,0.0391787574405,1,1469738076819,0.0430850074405,3,41,360662,0.128929501488
0.0246000744048,0.0314360119048,0,1469738076819,0.02783203125,0,41,437887,0.0876116071429
0.0370163690476,0.0562918526786,0,1469738076925,0.0512230282738,1,41,439924,0.148251488095
0.022228422619,0.0316220238095,0,1469738076925,0.0298316592262,2,41,441978,0.0950055803571
0.02001953125,0.0292038690476,0,1469738076925,0.0240652901786,3,41,444063,0.0756370907738
0.0375744047619,0.05419921875,0,1469738076925,0.0484793526786,4,41,446100,0.14929780506
0.0270647321429,0.0384812127976,0,1469738076925,0.0341099330357,5,41,448110,0.100539434524
0.0196707589286,0.0270182291667,0,1469738076925,0.02490234375,6,41,450162,0.0813337053571
0.0398297991071,0.0517113095238,0,1469738076925,0.046619233631,7,41,452181,0.14697265625
0.0227632068452,0.0331333705357,1,1469738076925,0.0319475446429,0,41,454670,0.0977725074405
0.028552827381,0.037853422619,1,1469738076925,0.0378069196429,1,41,456742,0.115466889881
0.0183686755952,0.0258091517857,1,1469738076925,0.0240885416667,2,41,458757,0.068591889881
0.0278785342262,0.0391090029762,1,1469738076925,0.0429920014881,3,41,460761,0.12878999256
0.0246000744048,0.0314127604167,0,1469738076925,0.0278087797619,0,41,538129,0.0875883556548
0.0369931175595,0.0562918526786,0,1469738076925,0.0512230282738,1,41,540170,0.148251488095
0.022228422619,0.0316220238095,0,1469738076926,0.0298549107143,2,41,542152,0.0950288318452
0.02001953125,0.0292271205357,0,1469738076926,0.0240885416667,3,41,544235,0.0756370907738
0.0375279017857,0.0541294642857,0,1469738077032,0.0484328497024,4,41,546260,0.149204799107
0.0270647321429,0.0384812127976,0,1469738077032,0.0341331845238,5,41,548272,0.100516183036
0.0196940104167,0.0270182291667,0,1469738077032,0.02490234375,6,41,550281,0.0813337053571
0.039806547619,0.0516880580357,0,1469738077032,0.0465727306548,7,41,552298,0.146879650298
0.0227399553571,0.0330868675595,1,1469738077032,0.0319010416667,0,41,554825,0.0976097470238
0.028552827381,0.037853422619,1,1469738077032,0.0378069196429,1,41,556828,0.115490141369
0.018322172619,0.0257161458333,1,1469738077032,0.0239955357143,2,41,558826,0.0684058779762
0.0277622767857,0.0389927455357,1,1469738077032,0.0428292410714,3,41,560912,0.128441220238
0.0245768229167,0.0314127604167,0,1469738077033,0.0278087797619,0,41,638247,0.0875651041667
0.0370163690476,0.0562918526786,0,1469738077033,0.0512230282738,1,41,640284,0.148297991071
0.022228422619,0.0316220238095,0,1469738077033,0.0298316592262,2,41,642293,0.0950055803571
0.02001953125,0.0292503720238,0,1469738077033,0.0240652901786,3,41,644326,0.0756138392857
0.0375279017857,0.0541062127976,0,1469738077033,0.0484095982143,4,41,646350,0.149135044643
0.0270414806548,0.0384579613095,0,1469738077033,0.0340866815476,5,41,648359,0.100423177083
0.0196940104167,0.0269949776786,0,1469738077033,0.02490234375,6,41,650441,0.0813337053571
0.039806547619,0.0516880580357,0,1469738077139,0.0465727306548,7,41,652460,0.146879650298
0.0227399553571,0.0330868675595,1,1469738077139,0.0318777901786,0,41,654931,0.0975399925595
0.028552827381,0.037830171131,1,1469738077139,0.0377836681548,1,41,656967,0.115443638393
0.0182291666667,0.0255998883929,1,1469738077139,0.0238560267857,2,41,658972,0.0680803571429
0.0276227678571,0.038829985119,1,1469738077139,0.0426432291667,3,41,660975,0.1279296875
0.0245768229167,0.0313895089286,0,1469738077139,0.0278087797619,0,41,738420,0.0875418526786
0.0369931175595,0.0562686011905,0,1469738077139,0.0512230282738,1,41,740409,0.148251488095
0.022228422619,0.0316220238095,0,1469738077139,0.0298316592262,2,41,742373,0.0950288318452
0.0200427827381,0.0292503720238,0,1469738077139,0.0240885416667,3,41,744589,0.0756138392857
0.0375279017857,0.0540829613095,0,1469738077139,0.0484095982143,4,41,746640,0.149158296131
0.0270414806548,0.0384579613095,0,1469738077139,0.0340866815476,5,41,748630,0.100399925595
0.0196940104167,0.0270182291667,0,1469738077139,0.02490234375,6,41,750592,0.0813569568452
0.039783296131,0.0516880580357,0,1469738077139,0.0465494791667,7,41,752621,0.146833147321
0.0227399553571,0.0330868675595,1,1469738077139,0.0318777901786,0,41,755106,0.0975864955357
0.0285295758929,0.037830171131,1,1469738077139,0.0377836681548,1,41,757097,0.115397135417
0.0181594122024,0.0254603794643,1,1469738077320,0.0237397693452,2,41,759073,0.0678478422619
0.0274832589286,0.0386672247024,1,1469738077321,0.0423642113095,3,41,761058,0.127371651786
0.0245768229167,0.0313895089286,0,1469738077321,0.0278087797619,0,41,838584,0.0875651041667
0.0370163690476,0.0562918526786,0,1469738077321,0.0512462797619,1,41,840687,0.14832124256
0.022228422619,0.0316220238095,0,1469738077322,0.0298549107143,2,41,842702,0.0950520833333
0.02001953125,0.0292038690476,0,1469738077322,0.0240652901786,3,41,844728,0.0755440848214
0.0375046502976,0.0540597098214,0,1469738077322,0.0483863467262,4,41,846746,0.149065290179
0.0270414806548,0.0384347098214,0,1469738077322,0.0340866815476,5,41,848851,0.100423177083
0.0196940104167,0.0270182291667,0,1469738077322,0.02490234375,6,41,850877,0.0813569568452
0.0397600446429,0.0516648065476,0,1469738077322,0.0465494791667,7,41,852887,0.146786644345
0.0227399553571,0.0331101190476,1,1469738077322,0.0318777901786,0,41,855422,0.0977725074405
0.028552827381,0.037830171131,1,1469738077322,0.0377836681548,1,41,857443,0.115397135417
0.0181129092262,0.0253673735119,1,1469738077322,0.0236467633929,2,41,859450,0.067615327381
0.02734375,0.0385044642857,1,1469738077322,0.0422014508929,3,41,861453,0.126929873512
0.0246000744048,0.0314127604167,0,1469738077322,0.0278087797619,0,41,939583,0.0876116071429
0.0370163690476,0.0562686011905,0,1469738077426,0.0512230282738,1,41,942034,0.148274739583
0.0222516741071,0.0316685267857,0,1469738077427,0.0298781622024,2,41,944128,0.0951450892857
0.02001953125,0.0291806175595,0,1469738077427,0.0240652901786,3,41,946202,0.0755440848214
0.0375046502976,0.0540364583333,0,1469738077427,0.0484095982143,4,41,948226,0.149111793155
0.0270414806548,0.0384347098214,0,1469738077427,0.0340634300595,5,41,950248,0.100376674107
0.0196475074405,0.0269717261905,0,1469738077427,0.0248790922619,6,41,952286,0.0812406994048
0.0397600446429,0.0516415550595,0,1469738077427,0.0465262276786,7,41,954337,0.146740141369
0.0227632068452,0.0331101190476,1,1469738077427,0.0318545386905,0,41,956804,0.0975167410714
0.0285295758929,0.037830171131,1,1469738077427,0.0377836681548,1,41,958811,0.115397135417
0.01806640625,0.0253208705357,1,1469738077427,0.0235770089286,2,41,960899,0.0674525669643
0.02734375,0.0384579613095,1,1469738077427,0.0421549479167,3,41,962917,0.126860119048
0.024646577381,0.0316452752976,0,1469738077427,0.0279715401786,0,42,38972,0.0878673735119
0.0369466145833,0.0562220982143,0,1469738077427,0.0511765252976,1,42,41047,0.148088727679
0.022205171131,0.0316220238095,0,1469738077427,0.0298316592262,2,42,43052,0.094982328869
0.0202287946429,0.0296456473214,0,1469738077427,0.0243675595238,3,42,45082,0.076427641369
0.0374348958333,0.0541294642857,0,1469738077533,0.048107328869,4,42,47105,0.148972284226
0.0270182291667,0.0384114583333,0,1469738077533,0.0340634300595,5,42,49146,0.100399925595
0.0194847470238,0.0267624627976,0,1469738077533,0.0247163318452,6,42,51169,0.0805896577381
0.0397600446429,0.0516648065476,0,1469738077533,0.0465494791667,7,42,53181,0.146763392857
0.0228097098214,0.0329241071429,1,1469738077533,0.0313662574405,0,42,55657,0.0966796875
0.0285295758929,0.0377836681548,1,1469738077533,0.0377604166667,1,42,57695,0.115304129464
0.0178571428571,0.0250883556548,1,1469738077533,0.0232979910714,2,42,59702,0.0668480282738
0.0272507440476,0.0383649553571,1,1469738077533,0.0421084449405,3,42,61723,0.126557849702
0.0248558407738,0.0320405505952,0,1469738077533,0.0281808035714,0,42,139142,0.0883324032738
0.0368303571429,0.0559895833333,0,1469738077533,0.0509672619048,1,42,141179,0.14757719494
0.0221586681548,0.0315290178571,0,1469738077534,0.0297619047619,2,42,143184,0.0947033110119
0.0208565848214,0.0307152157738,0,1469738077534,0.0250651041667,3,42,145238,0.0786365327381
0.0372023809524,0.0547805059524,0,1469738077534,0.0484328497024,4,42,147285,0.14806547619
0.0269717261905,0.0382952008929,0,1469738077534,0.0340169270833,5,42,149318,0.100330171131
0.0193452380952,0.026622953869,0,1469738077534,0.0246233258929,6,42,151330,0.0801246279762
0.0397600446429,0.0516648065476,0,1469738077640,0.0465727306548,7,42,153345,0.146763392857
0.0229957217262,0.0327845982143,1,1469738077641,0.0312965029762,0,42,155891,0.0977260044643
0.0284365699405,0.0376906622024,1,1469738077641,0.0377139136905,1,42,157903,0.115025111607
0.0175083705357,0.0242047991071,1,1469738077641,0.0228329613095,2,42,159909,0.0658947172619
0.0268322172619,0.037830171131,1,1469738077641,0.0415969122024,3,42,161931,0.12488374256
0.0249488467262,0.0321335565476,0,1469738077641,0.0286923363095,0,42,239332,0.0888206845238
0.0368303571429,0.055919828869,0,1469738077641,0.0509207589286,1,42,241385,0.147670200893
0.022228422619,0.0316220238095,0,1469738077641,0.0298316592262,2,42,243395,0.094982328869
0.0210425967262,0.0310407366071,0,1469738077641,0.0252743675595,3,42,245485,0.0793805803571
0.0375511532738,0.0548967633929,0,1469738077641,0.0486886160714,4,42,247510,0.148832775298
0.0269717261905,0.038318452381,0,1469738077641,0.0340401785714,5,42,249552,0.100376674107
0.0193219866071,0.026622953869,0,1469738077641,0.0246233258929,6,42,251577,0.0799618675595
0.0397135416667,0.0515950520833,0,1469738077641,0.0465494791667,7,42,253591,0.146670386905
0.0230189732143,0.0330171130952,1,1469738077641,0.0318545386905,0,42,256052,0.09814453125
0.0284133184524,0.0375744047619,1,1469738077641,0.0376674107143,1,42,258117,0.115025111607
0.0178571428571,0.0249953497024,1,1469738077821,0.0234607514881,2,42,260105,0.0668712797619
0.0265066964286,0.0375046502976,1,1469738077821,0.0412248883929,3,42,262080,0.122465587798
0.024669828869,0.0318545386905,0,1469738077821,0.0281343005952,0,42,339510,0.0878441220238
0.0369001116071,0.0560825892857,0,1469738077821,0.0510835193452,1,42,341529,0.148088727679
0.0222981770833,0.0317150297619,0,1469738077821,0.0299014136905,2,42,343537,0.0955171130952
0.0211356026786,0.0312732514881,0,1469738077821,0.025390625,3,42,345594,0.079845610119
0.0376906622024,0.0550827752976,0,1469738077821,0.048828125,4,42,347614,0.149437313988
0.0270182291667,0.0383882068452,0,1469738077821,0.0340866815476,5,42,349640,0.100562686012
0.0193684895833,0.0267159598214,0,1469738077821,0.0246930803571,6,42,351642,0.0801943824405
0.0396437872024,0.0514787946429,0,1469738077821,0.0464797247024,7,42,353671,0.146414620536
0.0230887276786,0.0331798735119,1,1469738077821,0.0320405505952,0,42,356156,0.0987723214286
0.0283203125,0.0374813988095,1,1469738077821,0.0375744047619,1,42,358169,0.114653087798
0.0179036458333,0.0251813616071,1,1469738077821,0.0235770089286,2,42,360179,0.0670340401786
0.0259951636905,0.0370861235119,1,1469738077821,0.0406436011905,3,42,362227,0.119861421131
0.0247395833333,0.0319010416667,0,1469738077821,0.0282970610119,0,42,439685,0.088123139881
0.0369466145833,0.05615234375,0,1469738077929,0.0511300223214,1,42,441730,0.148228236607
0.0223446800595,0.0317615327381,0,1469738077929,0.0299479166667,2,42,443737,0.0956566220238
0.0210890997024,0.0312034970238,0,1469738077929,0.0253673735119,3,42,445771,0.0796828497024
0.0376674107143,0.0550827752976,0,1469738077929,0.048828125,4,42,447795,0.149367559524
0.0270182291667,0.0384114583333,0,1469738077929,0.0340866815476,5,42,449845,0.100562686012
0.0193684895833,0.0267159598214,0,1469738077929,0.0246930803571,6,42,451865,0.0801943824405
0.0397135416667,0.0515950520833,0,1469738077929,0.0465494791667,7,42,453882,0.146670386905
0.0230887276786,0.0331798735119,1,1469738077929,0.0318777901786,0,42,456435,0.0981910342262
0.0282970610119,0.0374348958333,1,1469738077929,0.0375279017857,1,42,458504,0.114536830357
0.0179036458333,0.0251813616071,1,1469738077929,0.0235770089286,2,42,460522,0.0670340401786
0.0265299479167,0.0376441592262,1,1469738077929,0.0414341517857,3,42,462538,0.121442522321
0.02490234375,0.0321568080357,0,1469738077931,0.0283668154762,0,42,539859,0.088611421131
0.0367838541667,0.0558733258929,0,1469738077931,0.0508742559524,1,42,541894,0.147437686012
0.0222749255952,0.0316917782738,0,1469738077931,0.0298781622024,2,42,543906,0.0952845982143
0.0209263392857,0.0308314732143,0,1469738077931,0.025158110119,3,42,546069,0.0790318080357
0.0374348958333,0.0548037574405,0,1469738078035,0.0486188616071,4,42,548104,0.147972470238
0.0269949776786,0.0382952008929,0,1469738078035,0.0340169270833,5,42,550139,0.100516183036
0.0194149925595,0.0267159598214,0,1469738078035,0.024669828869,6,42,552163,0.0802873883929
0.039806547619,0.0516880580357,0,1469738078035,0.046619233631,7,42,554293,0.146902901786
0.0229724702381,0.0329241071429,1,1469738078035,0.0310872395833,0,42,556769,0.0972144717262
0.0284133184524,0.0375511532738,1,1469738078035,0.0376906622024,1,42,558770,0.115071614583
0.0179268973214,0.0250418526786,1,1469738078035,0.0237397693452,2,42,560842,0.0674060639881
0.027599516369,0.038806733631,1,1469738078035,0.0428059895833,3,42,562861,0.127464657738
0.0246930803571,0.0318312872024,0,1469738078035,0.0281808035714,0,42,640028,0.088146391369
0.0366675967262,0.0557570684524,0,1469738078035,0.0507579985119,1,42,642121,0.146786644345
0.0221354166667,0.031482514881,0,1469738078036,0.0297154017857,2,42,644200,0.0943080357143
0.0208333333333,0.03076171875,0,1469738078036,0.0251116071429,3,42,646217,0.078845796131
0.0369233630952,0.0546409970238,0,1469738078036,0.0484095982143,4,42,648225,0.146763392857
0.0270414806548,0.038341703869,0,1469738078036,0.0340634300595,5,42,650279,0.100562686012
0.0195777529762,0.0268787202381,0,1469738078036,0.0248093377976,6,42,652306,0.0808919270833
0.039806547619,0.0517113095238,0,1469738078142,0.0465959821429,7,42,654353,0.146949404762
0.02294921875,0.032947358631,1,1469738078142,0.0309012276786,0,42,656894,0.0968424479167
0.0284133184524,0.0376674107143,1,1469738078142,0.0377139136905,1,42,658994,0.115094866071
0.0177176339286,0.0248790922619,1,1469738078143,0.0234142485119,2,42,661005,0.0671037946429
0.0282738095238,0.0397135416667,1,1469738078143,0.043689546131,3,42,663011,0.129952566964
0.0248325892857,0.0320405505952,0,1469738078143,0.0282505580357,0,42,740201,0.08837890625
0.0366675967262,0.0557803199405,0,1469738078143,0.05078125,1,42,742213,0.146902901786
0.0220656622024,0.0314127604167,0,1469738078143,0.0296921502976,2,42,744474,0.0941685267857
0.0208798363095,0.03076171875,0,1469738078143,0.025134858631,3,42,746554,0.0789853050595
0.0372256324405,0.0547107514881,0,1469738078143,0.0485026041667,4,42,748550,0.146902901786
0.0269717261905,0.0382719494048,0,1469738078143,0.0339936755952,5,42,750527,0.100423177083
0.0195777529762,0.0269019717262,0,1469738078143,0.0248558407738,6,42,752504,0.0809616815476
0.039783296131,0.0517113095238,0,1469738078143,0.046619233631,7,42,754555,0.146949404762
0.0229724702381,0.0329008556548,1,1469738078143,0.0311802455357,0,42,756988,0.0973772321429
0.0284598214286,0.0377604166667,1,1469738078143,0.0377604166667,1,42,758969,0.115234375
0.0177176339286,0.0249720982143,1,1469738078322,0.0234375,2,42,761037,0.0670805431548
0.0276227678571,0.0388764880952,1,1469738078322,0.0428524925595,3,42,763029,0.127627418155
0.0249720982143,0.0323893229167,0,1469738078322,0.0287155877976,0,42,840377,0.0887509300595
0.0367373511905,0.0558035714286,0,1469738078322,0.0508045014881,1,42,842424,0.147298177083
0.0221586681548,0.031505766369,0,1469738078322,0.0297619047619,2,42,844458,0.094494047619
0.0209728422619,0.0309244791667,0,1469738078322,0.0252511160714,3,42,846485,0.079334077381
0.0375511532738,0.054920014881,0,1469738078322,0.0487118675595,4,42,848509,0.148832775298
0.0269717261905,0.0382719494048,0,1469738078322,0.0339936755952,5,42,850602,0.100423177083
0.0195079985119,0.0268322172619,0,1469738078322,0.0247860863095,6,42,852636,0.0807291666667
0.0397135416667,0.0515950520833,0,1469738078322,0.0465727306548,7,42,854669,0.146647135417
0.02294921875,0.0329008556548,1,1469738078323,0.0316685267857,0,42,857141,0.0975399925595
0.0284133184524,0.03759765625,1,1469738078323,0.0377139136905,1,42,859160,0.115048363095
0.0179268973214,0.0248093377976,1,1469738078323,0.0239025297619,2,42,861152,0.0676850818452
0.0269949776786,0.0381556919643,1,1469738078329,0.0419456845238,3,42,863154,0.123697916667
0.02490234375,0.0319475446429,0,1469738078330,0.0284598214286,0,42,940557,0.0884254092262
0.036876860119,0.0559895833333,0,1469738078428,0.051013764881,1,42,943457,0.147902715774
0.0222749255952,0.0316917782738,0,1469738078429,0.0299014136905,2,42,945542,0.0953311011905
0.0210193452381,0.030994233631,0,1469738078429,0.0252976190476,3,42,947566,0.0796130952381
0.0377139136905,0.0551060267857,0,1469738078429,0.0488513764881,4,42,949576,0.149460565476
0.0270182291667,0.0383649553571,0,1469738078429,0.0340634300595,5,42,951594,0.100539434524
0.0195079985119,0.0268322172619,0,1469738078429,0.0248093377976,6,42,953624,0.0807524181548
0.0396902901786,0.0515718005952,0,1469738078429,0.0465262276786,7,42,955655,0.146554129464
0.0229957217262,0.0330171130952,1,1469738078429,0.0319242931548,0,42,958105,0.0982142857143
0.0284365699405,0.03759765625,1,1469738078429,0.0377371651786,1,42,960114,0.115141369048
0.0182059151786,0.0255766369048,1,1469738078429,0.0242513020833,2,42,962172,0.0682663690476
0.0264834449405,0.0377139136905,1,1469738078429,0.0414109002976,3,42,964260,0.120419456845
0.0247860863095,0.0319242931548,0,1469738078430,0.0282738095238,0,43,40772,0.0882626488095
0.0369001116071,0.0560593377976,0,1469738078430,0.0510602678571,1,43,42846,0.148042224702
0.0223214285714,0.0317615327381,0,1469738078430,0.0299246651786,2,43,44878,0.0955636160714
0.0210425967262,0.031017485119,0,1469738078430,0.0252976190476,3,43,46897,0.0795433407738
0.0377371651786,0.0551292782738,0,1469738078536,0.0488513764881,4,43,48988,0.14953031994
0.0270647321429,0.0384347098214,0,1469738078536,0.0341331845238,5,43,51034,0.10070219494
0.0195545014881,0.0268787202381,0,1469738078536,0.0248558407738,6,43,53050,0.0809384300595
0.0396902901786,0.0515718005952,0,1469738078536,0.0465262276786,7,43,55058,0.146554129464
0.0230654761905,0.0330868675595,1,1469738078536,0.0319475446429,0,43,57518,0.0983072916667
0.0284133184524,0.0375744047619,1,1469738078536,0.0377139136905,1,43,59536,0.115071614583
0.0181361607143,0.0255301339286,1,1469738078536,0.024158296131,2,43,61548,0.068103608631
0.0264834449405,0.0377139136905,1,1469738078536,0.0414109002976,3,43,63557,0.120419456845
0.0249255952381,0.0322033110119,0,1469738078536,0.0284598214286,0,43,140925,0.0887276785714
0.0368303571429,0.055919828869,0,1469738078536,0.0508975074405,1,43,142962,0.147646949405
0.0223214285714,0.03173828125,0,1469738078536,0.0299246651786,2,43,145080,0.0954938616071
0.0209263392857,0.0308082217262,0,1469738078536,0.0251813616071,3,43,147092,0.0791248139881
0.0376441592262,0.0550130208333,0,1469738078537,0.0487816220238,4,43,149108,0.149111793155
0.0270414806548,0.0383882068452,0,1469738078537,0.0340866815476,5,43,151129,0.100609188988
0.0195777529762,0.0269019717262,0,1469738078537,0.0248558407738,6,43,153180,0.0810314360119
0.0397600446429,0.0516415550595,0,1469738078643,0.0465727306548,7,43,155191,0.146763392857
0.0230654761905,0.0330868675595,1,1469738078643,0.0319475446429,0,43,157658,0.0983072916667
0.0284365699405,0.0376209077381,1,1469738078643,0.0377139136905,1,43,159681,0.115187872024
0.0178803943452,0.0247860863095,1,1469738078643,0.0238560267857,2,43,161705,0.0675223214286
0.0269717261905,0.0381556919643,1,1469738078643,0.0419689360119,3,43,163717,0.124000186012
0.0248325892857,0.031994047619,0,1469738078643,0.0283203125,0,43,241138,0.0884021577381
0.0366443452381,0.0557338169643,0,1469738078643,0.0507579985119,1,43,243181,0.146740141369
0.022228422619,0.0316220238095,0,1469738078643,0.0298084077381,2,43,245203,0.0948195684524
0.0208333333333,0.0305757068452,0,1469738078643,0.0250651041667,3,43,247228,0.078869047619
0.0373186383929,0.0548502604167,0,1469738078643,0.048595610119,4,43,249265,0.147484188988
0.0269949776786,0.0382952008929,0,1469738078643,0.0340401785714,5,43,251296,0.100516183036
0.0196475074405,0.0269717261905,0,1469738078643,0.02490234375,6,43,253309,0.0812174479167
0.039806547619,0.0517113095238,0,1469738078643,0.046619233631,7,43,255321,0.146926153274
0.0230189732143,0.0328543526786,1,1469738078643,0.031482514881,0,43,257752,0.0978190104167
0.0284365699405,0.0376209077381,1,1469738078643,0.0377139136905,1,43,259752,0.115071614583
0.0175316220238,0.0244838169643,1,1469738078822,0.0232282366071,2,43,261738,0.0665457589286
0.0275297619048,0.0387369791667,1,1469738078822,0.0426897321429,3,43,263724,0.127371651786
0.0247163318452,0.0318777901786,0,1469738078822,0.0282505580357,0,43,341275,0.0881696428571
0.03662109375,0.0556873139881,0,1469738078822,0.0507114955357,1,43,343317,0.146577380952
0.0220889136905,0.0314360119048,0,1469738078822,0.0296921502976,2,43,345351,0.0942615327381
0.0206938244048,0.0304361979167,0,1469738078822,0.0249720982143,3,43,347378,0.0785435267857
0.0374116443452,0.054920014881,0,1469738078822,0.0486421130952,4,43,349401,0.147763206845
0.0270647321429,0.0383649553571,0,1469738078823,0.0341099330357,5,43,351419,0.10070219494
0.019763764881,0.027111235119,0,1469738078823,0.0250418526786,6,43,353447,0.0816824776786
0.0398297991071,0.0517345610119,0,1469738078823,0.046642485119,7,43,355529,0.146995907738
0.0229027157738,0.0326450892857,1,1469738078823,0.0309012276786,0,43,357993,0.0970517113095
0.0285063244048,0.0377836681548,1,1469738078823,0.0377604166667,1,43,360007,0.115304129464
0.0176711309524,0.0250883556548,1,1469738078823,0.0234375,2,43,362044,0.0668480282738
0.0281575520833,0.03955078125,1,1469738078824,0.0435035342262,3,43,364136,0.129696800595
0.0249488467262,0.0322498139881,0,1469738078824,0.0283203125,0,43,441474,0.0885649181548
0.03662109375,0.0556873139881,0,1469738078929,0.0507114955357,1,43,443516,0.146809895833
0.0220889136905,0.0314360119048,0,1469738078929,0.0296921502976,2,43,445553,0.0941917782738
0.0209030877976,0.0306919642857,0,1469738078929,0.025134858631,3,43,447575,0.0791248139881
0.0374116443452,0.054920014881,0,1469738078929,0.0486421130952,4,43,449606,0.147763206845
0.0270182291667,0.0382952008929,0,1469738078929,0.0340401785714,5,43,451642,0.100516183036
0.0196707589286,0.0269949776786,0,1469738078929,0.0249488467262,6,43,453661,0.081310453869
0.0398297991071,0.0517113095238,0,1469738078929,0.046619233631,7,43,455676,0.14697265625
0.0228794642857,0.0325753348214,1,1469738078929,0.0310639880952,0,43,458194,0.0973307291667
0.0284598214286,0.0377139136905,1,1469738078929,0.0377371651786,1,43,460229,0.115094866071
0.0176013764881,0.0242745535714,1,1469738078929,0.0232979910714,2,43,462244,0.0667550223214
0.0276925223214,0.0388997395833,1,1469738078929,0.0429920014881,3,43,464324,0.128138950893
0.0249488467262,0.0323195684524,0,1469738078929,0.0287388392857,0,43,541644,0.0887741815476
0.0367838541667,0.0558500744048,0,1469738078929,0.0508742559524,1,43,543692,0.147530691964
0.0221819196429,0.0315522693452,0,1469738078929,0.02978515625,2,43,545744,0.0946103050595
0.02099609375,0.0309244791667,0,1469738078930,0.0252511160714,3,43,547765,0.0794968377976
0.03759765625,0.0549897693452,0,1469738079037,0.0487351190476,4,43,549778,0.148972284226
0.0269717261905,0.0382952008929,0,1469738079037,0.0339936755952,5,43,551808,0.100423177083
0.0196475074405,0.0269717261905,0,1469738079037,0.0249720982143,6,43,553839,0.081287202381
0.0397600446429,0.0516415550595,0,1469738079037,0.0465727306548,7,43,555930,0.146740141369
0.0228794642857,0.0326915922619,1,1469738079037,0.0315755208333,0,43,558374,0.0975399925595
0.0283900669643,0.0375744047619,1,1469738079037,0.0376906622024,1,43,560386,0.115048363095
0.0180431547619,0.0251813616071,1,1469738079037,0.02392578125,2,43,562411,0.0678013392857
0.027111235119,0.0381789434524,1,1469738079037,0.0422712053571,3,43,564441,0.125302269345
0.0247860863095,0.0319010416667,0,1469738079037,0.0282738095238,0,43,641826,0.088146391369
0.0369001116071,0.0560128348214,0,1469738079037,0.051037016369,1,43,643872,0.147995721726
0.0222749255952,0.0316917782738,0,1469738079037,0.0299014136905,2,43,645960,0.0953543526786
0.0210425967262,0.031017485119,0,1469738079037,0.0253441220238,3,43,647957,0.0797526041667
0.0377139136905,0.0551292782738,0,1469738079037,0.0488513764881,4,43,649987,0.149507068452
0.0270414806548,0.0384114583333,0,1469738079037,0.0340866815476,5,43,652020,0.100655691964
0.0196940104167,0.0270414806548,0,1469738079037,0.0250186011905,6,43,654341,0.0814267113095
0.0396902901786,0.0515718005952,0,1469738079143,0.0465262276786,7,43,656396,0.146554129464
0.0229957217262,0.0329938616071,1,1469738079143,0.031994047619,0,43,658862,0.0983305431548
0.0283435639881,0.0374581473214,1,1469738079143,0.03759765625,1,43,660884,0.114815848214
0.01806640625,0.025390625,1,1469738079143,0.0238327752976,2,43,662889,0.0677315848214
0.0266694568452,0.0377139136905,1,1469738079143,0.0416434151786,3,43,665007,0.120954241071
0.0247628348214,0.0319242931548,0,1469738079143,0.0282738095238,0,43,741977,0.0882393973214
0.036853608631,0.0560128348214,0,1469738079143,0.0509905133929,1,43,744256,0.147879464286
0.0222981770833,0.0316917782738,0,1469738079143,0.0298781622024,2,43,746354,0.0954008556548
0.0210658482143,0.0310407366071,0,1469738079143,0.0253441220238,3,43,748345,0.0797293526786
0.0377836681548,0.0552222842262,0,1469738079143,0.0489211309524,4,43,750333,0.149739583333
0.0270647321429,0.0384347098214,0,1469738079143,0.0341331845238,5,43,752323,0.100725446429
0.0197405133929,0.0270647321429,0,1469738079144,0.0250418526786,6,43,754414,0.08154296875
0.0397135416667,0.0515950520833,0,1469738079144,0.0465262276786,7,43,756412,0.146577380952
0.0230887276786,0.0331566220238,1,1469738079144,0.0320870535714,0,43,758820,0.0987723214286
0.0284133184524,0.0375744047619,1,1469738079144,0.0376906622024,1,43,760845,0.11511811756
0.0180431547619,0.0252976190476,1,1469738079326,0.0238560267857,2,43,762877,0.0677548363095
0.0267624627976,0.0378999255952,1,1469738079326,0.0418759300595,3,43,764878,0.12097749256
0.0249255952381,0.0322498139881,0,1469738079326,0.0284830729167,0,43,842181,0.0887509300595
0.0366908482143,0.0557338169643,0,1469738079326,0.0509905133929,1,43,844294,0.147879464286
0.0222749255952,0.0316685267857,0,1469738079326,0.0298781622024,2,43,846321,0.0952845982143
0.0209728422619,0.0309012276786,0,1469738079326,0.0252743675595,3,43,848342,0.0794735863095
0.0377604166667,0.0551525297619,0,1469738079326,0.0488978794643,4,43,850398,0.149646577381
0.0270182291667,0.038341703869,0,1469738079326,0.0340634300595,5,43,852426,0.1005859375
0.0197405133929,0.027087983631,0,1469738079326,0.0250418526786,6,43,854470,0.0815662202381
0.0397600446429,0.0516648065476,0,1469738079326,0.0465959821429,7,43,856460,0.146786644345
0.0230887276786,0.0331566220238,1,1469738079326,0.031970796131,0,43,858908,0.0983537946429
0.0283900669643,0.0375744047619,1,1469738079326,0.0376906622024,1,43,860941,0.114978608631
0.0177873883929,0.0245070684524,1,1469738079327,0.0235072544643,2,43,862958,0.0672665550595
0.0273204985119,0.0385277157738,1,1469738079327,0.0427594866071,3,43,865062,0.125930059524
0.0248558407738,0.0320638020833,0,1469738079327,0.0284365699405,0,43,942361,0.0885881696429
0.0366908482143,0.0557338169643,0,1469738079431,0.0507579985119,1,43,945712,0.147042410714
0.0221354166667,0.031482514881,0,1469738079431,0.0297154017857,2,43,948210,0.0942847842262
0.0209263392857,0.0307384672619,0,1469738079431,0.0251813616071,3,43,950229,0.0793108258929
0.0374813988095,0.0548735119048,0,1469738079431,0.0486421130952,4,43,952240,0.14806547619
0.0270414806548,0.038341703869,0,1469738079431,0.0340634300595,5,43,954354,0.10070219494
0.0198800223214,0.0272972470238,0,1469738079431,0.025158110119,6,43,956365,0.08203125
0.039806547619,0.0517345610119,0,1469738079431,0.046642485119,7,43,958363,0.146995907738
0.0229957217262,0.0328776041667,1,1469738079431,0.0313197544643,0,43,960912,0.0975399925595
0.0284830729167,0.0377371651786,1,1469738079431,0.0377371651786,1,43,962942,0.115257626488
0.0177641369048,0.0250651041667,1,1469738079431,0.0233677455357,2,43,964979,0.0671735491071
0.0282738095238,0.0396902901786,1,1469738079431,0.0439685639881,3,43,966999,0.129975818452
0.024669828869,0.0317150297619,0,1469738079431,0.0282970610119,0,44,42536,0.088146391369
0.0365048363095,0.0555943080357,0,1469738079431,0.0506184895833,1,44,44599,0.146228608631
0.0220191592262,0.0313197544643,0,1469738079431,0.0295758928571,2,44,46612,0.09375
0.0206240699405,0.0302734375,0,1469738079431,0.0249255952381,3,44,48628,0.0785667782738
0.036876860119,0.0547107514881,0,1469738079537,0.0484095982143,4,44,50693,0.147112165179
0.0271344866071,0.0385044642857,0,1469738079538,0.0342029389881,5,44,52718,0.101050967262
0.0201125372024,0.0275297619048,0,1469738079538,0.025390625,6,44,54749,0.082752046131
0.0398530505952,0.0517810639881,0,1469738079538,0.0466889880952,7,44,57492,0.147135416667
0.0227864583333,0.0326915922619,1,1469738079539,0.0306687127976,0,44,60041,0.0955403645833
0.0285295758929,0.0378069196429,1,1469738079539,0.0377604166667,1,44,62068,0.115397135417
0.0183686755952,0.0261811755952,1,1469738079539,0.0242047991071,2,44,64168,0.0687313988095
0.0287388392857,0.0403180803571,1,1469738079539,0.0444800967262,3,44,66251,0.131603422619
0.024646577381,0.0315755208333,0,1469738079539,0.0281808035714,0,44,142705,0.0880068824405
0.0366443452381,0.0557570684524,0,1469738079539,0.0507579985119,1,44,144773,0.146647135417
0.0219959077381,0.0312965029762,0,1469738079539,0.0295758928571,2,44,146879,0.0938662574405
0.0204845610119,0.0299479166667,0,1469738079539,0.0247395833333,3,44,148896,0.0779854910714
0.037109375,0.0547805059524,0,1469738079539,0.0481770833333,4,44,150919,0.148949032738
0.0271577380952,0.03857421875,0,1469738079539,0.0342494419643,5,44,153013,0.101143973214
0.0201357886905,0.027576264881,0,1469738079539,0.0254138764881,6,44,155071,0.0828683035714
0.0398763020833,0.0518043154762,0,1469738079644,0.0466889880952,7,44,157080,0.147181919643
0.0227864583333,0.0327613467262,1,1469738079644,0.0307384672619,0,44,159526,0.0955171130952
0.0285295758929,0.037830171131,1,1469738079644,0.0378069196429,1,44,161557,0.115420386905
0.0183454241071,0.0259486607143,1,1469738079644,0.0240652901786,2,44,163575,0.0687313988095
0.0283203125,0.039783296131,1,1469738079645,0.0439220610119,3,44,165603,0.130394345238
0.0246233258929,0.0315290178571,0,1469738079645,0.028087797619,0,44,242939,0.0878673735119
0.0367373511905,0.055896577381,0,1469738079645,0.0508510044643,1,44,245006,0.146995907738
0.0220889136905,0.0314360119048,0,1469738079645,0.0296688988095,2,44,247026,0.0942847842262
0.0203915550595,0.0297619047619,0,1469738079645,0.024646577381,3,44,249128,0.07763671875
0.0374116443452,0.0548967633929,0,1469738079645,0.0482235863095,4,44,251153,0.149274553571
0.0271809895833,0.0385974702381,0,1469738079645,0.0342726934524,5,44,253174,0.101213727679
0.0201357886905,0.0275530133929,0,1469738079645,0.025390625,6,44,255197,0.0828450520833
0.0398995535714,0.0518043154762,0,1469738079645,0.0466889880952,7,44,257222,0.147181919643
0.0228329613095,0.0328543526786,1,1469738079645,0.0309477306548,0,44,259653,0.0962146577381
0.028552827381,0.037830171131,1,1469738079645,0.0377836681548,1,44,261643,0.115397135417
0.0183454241071,0.0259486607143,1,1469738079824,0.0240652901786,2,44,263633,0.068615141369
0.0278087797619,0.0390392485119,1,1469738079824,0.0430152529762,3,44,265675,0.128696986607
0.0246000744048,0.0315290178571,0,1469738079824,0.028064546131,0,44,343090,0.0877743675595
0.0368071056548,0.0560128348214,0,1469738079824,0.0509440104167,1,44,345229,0.147391183036
0.0221354166667,0.0314592633929,0,1469738079824,0.0297154017857,2,44,347261,0.0944475446429
0.020275297619,0.029529389881,0,1469738079824,0.0244838169643,3,44,349275,0.0771484375
0.0375511532738,0.0547805059524,0,1469738079825,0.0482235863095,4,44,351295,0.149344308036
0.0272042410714,0.0386439732143,0,1469738079825,0.0342959449405,5,44,353340,0.101283482143
0.0201125372024,0.0275297619048,0,1469738079825,0.0253673735119,6,44,355355,0.0827985491071
0.0398763020833,0.0517578125,0,1469738079825,0.0466657366071,7,44,357363,0.14708891369
0.0228794642857,0.0328543526786,1,1469738079825,0.0309709821429,0,44,359834,0.0962611607143
0.0285295758929,0.0378069196429,1,1469738079825,0.0377836681548,1,44,361875,0.115373883929
0.0181594122024,0.0255301339286,1,1469738079825,0.023693266369,2,44,363902,0.06787109375
0.0274600074405,0.0385509672619,1,1469738079825,0.0423874627976,3,44,366013,0.127371651786
0.0246000744048,0.031482514881,0,1469738079825,0.0280412946429,0,44,443267,0.0876813616071
0.0368303571429,0.0560593377976,0,1469738079931,0.0509905133929,1,44,445336,0.147507440476
0.0221354166667,0.031482514881,0,1469738079931,0.0297154017857,2,44,447360,0.094470796131
0.0202287946429,0.0295061383929,0,1469738079931,0.0244140625,3,44,449383,0.0768694196429
0.0375744047619,0.0545944940476,0,1469738079931,0.0483165922619,4,44,451413,0.149321056548
0.0272042410714,0.0386207217262,0,1469738079931,0.0342726934524,5,44,453448,0.101213727679
0.0201125372024,0.0275297619048,0,1469738079931,0.025390625,6,44,455522,0.0828450520833
0.0398530505952,0.0517578125,0,1469738079931,0.046642485119,7,44,457547,0.147019159226
0.0228329613095,0.0328543526786,1,1469738079932,0.031017485119,0,44,460026,0.0960053943452
0.0285295758929,0.0377836681548,1,1469738079932,0.0377371651786,1,44,462039,0.115304129464
0.0179966517857,0.0252046130952,1,1469738079932,0.0233909970238,2,44,464119,0.0672200520833
0.0270647321429,0.0380859375,1,1469738079932,0.041736421131,3,44,466172,0.125790550595
0.0246000744048,0.0314592633929,0,1469738079932,0.0279947916667,0,44,543452,0.087658110119
0.036853608631,0.0560825892857,0,1469738079932,0.051037016369,1,44,545536,0.147623697917
0.0221354166667,0.031482514881,0,1469738079932,0.0297386532738,2,44,547564,0.0945172991071
0.0202287946429,0.0295758928571,0,1469738079932,0.0243908110119,3,44,549571,0.0767299107143
0.0375744047619,0.0544782366071,0,1469738080038,0.0483630952381,4,44,551583,0.149321056548
0.0271809895833,0.0386207217262,0,1469738080038,0.0342494419643,5,44,553614,0.101167224702
0.0200892857143,0.0274832589286,0,1469738080038,0.0253673735119,6,44,555644,0.082775297619
0.0398530505952,0.0517578125,0,1469738080038,0.046642485119,7,44,557646,0.147019159226
0.0228097098214,0.0328776041667,1,1469738080038,0.0311802455357,0,44,560112,0.0960518973214
0.028552827381,0.0378069196429,1,1469738080038,0.0377836681548,1,44,562162,0.11535063244
0.017810639881,0.02490234375,1,1469738080038,0.0231119791667,2,44,564256,0.0665922619048
0.0267159598214,0.0377371651786,1,1469738080038,0.0412248883929,3,44,566280,0.124372209821
0.0245768229167,0.0314127604167,0,1469738080038,0.0279250372024,0,44,643624,0.0875883556548
0.0369001116071,0.05615234375,0,1469738080038,0.0510835193452,1,44,645694,0.147786458333
0.0221586681548,0.031505766369,0,1469738080038,0.0297386532738,2,44,647721,0.0945870535714
0.0202287946429,0.0295991443452,0,1469738080038,0.0243675595238,3,44,649747,0.0765904017857
0.0375744047619,0.0543619791667,0,1469738080038,0.0483630952381,4,44,651765,0.149274553571
0.0271809895833,0.0386207217262,0,1469738080038,0.0342494419643,5,44,653796,0.101167224702
0.0200660342262,0.0274367559524,0,1469738080038,0.0253208705357,6,44,655887,0.0826590401786
0.0398530505952,0.0517578125,0,1469738080144,0.046642485119,7,44,657910,0.146995907738
0.0227399553571,0.0329008556548,1,1469738080144,0.03125,0,44,660367,0.095958891369
0.0285063244048,0.0377836681548,1,1469738080145,0.0377371651786,1,44,662408,0.115211123512
0.0176943824405,0.024669828869,1,1469738080145,0.0229259672619,2,44,664443,0.0661039806548
0.0265299479167,0.0375511532738,1,1469738080145,0.0409458705357,3,44,666498,0.123558407738
0.0245535714286,0.0313895089286,0,1469738080145,0.0279017857143,0,44,743781,0.0874953497024
0.0369001116071,0.05615234375,0,1469738080145,0.0510835193452,1,44,746127,0.147786458333
0.0221586681548,0.031505766369,0,1469738080145,0.0297386532738,2,44,748136,0.0945870535714
0.0202055431548,0.0296223958333,0,1469738080145,0.0243443080357,3,44,750114,0.0764508928571
0.0375046502976,0.05419921875,0,1469738080145,0.0482468377976,4,44,752087,0.149018787202
0.0271577380952,0.03857421875,0,1469738080145,0.0342261904762,5,44,754228,0.10107421875
0.0200427827381,0.0274135044643,0,1469738080145,0.0252743675595,6,44,756236,0.0825660342262
0.039806547619,0.0517113095238,0,1469738080145,0.0465959821429,7,44,758204,0.14685639881
0.022716703869,0.0328776041667,1,1469738080145,0.0312034970238,0,44,760630,0.095703125
0.0285063244048,0.0377604166667,1,1469738080145,0.0377139136905,1,44,762621,0.115187872024
0.0176478794643,0.0246233258929,1,1469738080147,0.0228794642857,2,44,764640,0.0659412202381
0.0265299479167,0.0375511532738,1,1469738080328,0.0409458705357,3,44,766653,0.123558407738
0.0245303199405,0.0313662574405,0,1469738080328,0.0279017857143,0,44,844043,0.0874720982143
0.0369233630952,0.0561755952381,0,1469738080329,0.0511067708333,1,44,846113,0.147879464286
0.0221586681548,0.031505766369,0,1469738080329,0.0297386532738,2,44,848135,0.0946568080357
0.0202055431548,0.0296688988095,0,1469738080329,0.0243443080357,3,44,850173,0.076427641369
0.0374348958333,0.0540829613095,0,1469738080329,0.0481305803571,4,44,852207,0.14880952381
0.0271577380952,0.03857421875,0,1469738080329,0.0342261904762,5,44,854298,0.101004464286
0.02001953125,0.0273902529762,0,1469738080329,0.0252743675595,6,44,856309,0.08251953125
0.039783296131,0.0516880580357,0,1469738080329,0.0465727306548,7,44,858365,0.146786644345
0.022693452381,0.0329008556548,1,1469738080329,0.0311337425595,0,44,860839,0.0954241071429
0.0285295758929,0.0377604166667,1,1469738080329,0.0377139136905,1,44,862870,0.115187872024
0.0176711309524,0.024669828869,1,1469738080329,0.02294921875,2,44,864930,0.0659644717262
0.0264601934524,0.0375511532738,1,1469738080329,0.0408528645833,3,44,866989,0.123256138393
0.0245303199405,0.0313430059524,0,1469738080329,0.0279017857143,0,44,944219,0.0874488467262
0.0369233630952,0.0561988467262,0,1469738080329,0.0511067708333,1,44,946336,0.147972470238
