blue,green,groupId,received,red,sensorId,time1,time2,white
0.0256696428571,0.0350864955357,1,1469806880559,0.0347377232143,1,26,318007,0.101957775298
0.0183454241071,0.0220889136905,1,1469806880559,0.0223679315476,2,26,320062,0.0782877604167
0.0228329613095,0.0333891369048,1,1469806880559,0.0316917782738,3,26,322093,0.0933314732143
0.0255068824405,0.0327845982143,0,1469806880559,0.0281575520833,0,26,399399,0.0925874255952
0.0364350818452,0.0553850446429,0,1469806880559,0.0506417410714,1,26,401500,0.147391183036
0.0248790922619,0.03466796875,0,1469806880559,0.032970610119,2,26,403500,0.10595703125
0.0266694568452,0.0375046502976,0,1469806880559,0.0291341145833,3,26,405539,0.099376860119
0.034900483631,0.0508742559524,0,1469806880560,0.0456891741071,4,26,407612,0.140601748512
0.0252511160714,0.0363188244048,0,1469806880560,0.0326218377976,5,26,409696,0.0964006696429
0.0244838169643,0.0348772321429,0,1469806880560,0.0291341145833,6,26,411723,0.0934012276786
0.0354817708333,0.0470842633929,0,1469806880560,0.0424107142857,7,26,413759,0.133440290179
0.0271809895833,0.041248139881,1,1469806880560,0.0332961309524,0,26,416264,0.102725074405
0.0256928943452,0.0350864955357,1,1469806880560,0.0347377232143,1,26,418303,0.10205078125
0.0183686755952,0.0221354166667,1,1469806880560,0.0224144345238,2,26,420320,0.0784040178571
0.0229027157738,0.0335053943452,1,1469806880560,0.0318312872024,3,26,422332,0.0935872395833
0.0255068824405,0.0327845982143,0,1469806880738,0.0281575520833,0,26,499589,0.0926106770833
0.0364583333333,0.055408296131,0,1469806880738,0.0506649925595,1,26,501631,0.1474609375
0.02490234375,0.0346912202381,0,1469806880738,0.032970610119,2,26,503742,0.106003534226
0.0266462053571,0.0374581473214,0,1469806880738,0.0290876116071,3,26,505787,0.0992606026786
0.0349469866071,0.0508975074405,0,1469806880738,0.0457124255952,4,26,507791,0.140718005952
0.0252743675595,0.0363420758929,0,1469806880738,0.0326450892857,5,26,509801,0.0964704241071
0.0244605654762,0.0348307291667,0,1469806880738,0.0291108630952,6,26,511875,0.0933779761905
0.0354817708333,0.0470610119048,0,1469806880738,0.0423874627976,7,26,513892,0.13341703869
0.0272042410714,0.0412946428571,1,1469806880738,0.0333193824405,0,26,516577,0.102864583333
0.0257161458333,0.0351097470238,1,1469806880739,0.0347377232143,1,26,518591,0.102143787202
0.0183454241071,0.0221586681548,1,1469806880740,0.0224376860119,2,26,520626,0.0784505208333
0.0229957217262,0.0335751488095,1,1469806880740,0.031970796131,3,26,522657,0.0938430059524
0.0254836309524,0.0327613467262,0,1469806880740,0.0281343005952,0,26,599982,0.092540922619
0.0364583333333,0.055408296131,0,1469806880740,0.0506649925595,1,26,602036,0.1474609375
0.02490234375,0.0346912202381,0,1469806880741,0.032970610119,2,26,604123,0.106050037202
0.026599702381,0.0374116443452,0,1469806880741,0.029064360119,3,26,606162,0.0991908482143
0.0349934895833,0.0509207589286,0,1469806880847,0.0457589285714,4,26,608206,0.140787760417
0.0252743675595,0.0363420758929,0,1469806880847,0.0326683407738,5,26,610245,0.096447172619
0.0244605654762,0.0347842261905,0,1469806880847,0.0290876116071,6,26,612293,0.0933314732143
0.0354352678571,0.0470610119048,0,1469806880847,0.0423874627976,7,26,614345,0.133370535714
0.0272274925595,0.0413178943452,1,1469806880847,0.0333658854167,0,26,616827,0.103004092262
0.0257161458333,0.0351097470238,1,1469806880847,0.0347609747024,1,26,618863,0.102213541667
0.0183454241071,0.0221819196429,1,1469806880847,0.0224841889881,2,26,620888,0.0784737723214
0.0229957217262,0.0336216517857,1,1469806880847,0.0320870535714,3,26,622910,0.0940290178571
0.0254836309524,0.0327613467262,0,1469806880847,0.0281343005952,0,26,700115,0.092540922619
0.0364583333333,0.055431547619,0,1469806880847,0.0506649925595,1,26,702157,0.147507440476
0.02490234375,0.0347144717262,0,1469806880847,0.0329938616071,2,26,704273,0.106119791667
0.0265764508929,0.0373883928571,0,1469806880847,0.029064360119,3,26,706324,0.0991908482143
0.0349469866071,0.0508742559524,0,1469806880848,0.0457356770833,4,26,708345,0.140694754464
0.0252743675595,0.0363420758929,0,1469806880848,0.0326450892857,5,26,710373,0.0964006696429
0.0244605654762,0.0347609747024,0,1469806880848,0.0290876116071,6,26,712422,0.0933082217262
0.0354352678571,0.0470377604167,0,1469806880954,0.0423642113095,7,26,714470,0.133370535714
0.0272274925595,0.0413411458333,1,1469806880954,0.0333658854167,0,26,716924,0.103050595238
0.0257393973214,0.0351097470238,1,1469806880954,0.0347609747024,1,26,718936,0.102306547619
0.0183454241071,0.022205171131,1,1469806880954,0.0225306919643,2,26,720976,0.0785667782738
0.0230189732143,0.0336449032738,1,1469806880954,0.0322033110119,3,26,723003,0.09423828125
0.0254836309524,0.0327380952381,0,1469806880954,0.0281110491071,0,26,800285,0.092540922619
0.0364815848214,0.055431547619,0,1469806880954,0.0506882440476,1,26,802330,0.147553943452
0.02490234375,0.0346912202381,0,1469806880954,0.0329938616071,2,26,804352,0.106096540179
0.0265764508929,0.0373883928571,0,1469806880954,0.029064360119,3,26,806608,0.0991675967262
0.0349469866071,0.0508975074405,0,1469806880954,0.0457356770833,4,26,808709,0.140718005952
0.0252511160714,0.0363420758929,0,1469806880955,0.0326683407738,5,26,810762,0.096447172619
0.0244373139881,0.0347377232143,0,1469806880955,0.029041108631,6,26,812792,0.0932384672619
0.0354352678571,0.0470377604167,0,1469806880955,0.0423874627976,7,26,814823,0.133347284226
0.0272507440476,0.0413411458333,1,1469806880955,0.0333426339286,0,26,817317,0.103004092262
0.0257393973214,0.0351097470238,1,1469806880955,0.0347842261905,1,26,819347,0.102329799107
0.0183454241071,0.022205171131,1,1469806881134,0.0225074404762,2,26,821372,0.0785435267857
0.0230189732143,0.0336216517857,1,1469806881134,0.0322265625,3,26,823418,0.0943545386905
0.0254836309524,0.0327613467262,0,1469806881134,0.0281343005952,0,26,900452,0.092540922619
0.0364583333333,0.055408296131,0,1469806881134,0.0506649925595,1,26,902499,0.147507440476
0.02490234375,0.0346912202381,0,1469806881134,0.0329938616071,2,26,904554,0.106096540179
0.026599702381,0.0374348958333,0,1469806881134,0.029064360119,3,26,906585,0.0992140997024
0.0349702380952,0.0508742559524,0,1469806881134,0.0457356770833,4,26,908632,0.14074125744
0.0252743675595,0.0363420758929,0,1469806881134,0.0326683407738,5,26,910671,0.0964704241071
0.0244373139881,0.0347377232143,0,1469806881134,0.029041108631,6,26,912715,0.09326171875
0.0354585193452,0.0470377604167,0,1469806881134,0.0423874627976,7,26,914754,0.133370535714
0.0272042410714,0.0412946428571,1,1469806881134,0.0332961309524,0,26,917214,0.102841331845
0.0257393973214,0.0351097470238,1,1469806881134,0.0347609747024,1,26,919231,0.102306547619
0.018322172619,0.0221819196429,1,1469806881134,0.0225074404762,2,26,921335,0.0784737723214
0.0229957217262,0.0335984002976,1,1469806881134,0.0322033110119,3,26,923374,0.09423828125
0.0254836309524,0.0327613467262,0,1469806881134,0.0281343005952,0,27,629,0.092540922619
0.0364583333333,0.055408296131,0,1469806881244,0.0506882440476,1,27,2682,0.147530691964
0.02490234375,0.0346912202381,0,1469806881244,0.0329938616071,2,27,4716,0.10607328869
0.0266462053571,0.0375046502976,0,1469806881244,0.029064360119,3,27,6722,0.0992606026786
0.034900483631,0.0508510044643,0,1469806881244,0.045665922619,4,27,8731,0.140578497024
0.0252511160714,0.0363188244048,0,1469806881245,0.0326450892857,5,27,10748,0.0964006696429
0.0244140625,0.0347144717262,0,1469806881245,0.029041108631,6,27,12742,0.0932152157738
0.0354585193452,0.0470377604167,0,1469806881245,0.0424107142857,7,27,14760,0.13341703869
0.0272042410714,0.041271391369,1,1469806881245,0.0332961309524,0,27,17278,0.102771577381
0.0257393973214,0.0351097470238,1,1469806881245,0.0347609747024,1,27,19313,0.102260044643
0.0183686755952,0.022228422619,1,1469806881245,0.0225306919643,2,27,21344,0.0785435267857
0.0230189732143,0.0336449032738,1,1469806881245,0.0321800595238,3,27,23368,0.0942615327381
0.0254603794643,0.0327380952381,0,1469806881245,0.0281343005952,0,27,100799,0.092517671131
0.0364350818452,0.0553850446429,0,1469806881245,0.0506649925595,1,27,102853,0.147437686012
0.0248790922619,0.03466796875,0,1469806881245,0.032970610119,2,27,104913,0.106026785714
0.0267392113095,0.03759765625,0,1469806881245,0.0291573660714,3,27,106946,0.0994233630952
0.034900483631,0.0508510044643,0,1469806881245,0.045665922619,4,27,108976,0.140578497024
0.0252511160714,0.0363188244048,0,1469806881352,0.0326218377976,5,27,111009,0.0963774181548
0.0243908110119,0.0346912202381,0,1469806881352,0.0290178571429,6,27,113044,0.0931919642857
0.0354585193452,0.0470610119048,0,1469806881352,0.0424107142857,7,27,115075,0.13341703869
0.0271809895833,0.0412946428571,1,1469806881352,0.0333426339286,0,27,117539,0.102818080357
0.0257393973214,0.0351097470238,1,1469806881352,0.0347609747024,1,27,119555,0.102260044643
0.0183686755952,0.0222516741071,1,1469806881352,0.0225539434524,2,27,121667,0.0785435267857
0.0229957217262,0.0336216517857,1,1469806881352,0.0321568080357,3,27,123686,0.0941917782738
0.0254836309524,0.03271484375,0,1469806881352,0.0281343005952,0,27,200973,0.0924944196429
0.0364118303571,0.0553850446429,0,1469806881352,0.0506649925595,1,27,203028,0.14734468006
0.0248790922619,0.03466796875,0,1469806881352,0.032970610119,2,27,205070,0.10595703125
0.026134672619,0.0367373511905,0,1469806881352,0.02880859375,3,27,207085,0.09814453125
0.0347842261905,0.0507347470238,0,1469806881352,0.0455031622024,4,27,209171,0.140345982143
0.0252511160714,0.0363188244048,0,1469806881352,0.0326218377976,5,27,211222,0.0963774181548
0.0243675595238,0.0346447172619,0,1469806881352,0.0289946056548,6,27,213255,0.0930757068452
0.0354585193452,0.0470610119048,0,1469806881352,0.0424107142857,7,27,215292,0.13341703869
0.0271577380952,0.0413876488095,1,1469806881458,0.0335518973214,0,27,217787,0.103050595238
0.0257393973214,0.0351329985119,1,1469806881458,0.0347609747024,1,27,219814,0.102283296131
0.0183919270833,0.0222516741071,1,1469806881458,0.0225306919643,2,27,221841,0.07861328125
0.0229957217262,0.0336216517857,1,1469806881458,0.0321568080357,3,27,223944,0.0941917782738
0.0255068824405,0.0327613467262,0,1469806881458,0.028087797619,0,27,301141,0.0924246651786
0.0364350818452,0.055408296131,0,1469806881458,0.0506882440476,1,27,303194,0.1474609375
0.0248790922619,0.0346447172619,0,1469806881458,0.032970610119,2,27,305303,0.10595703125
0.026134672619,0.0365280877976,0,1469806881458,0.0286225818452,3,27,307338,0.0972609747024
0.0345982142857,0.05029296875,0,1469806881458,0.044921875,4,27,309362,0.139811197917
0.0252046130952,0.0362723214286,0,1469806881458,0.0325753348214,5,27,311392,0.0960751488095
0.0242745535714,0.034412202381,0,1469806881459,0.0287853422619,6,27,313435,0.0927501860119
0.0354817708333,0.0470842633929,0,1469806881459,0.0424107142857,7,27,315519,0.133463541667
0.0269949776786,0.0413876488095,1,1469806881459,0.0338076636905,0,27,317987,0.103306361607
0.0256928943452,0.0351329985119,1,1469806881459,0.0347377232143,1,27,320088,0.101957775298
0.018787202381,0.0224609375,1,1469806881459,0.0227864583333,2,27,322128,0.0799153645833
0.0229259672619,0.0335286458333,1,1469806881637,0.031970796131,3,27,324212,0.0938197544643
0.0255533854167,0.032947358631,0,1469806881637,0.0281110491071,0,27,401350,0.0923316592262
0.0364583333333,0.0553617931548,0,1469806881637,0.0506649925595,1,27,403387,0.147437686012
0.0248790922619,0.0346447172619,0,1469806881637,0.032970610119,2,27,405495,0.10595703125
0.026622953869,0.0374813988095,0,1469806881637,0.0289713541667,3,27,407531,0.0979352678571
0.0341331845238,0.0499209449405,0,1469806881637,0.0444800967262,4,27,409627,0.138718377976
0.0251813616071,0.0362490699405,0,1469806881637,0.0325753348214,5,27,411678,0.0960286458333
0.0241350446429,0.0341099330357,0,1469806881637,0.0285295758929,6,27,413708,0.0922386532738
0.0354585193452,0.0470377604167,0,1469806881637,0.0423642113095,7,27,415817,0.133347284226
0.0267857142857,0.041248139881,1,1469806881637,0.0338774181548,0,27,418299,0.103097098214
0.0255301339286,0.0350167410714,1,1469806881637,0.0345982142857,1,27,420329,0.101120721726
0.0192522321429,0.0227399553571,1,1469806881637,0.0230887276786,2,27,422356,0.0811244419643
0.0229957217262,0.0336216517857,1,1469806881637,0.0315755208333,3,27,424418,0.0930757068452
0.0256928943452,0.0330868675595,0,1469806881638,0.0282273065476,0,27,501495,0.0929594494048
0.0364118303571,0.0553152901786,0,1469806881638,0.0506184895833,1,27,503542,0.147298177083
0.0249255952381,0.0347377232143,0,1469806881744,0.0329938616071,2,27,505624,0.106119791667
0.0269484747024,0.0382719494048,0,1469806881744,0.0293201264881,3,27,507633,0.0990280877976
0.0337844122024,0.0498046875,0,1469806881744,0.0450613839286,4,27,509629,0.137183779762
0.0251813616071,0.0362490699405,0,1469806881744,0.0325753348214,5,27,511638,0.0960286458333
0.0240885416667,0.0339936755952,0,1469806881744,0.0284365699405,6,27,513733,0.092029389881
0.0354352678571,0.0469912574405,0,1469806881744,0.0423409598214,7,27,515758,0.133231026786
0.0268322172619,0.0412248883929,1,1469806881744,0.0337379092262,0,27,518223,0.103562127976
0.0253673735119,0.034900483631,1,1469806881744,0.0344819568452,1,27,520263,0.100446428571
0.0192522321429,0.0227399553571,1,1469806881744,0.0230887276786,2,27,522295,0.0811244419643
0.0230189732143,0.0337611607143,1,1469806881744,0.0312732514881,3,27,524342,0.0923549107143
0.025646391369,0.0331566220238,0,1469806881744,0.0286923363095,0,27,601737,0.0933547247024
0.0364350818452,0.0553385416667,0,1469806881744,0.0506184895833,1,27,603808,0.1474609375
0.0249720982143,0.0347842261905,0,1469806881744,0.0330868675595,2,27,605921,0.106375558036
0.0272274925595,0.0388997395833,0,1469806881744,0.0296456473214,3,27,608034,0.10009765625
0.0345284598214,0.0503859747024,0,1469806881744,0.0451311383929,4,27,610075,0.13720703125
0.0252278645833,0.0362723214286,0,1469806881851,0.0326218377976,5,27,612106,0.0962611607143
0.0241117931548,0.0339936755952,0,1469806881851,0.0284830729167,6,27,614205,0.0921456473214
0.035388764881,0.0469680059524,0,1469806881851,0.0423409598214,7,27,616245,0.133138020833
0.0270414806548,0.0413178943452,1,1469806881851,0.0337146577381,0,27,618715,0.103934151786
0.0253208705357,0.0347842261905,1,1469806881851,0.0344587053571,1,27,620744,0.100330171131
0.0193917410714,0.0228097098214,1,1469806881851,0.0232282366071,2,27,622770,0.0814964657738
0.02294921875,0.0337146577381,1,1469806881851,0.0310639880952,3,27,624819,0.091796875
0.0254836309524,0.032947358631,0,1469806881851,0.0279947916667,0,27,701858,0.0923084077381
0.0365048363095,0.0554547991071,0,1469806881851,0.0507347470238,1,27,704070,0.14783296131
0.0249953497024,0.0348074776786,0,1469806881851,0.0331333705357,2,27,706112,0.106584821429
0.0274135044643,0.039318266369,0,1469806881851,0.0298781622024,3,27,708150,0.100911458333
0.0349469866071,0.0509207589286,0,1469806881851,0.0458984375,4,27,710162,0.140415736607
0.0252278645833,0.0362723214286,0,1469806881851,0.0326218377976,5,27,712219,0.0962611607143
0.0242047991071,0.0341796875,0,1469806881852,0.0287155877976,6,27,714321,0.092540922619
0.0353190104167,0.0468982514881,0,1469806881852,0.0423177083333,7,27,716338,0.132975260417
0.0272972470238,0.0414806547619,1,1469806881958,0.0338076636905,0,27,718796,0.104794456845
0.025390625,0.0348539806548,1,1469806881958,0.0344819568452,1,27,720847,0.100632440476
0.0191359747024,0.0226004464286,1,1469806881958,0.0230189732143,2,27,722879,0.0806594122024
0.0228097098214,0.033458891369,1,1469806881958,0.0309709821429,3,27,724917,0.0916806175595
0.0252511160714,0.03271484375,0,1469806881958,0.0277855282738,0,27,802014,0.091564360119
0.0365280877976,0.0554547991071,0,1469806881958,0.0507579985119,1,27,804132,0.147925967262
0.0249255952381,0.0347144717262,0,1469806881958,0.0330171130952,2,27,806177,0.106259300595
0.0275530133929,0.0395275297619,0,1469806881958,0.0299711681548,3,27,808229,0.101492745536
0.0351795014881,0.0511765252976,0,1469806881958,0.0461077008929,4,27,810257,0.141322544643
0.0252278645833,0.0362955729167,0,1469806881958,0.0325985863095,5,27,812293,0.0963076636905
0.0242047991071,0.0341796875,0,1469806881958,0.0287155877976,6,27,814349,0.092540922619
0.0352957589286,0.0468982514881,0,1469806881959,0.0423177083333,7,27,816383,0.13292875744
0.0274367559524,0.04150390625,1,1469806881959,0.0338309151786,0,27,818847,0.105259486607
0.0254603794643,0.0348307291667,1,1469806881959,0.0344819568452,1,27,820871,0.100934709821
0.0186476934524,0.022228422619,1,1469806881959,0.0226004464286,2,27,822898,0.0792643229167
0.0225539434524,0.0330636160714,1,1469806882138,0.031017485119,3,27,824981,0.0918666294643
0.0253673735119,0.03271484375,0,1469806882138,0.0281110491071,0,27,902193,0.0923084077381
0.0365048363095,0.055431547619,0,1469806882138,0.0507579985119,1,27,904336,0.147879464286
0.0249255952381,0.0347144717262,0,1469806882138,0.0329938616071,2,27,906375,0.106212797619
0.027576264881,0.0394577752976,0,1469806882138,0.0299014136905,3,27,908392,0.101585751488
0.0351795014881,0.0511765252976,0,1469806882138,0.0461077008929,4,27,910412,0.141392299107
0.0252278645833,0.0362955729167,0,1469806882138,0.0326218377976,5,27,912462,0.0963076636905
0.0242978050595,0.0343889508929,0,1469806882138,0.0288550967262,6,27,914507,0.0928664434524
0.0353422619048,0.0469447544643,0,1469806882138,0.0423642113095,7,27,916504,0.133091517857
0.0274367559524,0.04150390625,1,1469806882138,0.0338309151786,0,27,918952,0.105259486607
0.0255068824405,0.0348307291667,1,1469806882138,0.0345517113095,1,27,921044,0.101353236607
0.0182059151786,0.0219261532738,1,1469806882138,0.022205171131,2,27,923096,0.0780319940476
0.0221819196429,0.0325055803571,1,1469806882138,0.0309244791667,3,27,925132,0.0913783482143
0.0255301339286,0.0329938616071,0,1469806882138,0.0285993303571,0,28,2363,0.0936802455357
0.036388578869,0.0552455357143,0,1469806882138,0.0505952380952,1,28,4446,0.147391183036
0.0249255952381,0.0347144717262,0,1469806882245,0.0330171130952,2,28,6465,0.106119791667
0.0275065104167,0.0393415178571,0,1469806882245,0.02978515625,3,28,8470,0.101353236607
0.0351097470238,0.0510602678571,0,1469806882245,0.0460611979167,4,28,10459,0.141183035714
0.0251813616071,0.0362258184524,0,1469806882245,0.0325520833333,5,28,12467,0.09619140625
0.0243675595238,0.0345517113095,0,1469806882245,0.0289248511905,6,28,14490,0.093029203869
0.035412016369,0.0470145089286,0,1469806882245,0.0424572172619,7,28,16512,0.133370535714
0.0273902529762,0.0413876488095,1,1469806882245,0.0337379092262,0,28,18983,0.105073474702
0.0255998883929,0.034900483631,1,1469806882245,0.0346447172619,1,28,21009,0.101748511905
0.0178803943452,0.0216471354167,1,1469806882245,0.0218796502976,2,28,23033,0.0769624255952
0.0219261532738,0.0321335565476,1,1469806882245,0.0309477306548,3,28,25093,0.0912155877976
0.0257161458333,0.0331798735119,0,1469806882245,0.0286458333333,0,28,102540,0.0934709821429
0.0361560639881,0.054943266369,0,1469806882245,0.0503394717262,1,28,104619,0.146391369048
0.0248093377976,0.0345982142857,0,1469806882245,0.032947358631,2,28,106658,0.105538504464
0.0274600074405,0.039295014881,0,1469806882245,0.0298084077381,3,28,108680,0.101329985119
0.0349934895833,0.0509207589286,0,1469806882245,0.0459216889881,4,28,110698,0.140578497024
0.025158110119,0.0361328125,0,1469806882351,0.032482328869,5,28,112760,0.0960286458333
0.0244140625,0.0346447172619,0,1469806882352,0.0289713541667,6,28,114803,0.0931687127976
0.0354817708333,0.0470610119048,0,1469806882352,0.0424572172619,7,28,116814,0.133510044643
0.0272507440476,0.0411551339286,1,1469806882352,0.0335053943452,0,28,119277,0.104306175595
0.0256928943452,0.0349702380952,1,1469806882352,0.0347144717262,1,28,121369,0.102190290179
0.0173921130952,0.0210425967262,1,1469806882352,0.0214378720238,2,28,123388,0.075427827381
0.0220424107143,0.0322963169643,1,1469806882352,0.0313430059524,3,28,125471,0.0923549107143
0.0254603794643,0.0329008556548,0,1469806882352,0.0283668154762,0,28,202724,0.0927501860119
0.0360863095238,0.0548735119048,0,1469806882352,0.05029296875,1,28,204809,0.146089099702
0.0247163318452,0.0344819568452,0,1469806882352,0.0328543526786,2,28,206840,0.105236235119
0.0272972470238,0.038806733631,0,1469806882352,0.0295758928571,3,28,208866,0.100678943452
0.0348539806548,0.0509440104167,0,1469806882352,0.0458519345238,4,28,210894,0.140299479167
0.0251813616071,0.0362025669643,0,1469806882352,0.0325520833333,5,28,212927,0.0961449032738
0.0245070684524,0.0348074776786,0,1469806882352,0.0289946056548,6,28,214956,0.0933314732143
0.0354817708333,0.0470610119048,0,1469806882352,0.0424339657738,7,28,217000,0.133486793155
0.0272042410714,0.0409923735119,1,1469806882459,0.0332263764881,0,28,219459,0.103538876488
0.0256928943452,0.0350399925595,1,1469806882459,0.0347377232143,1,28,221510,0.102213541667
0.0174618675595,0.0212983630952,1,1469806882459,0.0215308779762,2,28,223523,0.0756138392857
0.0223214285714,0.0326683407738,1,1469806882459,0.0316452752976,3,28,225581,0.0933314732143
0.0252976190476,0.0326218377976,0,1469806882459,0.0281110491071,0,28,302905,0.0921223958333
0.0362025669643,0.0550130208333,0,1469806882459,0.0503859747024,1,28,304996,0.146484375
0.0247395833333,0.0344819568452,0,1469806882459,0.0328543526786,2,28,307034,0.105329241071
0.0272507440476,0.0383882068452,0,1469806882459,0.0294363839286,3,28,309057,0.100376674107
0.0347609747024,0.0509207589286,0,1469806882459,0.0458519345238,4,28,311081,0.140485491071
0.0252278645833,0.0362955729167,0,1469806882459,0.0326218377976,5,28,313140,0.0963541666667
0.0244605654762,0.0347842261905,0,1469806882459,0.029041108631,6,28,315166,0.0933314732143
0.0354352678571,0.0470145089286,0,1469806882459,0.0423642113095,7,28,317179,0.13330078125
0.0271344866071,0.0410388764881,1,1469806882459,0.033203125,0,28,319649,0.102980840774
0.0255766369048,0.0349934895833,1,1469806882460,0.03466796875,1,28,321744,0.101609002976
0.0182291666667,0.0218796502976,1,1469806882460,0.022228422619,2,28,323783,0.0782412574405
0.0225539434524,0.0330171130952,1,1469806882644,0.0314127604167,3,28,325890,0.0926804315476
0.0253208705357,0.0328078497024,0,1469806882644,0.0281343005952,0,28,403075,0.092029389881
0.0362490699405,0.0550595238095,0,1469806882644,0.0504324776786,1,28,405153,0.146693638393
0.0247860863095,0.0345284598214,0,1469806882645,0.0329008556548,2,28,407177,0.10558500744
0.02734375,0.0388997395833,0,1469806882645,0.0295758928571,3,28,409255,0.100678943452
0.0348539806548,0.0508510044643,0,1469806882645,0.0458519345238,4,28,411367,0.139834449405
0.0252046130952,0.0362258184524,0,1469806882645,0.0325753348214,5,28,413413,0.0962379092262
0.0242978050595,0.0344587053571,0,1469806882645,0.0288550967262,6,28,415507,0.0928664434524
0.0353655133929,0.0469447544643,0,1469806882646,0.0423409598214,7,28,417542,0.133138020833
0.0269252232143,0.0408993675595,1,1469806882646,0.0332496279762,0,28,420007,0.102887834821
0.0254836309524,0.034923735119,1,1469806882646,0.0345749627976,1,28,422031,0.101004464286
0.0186476934524,0.0220191592262,1,1469806882647,0.0225771949405,2,28,424204,0.079334077381
0.0226236979167,0.0331566220238,1,1469806882647,0.0312267485119,3,28,426249,0.0919131324405
0.025390625,0.0329008556548,0,1469806882647,0.0282273065476,0,28,503254,0.0920061383929
0.0363420758929,0.05517578125,0,1469806882647,0.050525483631,1,28,505460,0.147135416667
0.0248093377976,0.0345982142857,0,1469806882748,0.032970610119,2,28,507454,0.105701264881
0.02734375,0.0389927455357,0,1469806882748,0.0295991443452,3,28,509459,0.10070219494
0.0349702380952,0.0509440104167,0,1469806882748,0.0459449404762,4,28,511456,0.140601748512
0.025158110119,0.0361560639881,0,1469806882748,0.0325055803571,5,28,513491,0.0960518973214
0.0242047991071,0.0342494419643,0,1469806882748,0.0286923363095,6,28,515561,0.0925641741071
0.0352957589286,0.046875,0,1469806882748,0.0423177083333,7,28,517572,0.132975260417
0.0268787202381,0.0409226190476,1,1469806882748,0.0334123883929,0,28,520123,0.103259858631
0.0254836309524,0.034923735119,1,1469806882748,0.0345749627976,1,28,522169,0.101027715774
0.0189964657738,0.0224376860119,1,1469806882748,0.0228794642857,2,28,524410,0.0804268973214
0.0225771949405,0.0331101190476,1,1469806882748,0.0312034970238,3,28,526447,0.0916108630952
0.025390625,0.0328311011905,0,1469806882748,0.0283203125,0,28,603415,0.0925874255952
0.0364583333333,0.0553617931548,0,1469806882748,0.0506882440476,1,28,605544,0.147693452381
0.0248790922619,0.03466796875,0,1469806882748,0.0329938616071,2,28,607583,0.105933779762
0.0274135044643,0.0391555059524,0,1469806882748,0.0296921502976,3,28,609630,0.100888206845
0.03515625,0.0511300223214,0,1469806882748,0.0461077008929,4,28,611647,0.141252790179
0.0251813616071,0.0362258184524,0,1469806882748,0.0325520833333,5,28,613692,0.0961681547619
0.024181547619,0.0341796875,0,1469806882855,0.0286458333333,6,28,615739,0.0924944196429
0.0352957589286,0.046875,0,1469806882855,0.0423177083333,7,28,617847,0.132905505952
0.0270182291667,0.0411783854167,1,1469806882855,0.0336449032738,0,28,620324,0.104073660714
0.0255068824405,0.034923735119,1,1469806882855,0.0345749627976,1,28,622363,0.101167224702
0.0189499627976,0.0225306919643,1,1469806882855,0.0229027157738,2,28,624413,0.0804036458333
0.0227399553571,0.0333193824405,1,1469806882855,0.0314592633929,3,28,626452,0.0924944196429
0.0253208705357,0.0326218377976,0,1469806882855,0.0283435639881,0,28,703609,0.0924479166667
0.0365048363095,0.055431547619,0,1469806882855,0.0507347470238,1,28,705743,0.14783296131
0.0249255952381,0.0347144717262,0,1469806882855,0.0329938616071,2,28,707778,0.106096540179
0.0275297619048,0.0393880208333,0,1469806882855,0.0298316592262,3,28,709805,0.101283482143
0.0352260044643,0.0511997767857,0,1469806882855,0.046130952381,4,28,711868,0.141415550595
0.0252278645833,0.0362723214286,0,1469806882855,0.0325985863095,5,28,714024,0.0963309151786
0.024181547619,0.0342029389881,0,1469806882855,0.0287388392857,6,28,716067,0.0925641741071
0.0352957589286,0.046875,0,1469806882855,0.0423177083333,7,28,718070,0.132905505952
0.0272507440476,0.0413876488095,1,1469806882855,0.0337611607143,0,28,720546,0.104840959821
0.0255068824405,0.0348539806548,1,1469806882962,0.0345284598214,1,28,722586,0.101143973214
0.0186941964286,0.0223679315476,1,1469806882962,0.0227399553571,2,28,724625,0.0797061011905
0.0226702008929,0.033203125,1,1469806882962,0.0315755208333,3,28,726653,0.0927501860119
0.0252743675595,0.0325753348214,0,1469806882963,0.0282738095238,0,28,803765,0.0923781622024
0.0364815848214,0.055408296131,0,1469806882963,0.0507347470238,1,28,805917,0.14783296131
0.02490234375,0.03466796875,0,1469806882963,0.032970610119,2,28,808032,0.106026785714
0.027576264881,0.0394810267857,0,1469806882963,0.0298549107143,3,28,810067,0.101469494048
0.03515625,0.0511532738095,0,1469806882963,0.0460844494048,4,28,812089,0.141276041667
0.0252046130952,0.0362490699405,0,1469806882963,0.0325753348214,5,28,814185,0.0962379092262
0.0242280505952,0.0343424479167,0,1469806882963,0.0288550967262,6,28,816250,0.0927734375
0.0352957589286,0.046875,0,1469806882963,0.0423409598214,7,28,818264,0.132882254464
0.0273670014881,0.0414109002976,1,1469806882963,0.0337611607143,0,28,820738,0.10509672619
0.0255301339286,0.0348539806548,1,1469806882963,0.0345517113095,1,28,822770,0.101376488095
0.0184384300595,0.0221819196429,1,1469806882963,0.0225074404762,2,28,824803,0.0789620535714
0.0223214285714,0.0326915922619,1,1469806882964,0.0313895089286,3,28,826843,0.0919131324405
0.0254603794643,0.0328311011905,0,1469806883142,0.0286458333333,0,28,904089,0.0933314732143
0.0363420758929,0.0551990327381,0,1469806883142,0.050548735119,1,28,906167,0.147205171131
0.02490234375,0.0346912202381,0,1469806883142,0.0329938616071,2,28,908200,0.106026785714
0.0275297619048,0.0394112723214,0,1469806883142,0.0298084077381,3,28,910217,0.101329985119
0.0351329985119,0.051037016369,0,1469806883142,0.0460379464286,4,28,912282,0.141066778274
0.025134858631,0.0361560639881,0,1469806883142,0.032482328869,5,28,914345,0.0960286458333
0.0242978050595,0.0344587053571,0,1469806883142,0.0289015997024,6,28,916349,0.0928896949405
0.0353422619048,0.0469215029762,0,1469806883142,0.0423874627976,7,28,918350,0.133138020833
0.0273204985119,0.041248139881,1,1469806883142,0.0336216517857,0,28,921014,0.104747953869
0.025623139881,0.034900483631,1,1469806883143,0.03466796875,1,28,923085,0.101911272321
0.017833891369,0.0216006324405,1,1469806883143,0.0220191592262,2,28,925140,0.0771251860119
0.0223214285714,0.0326915922619,1,1469806883143,0.0313895089286,3,28,927155,0.0919131324405
0.0257161458333,0.0331798735119,0,1469806883143,0.0285993303571,0,29,4191,0.0935872395833
0.0360863095238,0.0548270089286,0,1469806883143,0.0502697172619,1,29,6235,0.146019345238
0.0248093377976,0.0345982142857,0,1469806883143,0.032970610119,2,29,8281,0.105608258929
0.0274600074405,0.039295014881,0,1469806883249,0.0297619047619,3,29,10288,0.101260230655
0.034923735119,0.0509440104167,0,1469806883249,0.0458751860119,4,29,12286,0.14013671875
0.025158110119,0.0361560639881,0,1469806883249,0.0325288318452,5,29,14373,0.0960984002976
0.0244140625,0.03466796875,0,1469806883249,0.0289713541667,6,29,16394,0.0931687127976
0.0354352678571,0.0470610119048,0,1469806883249,0.04248046875,7,29,18424,0.133510044643
0.0272507440476,0.0410388764881,1,1469806883249,0.0333193824405,0,29,20903,0.10412016369
0.0257626488095,0.0350399925595,1,1469806883249,0.0347842261905,1,29,22936,0.102701822917
0.0171595982143,0.0210658482143,1,1469806883249,0.0213681175595,2,29,25252,0.0746837797619
0.0221354166667,0.032459077381,1,1469806883249,0.0316452752976,3,29,27307,0.0926106770833
0.0254836309524,0.0329008556548,0,1469806883249,0.0283900669643,0,29,104395,0.0929361979167
0.0362258184524,0.0551060267857,0,1469806883249,0.0504557291667,1,29,106458,0.146623883929
0.0247163318452,0.0344819568452,0,1469806883249,0.0328543526786,2,29,108488,0.105236235119
0.0271577380952,0.0381789434524,0,1469806883249,0.0293666294643,3,29,110515,0.100283668155
0.034923735119,0.0509672619048,0,1469806883249,0.0458751860119,4,29,112563,0.14013671875
0.0252511160714,0.0362955729167,0,1469806883249,0.0326218377976,5,29,114624,0.0964006696429
0.0245070684524,0.034900483631,0,1469806883357,0.0290876116071,6,29,116641,0.0933779761905
0.0355050223214,0.047107514881,0,1469806883357,0.0424572172619,7,29,118648,0.133579799107
0.0272739955357,0.0410621279762,1,1469806883357,0.0331101190476,0,29,121139,0.103469122024
0.0258091517857,0.0351097470238,1,1469806883357,0.0348074776786,1,29,123181,0.102934337798
0.0176478794643,0.0216238839286,1,1469806883357,0.0217866443452,2,29,125230,0.0765206473214
0.0222749255952,0.0326450892857,1,1469806883357,0.0320638020833,3,29,127239,0.0940755208333
0.0253208705357,0.0326218377976,0,1469806883357,0.0281110491071,0,29,204481,0.0922154017857
0.0364815848214,0.0554780505952,0,1469806883357,0.0507347470238,1,29,206538,0.147646949405
0.0248325892857,0.0345982142857,0,1469806883357,0.032947358631,2,29,208592,0.105747767857
0.0267857142857,0.0375511532738,0,1469806883357,0.0291341145833,3,29,210628,0.0997023809524
0.034923735119,0.0509672619048,0,1469806883357,0.0457821800595,4,29,212655,0.140718005952
0.0252976190476,0.036388578869,0,1469806883357,0.0326683407738,5,29,214703,0.0965169270833
0.0244140625,0.0347609747024,0,1469806883357,0.0291108630952,6,29,216734,0.0932384672619
0.0354817708333,0.0470842633929,0,1469806883357,0.0424339657738,7,29,218748,0.133556547619
0.0272972470238,0.0412248883929,1,1469806883357,0.0333193824405,0,29,221222,0.103515625
0.0257859002976,0.03515625,1,1469806883465,0.0348074776786,1,29,223248,0.102585565476
0.0180431547619,0.0218796502976,1,1469806883465,0.0220889136905,2,29,225286,0.0777994791667
0.0223446800595,0.0326915922619,1,1469806883465,0.0318080357143,3,29,227327,0.0938197544643
0.025390625,0.0326915922619,0,1469806883465,0.0280412946429,0,29,304669,0.0921688988095
0.0365745907738,0.0555943080357,0,1469806883465,0.0508510044643,1,29,306734,0.148018973214
0.0249488467262,0.0347609747024,0,1469806883465,0.0330636160714,2,29,308763,0.106305803571
0.0269717261905,0.0378069196429,0,1469806883465,0.0292038690476,3,29,310784,0.0999348958333
0.0351097470238,0.0510835193452,0,1469806883465,0.0459216889881,4,29,312810,0.14111328125
0.0252976190476,0.0364118303571,0,1469806883465,0.0326915922619,5,29,314847,0.0965634300595
0.0243675595238,0.0346912202381,0,1469806883465,0.029064360119,6,29,316862,0.0931454613095
0.0354585193452,0.0470377604167,0,1469806883465,0.0423874627976,7,29,318873,0.13341703869
0.0273902529762,0.0413643973214,1,1469806883465,0.0335751488095,0,29,321408,0.104585193452
0.0257626488095,0.0351795014881,1,1469806883465,0.0347842261905,1,29,323443,0.102376302083
0.0180431547619,0.0218796502976,1,1469806883465,0.0220889136905,2,29,325536,0.0777994791667
0.0223679315476,0.0327613467262,1,1469806883465,0.0315987723214,3,29,327565,0.0933779761905
0.0254371279762,0.0327380952381,0,1469806883643,0.028064546131,0,29,404847,0.0923084077381
0.0365978422619,0.0555943080357,0,1469806883643,0.0508277529762,1,29,406921,0.148111979167
0.0249488467262,0.0347842261905,0,1469806883643,0.0330868675595,2,29,408976,0.106422061012
0.0269484747024,0.0377836681548,0,1469806883643,0.0292038690476,3,29,411013,0.099841889881
0.0351329985119,0.0512462797619,0,1469806883643,0.0459914434524,4,29,413042,0.141183035714
0.0252976190476,0.0364118303571,0,1469806883643,0.0326915922619,5,29,415090,0.0965401785714
0.0243675595238,0.0347144717262,0,1469806883643,0.029064360119,6,29,417123,0.0931222098214
0.0354352678571,0.0470610119048,0,1469806883643,0.0423874627976,7,29,419147,0.133440290179
0.0273204985119,0.041271391369,1,1469806883643,0.0335286458333,0,29,421625,0.104468936012
0.0257626488095,0.0351795014881,1,1469806883643,0.0347842261905,1,29,423656,0.102376302083
0.0181594122024,0.0219494047619,1,1469806883643,0.0221586681548,2,29,425703,0.0781017485119
0.0223214285714,0.0326915922619,1,1469806883643,0.031482514881,3,29,427731,0.0931687127976
0.0254603794643,0.0327613467262,0,1469806883643,0.028087797619,0,29,505020,0.0924014136905
0.0365978422619,0.0555943080357,0,1469806883644,0.0508277529762,1,29,507116,0.148111979167
0.0249488467262,0.0347609747024,0,1469806883644,0.0330636160714,2,29,509139,0.106352306548
0.0269252232143,0.0377139136905,0,1469806883750,0.0291573660714,3,29,511456,0.0997256324405
0.03515625,0.0512927827381,0,1469806883750,0.0460146949405,4,29,513518,0.141252790179
0.0252976190476,0.036388578869,0,1469806883750,0.0326683407738,5,29,515577,0.0965401785714
0.0243675595238,0.0347377232143,0,1469806883750,0.029064360119,6,29,517604,0.0931687127976
0.0354585193452,0.0470842633929,0,1469806883750,0.0424107142857,7,29,519635,0.133463541667
0.02734375,0.0412946428571,1,1469806883750,0.0335751488095,0,29,522148,0.104585193452
0.0257626488095,0.03515625,1,1469806883750,0.0347842261905,1,29,524258,0.102353050595
0.0181594122024,0.0219494047619,1,1469806883750,0.0221586681548,2,29,526296,0.0781715029762
0.0223214285714,0.0326450892857,1,1469806883750,0.0314592633929,3,29,528361,0.0931687127976
0.0254836309524,0.0327613467262,0,1469806883750,0.028087797619,0,29,605191,0.0924246651786
0.0365978422619,0.0556175595238,0,1469806883750,0.0508742559524,1,29,607250,0.148158482143
0.0249720982143,0.0347842261905,0,1469806883750,0.0330636160714,2,29,609277,0.106375558036
0.02685546875,0.0376441592262,0,1469806883750,0.0291108630952,3,29,611308,0.0995396205357
0.03515625,0.0512927827381,0,1469806883750,0.0460611979167,4,29,613341,0.141276041667
0.0252976190476,0.036388578869,0,1469806883750,0.0326683407738,5,29,615436,0.0964936755952
0.0243675595238,0.0347377232143,0,1469806883856,0.029064360119,6,29,617533,0.0931454613095
0.0354585193452,0.0470842633929,0,1469806883856,0.0424339657738,7,29,619558,0.133510044643
0.0273204985119,0.0413178943452,1,1469806883856,0.0335984002976,0,29,622040,0.1044921875
0.0257393973214,0.03515625,1,1469806883856,0.0347842261905,1,29,624192,0.102353050595
0.0181361607143,0.0219261532738,1,1469806883856,0.0221354166667,2,29,626246,0.0780552455357
0.0222749255952,0.0326218377976,1,1469806883856,0.0314592633929,3,29,628276,0.0931919642857
0.0255068824405,0.0327845982143,0,1469806883857,0.028087797619,0,29,705362,0.0924711681548
0.0365745907738,0.0556175595238,0,1469806883857,0.0508277529762,1,29,707440,0.14806547619
0.0249720982143,0.0347842261905,0,1469806883857,0.0330636160714,2,29,709453,0.106352306548
0.0268322172619,0.03759765625,0,1469806883857,0.0291108630952,3,29,711467,0.0994698660714
0.0350864955357,0.0512230282738,0,1469806883857,0.0459681919643,4,29,713557,0.141136532738
0.0252743675595,0.036388578869,0,1469806883857,0.0326683407738,5,29,715596,0.0964704241071
0.0244140625,0.0347842261905,0,1469806883857,0.0290876116071,6,29,717617,0.0932384672619
0.0354817708333,0.047107514881,0,1469806883857,0.0424572172619,7,29,719629,0.133579799107
0.0272739955357,0.0412946428571,1,1469806883857,0.0335518973214,0,29,722127,0.10437593006
0.0257626488095,0.03515625,1,1469806883963,0.0347842261905,1,29,724245,0.102469308036
0.0179734002976,0.0217866443452,1,1469806883963,0.0219959077381,2,29,726277,0.0775669642857
0.0222516741071,0.0325520833333,1,1469806883963,0.0314592633929,3,29,728362,0.09326171875
0.0255068824405,0.0328078497024,0,1469806883963,0.0281110491071,0,29,805562,0.0925641741071
0.0365978422619,0.0555943080357,0,1469806883963,0.0508510044643,1,29,807621,0.148088727679
0.0249720982143,0.0347842261905,0,1469806883963,0.0330636160714,2,29,809659,0.106375558036
0.0268322172619,0.03759765625,0,1469806883963,0.0291341145833,3,29,811683,0.0995163690476
0.0351329985119,0.05126953125,0,1469806883963,0.0460146949405,4,29,813715,0.141183035714
0.0252976190476,0.0364118303571,0,1469806883964,0.0326915922619,5,29,815758,0.0965401785714
0.0244373139881,0.0348074776786,0,1469806883964,0.0291108630952,6,29,817831,0.09326171875
0.0355050223214,0.047107514881,0,1469806883964,0.0424572172619,7,29,819858,0.133626302083
0.0272972470238,0.0413178943452,1,1469806883964,0.0335984002976,0,29,822343,0.104422433036
0.0257859002976,0.0351795014881,1,1469806883964,0.0348074776786,1,29,824435,0.102585565476
0.017810639881,0.0216703869048,1,1469806883964,0.0218796502976,2,29,826468,0.0770321800595
0.022205171131,0.0325055803571,1,1469806883964,0.0314592633929,3,29,828503,0.0933082217262
0.0255301339286,0.0328311011905,0,1469806884143,0.0281110491071,0,29,905729,0.0926106770833
0.0365745907738,0.0555943080357,0,1469806884144,0.0508277529762,1,29,907800,0.148042224702
0.0249720982143,0.0347842261905,0,1469806884144,0.0330636160714,2,29,909806,0.106375558036
0.0268322172619,0.0375744047619,0,1469806884144,0.0291341145833,3,29,911838,0.0995163690476
0.0351329985119,0.0512462797619,0,1469806884144,0.0460146949405,4,29,913928,0.14122953869
0.0252976190476,0.0364118303571,0,1469806884144,0.0326915922619,5,29,916029,0.0965634300595
0.0244605654762,0.0348772321429,0,1469806884144,0.0291341145833,6,29,918013,0.0933547247024
0.0355282738095,0.047130766369,0,1469806884144,0.0424572172619,7,29,920054,0.133649553571
0.0273204985119,0.0413643973214,1,1469806884145,0.0336216517857,0,29,922666,0.104422433036
0.0258091517857,0.0351795014881,1,1469806884145,0.0348307291667,1,29,924727,0.10265531994
0.0177176339286,0.0216006324405,1,1469806884145,0.0218098958333,2,29,926755,0.07666015625
0.022228422619,0.0325055803571,1,1469806884145,0.031505766369,3,29,928800,0.0934012276786
0.0255068824405,0.0328078497024,0,1469806884145,0.0281110491071,0,30,5938,0.0926106770833
0.0365978422619,0.0555943080357,0,1469806884145,0.0508277529762,1,30,8019,0.148088727679
0.0249720982143,0.0347842261905,0,1469806884145,0.0330636160714,2,30,10066,0.106398809524
0.0268322172619,0.03759765625,0,1469806884251,0.0291341145833,3,30,12061,0.0995861235119
0.0351329985119,0.0512230282738,0,1469806884251,0.0459914434524,4,30,14147,0.141183035714
0.0252976190476,0.036388578869,0,1469806884251,0.0326915922619,5,30,16262,0.0965401785714
0.0244605654762,0.0348539806548,0,1469806884251,0.0291341145833,6,30,18280,0.0933314732143
0.0355050223214,0.047107514881,0,1469806884251,0.0424339657738,7,30,20286,0.133603050595
0.0272972470238,0.0413411458333,1,1469806884251,0.0335984002976,0,30,22764,0.10437593006
0.0257859002976,0.0351795014881,1,1469806884251,0.0348307291667,1,30,24822,0.10265531994
0.0176711309524,0.0215541294643,1,1469806884251,0.0217633928571,2,30,26860,0.0764973958333
0.022205171131,0.032482328869,1,1469806884251,0.031482514881,3,30,28882,0.0934244791667
0.0255301339286,0.0328078497024,0,1469806884251,0.028087797619,0,30,106155,0.0925874255952
0.0365745907738,0.0555710565476,0,1469806884251,0.0508045014881,1,30,108224,0.147995721726
0.0249720982143,0.0347842261905,0,1469806884251,0.0330636160714,2,30,110255,0.106398809524
0.0268322172619,0.0375744047619,0,1469806884251,0.0291341145833,3,30,112357,0.0995628720238
0.03515625,0.05126953125,0,1469806884252,0.0460379464286,4,30,114410,0.141252790179
0.0252976190476,0.0364118303571,0,1469806884252,0.03271484375,5,30,116416,0.0965866815476
