blue,green,groupId,received,red,sensorId,time1,time2,white
0.0355980282738,0.0472237723214,0,1469806869635,0.0425269717262,7,15,394238,0.133928571429
0.0272507440476,0.0413411458333,1,1469806869635,0.033458891369,0,15,396732,0.103515625
0.0260184151786,0.0353422619048,1,1469806869635,0.0350167410714,1,15,398791,0.104166666667
0.0176943824405,0.0217866443452,1,1469806869635,0.0218098958333,2,15,400806,0.0762183779762
0.0226236979167,0.0331101190476,1,1469806869635,0.0324125744048,3,15,402814,0.0948660714286
0.0254836309524,0.0328311011905,0,1469806869635,0.0281110491071,0,15,479985,0.0925874255952
0.0365978422619,0.0555943080357,0,1469806869635,0.0508277529762,1,15,482046,0.147972470238
0.0249720982143,0.0347842261905,0,1469806869635,0.0330868675595,2,15,484131,0.106398809524
0.0267159598214,0.0375279017857,0,1469806869635,0.0291806175595,3,15,486163,0.0995628720238
0.0350632440476,0.051013764881,0,1469806869635,0.0458751860119,4,15,488251,0.141066778274
0.0253441220238,0.0364583333333,0,1469806869635,0.0327380952381,5,15,490297,0.0966564360119
0.0245070684524,0.0348307291667,0,1469806869635,0.029041108631,6,15,492328,0.0934012276786
0.0356212797619,0.0472470238095,0,1469806869635,0.0425502232143,7,15,494411,0.133975074405
0.0272739955357,0.0413876488095,1,1469806869635,0.0335053943452,0,15,496939,0.103562127976
0.0260416666667,0.0353422619048,1,1469806869635,0.0350399925595,1,15,498949,0.104259672619
0.017578125,0.021740141369,1,1469806869816,0.021716889881,2,15,500960,0.0756370907738
0.0226236979167,0.0330636160714,1,1469806869818,0.0325288318452,3,15,502971,0.0951218377976
0.0255068824405,0.0328311011905,0,1469806869818,0.0281343005952,0,15,580104,0.0926339285714
0.0365745907738,0.0555710565476,0,1469806869818,0.0508045014881,1,15,582159,0.147902715774
0.0249953497024,0.0347842261905,0,1469806869818,0.0330636160714,2,15,584289,0.106375558036
0.0267159598214,0.0375511532738,0,1469806869819,0.0291806175595,3,15,586316,0.0995396205357
0.0350167410714,0.0509672619048,0,1469806869819,0.0458054315476,4,15,588348,0.140927269345
0.0253208705357,0.0364118303571,0,1469806869819,0.03271484375,5,15,590429,0.0966331845238
0.0244838169643,0.0348074776786,0,1469806869821,0.0290178571429,6,15,592499,0.0933547247024
0.0356212797619,0.0472702752976,0,1469806869821,0.0425734747024,7,15,594540,0.133998325893
0.0272739955357,0.0414341517857,1,1469806869821,0.0335286458333,0,15,597023,0.103585379464
0.0260184151786,0.0353190104167,1,1469806869821,0.0350399925595,1,15,599064,0.104213169643
0.0175316220238,0.021716889881,1,1469806869822,0.021716889881,2,15,601085,0.0754045758929
0.0226702008929,0.0331333705357,1,1469806869822,0.0327613467262,3,15,603108,0.0955171130952
0.0255068824405,0.0328543526786,0,1469806869823,0.0281575520833,0,15,680299,0.0926804315476
0.0365745907738,0.0555710565476,0,1469806869921,0.0508045014881,1,15,682319,0.147902715774
0.0249720982143,0.0347842261905,0,1469806869921,0.0330636160714,2,15,684397,0.106352306548
0.0267159598214,0.0375279017857,0,1469806869921,0.0291806175595,3,15,686437,0.0994931175595
0.0349934895833,0.0509207589286,0,1469806869921,0.0457589285714,4,15,688469,0.140880766369
0.0253208705357,0.0364118303571,0,1469806869921,0.03271484375,5,15,690479,0.0966099330357
0.0244838169643,0.0347842261905,0,1469806869922,0.0289946056548,6,15,692477,0.0933547247024
0.0356212797619,0.0472470238095,0,1469806869922,0.0425502232143,7,15,694574,0.133975074405
0.0272739955357,0.0414341517857,1,1469806869922,0.0335053943452,0,15,697067,0.103445870536
0.0260184151786,0.0353190104167,1,1469806869922,0.0350167410714,1,15,699094,0.10412016369
0.0175548735119,0.021740141369,1,1469806869922,0.0217633928571,2,15,701109,0.0755208333333
0.0227632068452,0.0332961309524,1,1469806869922,0.032947358631,3,15,703142,0.0957961309524
0.0255068824405,0.0328543526786,0,1469806869922,0.0281808035714,0,15,780483,0.0927501860119
0.0365513392857,0.0555245535714,0,1469806869922,0.0507579985119,1,15,782621,0.147786458333
0.0249720982143,0.0347609747024,0,1469806869922,0.0330403645833,2,15,784657,0.106282552083
0.0266694568452,0.0375046502976,0,1469806869922,0.0291573660714,3,15,786671,0.0994233630952
0.0349702380952,0.0508975074405,0,1469806870028,0.0457124255952,4,15,788706,0.140811011905
0.0253441220238,0.0364118303571,0,1469806870028,0.03271484375,5,15,790791,0.0966331845238
0.0244838169643,0.0347609747024,0,1469806870028,0.0289946056548,6,15,792825,0.0933314732143
0.0356212797619,0.0472470238095,0,1469806870028,0.0425269717262,7,15,794868,0.133928571429
0.0272507440476,0.0413643973214,1,1469806870028,0.0333891369048,0,15,797343,0.103120349702
0.0260184151786,0.0353190104167,1,1469806870028,0.0350399925595,1,15,799378,0.104096912202
0.0176478794643,0.0218563988095,1,1469806870028,0.0219494047619,2,15,801392,0.075939360119
0.0229259672619,0.0335518973214,1,1469806870028,0.0331566220238,3,15,803413,0.0961681547619
0.0255068824405,0.0328543526786,0,1469806870028,0.0281808035714,0,15,880650,0.0927269345238
0.0365745907738,0.0555478050595,0,1469806870028,0.05078125,1,15,882676,0.147809709821
0.0249488467262,0.0347609747024,0,1469806870028,0.0330403645833,2,15,884701,0.106259300595
0.0266462053571,0.0374813988095,0,1469806870028,0.0291341145833,3,15,886795,0.0994001116071
0.034900483631,0.0508742559524,0,1469806870028,0.0456891741071,4,15,888832,0.140718005952
0.0253208705357,0.036388578869,0,1469806870028,0.0326915922619,5,15,890872,0.0965634300595
0.0244605654762,0.0347377232143,0,1469806870028,0.0289713541667,6,15,892900,0.0933082217262
0.0355980282738,0.0472237723214,0,1469806870134,0.0425269717262,7,15,894925,0.133882068452
0.0272274925595,0.0413178943452,1,1469806870134,0.0333426339286,0,15,897413,0.103004092262
0.0260184151786,0.0353190104167,1,1469806870134,0.0350167410714,1,15,899431,0.10400390625
0.0177641369048,0.0219959077381,1,1469806870134,0.0221586681548,2,15,901441,0.0764741443452
0.0230654761905,0.0337611607143,1,1469806870134,0.0333426339286,3,15,903470,0.096423921131
0.0254836309524,0.0328311011905,0,1469806870134,0.0281808035714,0,15,980845,0.0926804315476
0.0365280877976,0.0555013020833,0,1469806870134,0.0507579985119,1,15,982912,0.147693452381
0.0249255952381,0.0347377232143,0,1469806870134,0.0330171130952,2,15,984946,0.106166294643
0.0267392113095,0.0375744047619,0,1469806870134,0.0291573660714,3,15,986963,0.0995396205357
0.0349469866071,0.0509207589286,0,1469806870134,0.0457356770833,4,15,988988,0.140811011905
0.0252976190476,0.036388578869,0,1469806870134,0.0326915922619,5,15,991044,0.0965401785714
0.0244605654762,0.0346912202381,0,1469806870134,0.0289481026786,6,15,993072,0.0932849702381
0.0355980282738,0.0472237723214,0,1469806870134,0.0425037202381,7,15,995114,0.133858816964
0.0272274925595,0.0413178943452,1,1469806870134,0.0333426339286,0,15,997584,0.10302734375
0.0259951636905,0.0352957589286,1,1469806870135,0.0349934895833,1,15,999621,0.103817894345
0.0178803943452,0.0220889136905,1,1469806870316,0.0222981770833,2,16,1637,0.076915922619
0.0231584821429,0.0339006696429,1,1469806870317,0.0333891369048,3,16,3653,0.0964936755952
0.0255301339286,0.0328543526786,0,1469806870317,0.0282040550595,0,16,81011,0.0927269345238
0.0365280877976,0.0554780505952,0,1469806870317,0.0507579985119,1,16,83062,0.147623697917
0.0249255952381,0.0347144717262,0,1469806870317,0.0330171130952,2,16,85091,0.106166294643
0.0266927083333,0.0375046502976,0,1469806870317,0.0291341145833,3,16,87114,0.0994001116071
0.0348539806548,0.0508277529762,0,1469806870318,0.0455961681548,4,16,89156,0.140601748512
0.0252976190476,0.036388578869,0,1469806870318,0.0326915922619,5,16,91207,0.0965634300595
0.0244373139881,0.0346214657738,0,1469806870318,0.0288783482143,6,16,93229,0.0931919642857
0.0355980282738,0.0472237723214,0,1469806870318,0.0425037202381,7,16,95280,0.133858816964
0.0272507440476,0.0413411458333,1,1469806870318,0.0333891369048,0,16,97748,0.103120349702
0.0259719122024,0.0352957589286,1,1469806870318,0.0349702380952,1,16,99775,0.103585379464
0.0179501488095,0.0221354166667,1,1469806870318,0.0223446800595,2,16,101785,0.0771251860119
0.023204985119,0.033923921131,1,1469806870318,0.0332728794643,3,16,103845,0.0962844122024
0.0255533854167,0.0328776041667,0,1469806870318,0.0281808035714,0,16,181184,0.0927501860119
0.0365280877976,0.0555013020833,0,1469806870421,0.0507579985119,1,16,183246,0.147623697917
0.0249720982143,0.0347609747024,0,1469806870421,0.0330636160714,2,16,185280,0.106305803571
0.0261811755952,0.0368303571429,0,1469806870421,0.0288550967262,3,16,187281,0.098400297619
0.0347377232143,0.0506184895833,0,1469806870421,0.0452473958333,4,16,189302,0.140369233631
0.0253208705357,0.036388578869,0,1469806870421,0.0326915922619,5,16,191355,0.0965634300595
0.0244373139881,0.0346214657738,0,1469806870421,0.0288783482143,6,16,193388,0.0931919642857
0.0356212797619,0.0472470238095,0,1469806870421,0.0425269717262,7,16,195486,0.133951822917
0.0272507440476,0.0414574032738,1,1469806870421,0.0335751488095,0,16,197975,0.103376116071
0.0259719122024,0.0353190104167,1,1469806870421,0.0349702380952,1,16,200031,0.103469122024
0.0180199032738,0.0221354166667,1,1469806870421,0.0223679315476,2,16,202045,0.0773344494048
0.023181733631,0.0339006696429,1,1469806870421,0.0331566220238,3,16,204129,0.0960751488095
0.0255533854167,0.0329938616071,0,1469806870422,0.0281808035714,0,16,281362,0.0926106770833
0.0365745907738,0.0555478050595,0,1469806870422,0.05078125,1,16,283399,0.147763206845
0.0249720982143,0.0347144717262,0,1469806870422,0.0330403645833,2,16,285480,0.106236049107
0.0260416666667,0.0364118303571,0,1469806870422,0.0286458333333,3,16,287506,0.0975399925595
0.034435453869,0.0502464657738,0,1469806870533,0.0447126116071,4,16,289540,0.1396484375
0.0252743675595,0.0363420758929,0,1469806870533,0.0326218377976,5,16,291576,0.0963309151786
0.0243908110119,0.0345284598214,0,1469806870534,0.0287853422619,6,16,293675,0.0930757068452
0.03564453125,0.0472702752976,0,1469806870534,0.0425502232143,7,16,295770,0.133998325893
0.0271344866071,0.0414574032738,1,1469806870534,0.0337379092262,0,16,298241,0.103469122024
0.0259021577381,0.0352725074405,1,1469806870534,0.034923735119,1,16,300258,0.10302734375
0.0182291666667,0.0222516741071,1,1469806870534,0.0224841889881,2,16,302273,0.0782645089286
0.0231352306548,0.0338076636905,1,1469806870534,0.0329008556548,3,16,304361,0.0956333705357
0.0257393973214,0.0332263764881,0,1469806870534,0.0283203125,0,16,381562,0.0927269345238
0.0365513392857,0.0555013020833,0,1469806870534,0.0507579985119,1,16,383665,0.147716703869
0.0249488467262,0.0347377232143,0,1469806870534,0.0330171130952,2,16,385694,0.106119791667
0.0266462053571,0.0374116443452,0,1469806870534,0.0289713541667,3,16,387714,0.0981212797619
0.0338076636905,0.0498511904762,0,1469806870534,0.044921875,4,16,389734,0.137067522321
0.0252976190476,0.036388578869,0,1469806870534,0.0326683407738,5,16,391789,0.0963774181548
0.0242978050595,0.0342959449405,0,1469806870534,0.028576078869,6,16,393824,0.0927036830357
0.0356677827381,0.0472702752976,0,1469806870634,0.0425734747024,7,16,395933,0.134021577381
0.02685546875,0.041271391369,1,1469806870634,0.0337611607143,0,16,398411,0.10314360119
0.0257626488095,0.03515625,1,1469806870635,0.0348307291667,1,16,400514,0.102399553571
0.0186011904762,0.0224609375,1,1469806870636,0.0227632068452,2,16,402526,0.07958984375
0.0232282366071,0.0339006696429,1,1469806870636,0.0326218377976,3,16,404570,0.0951683407738
0.0256928943452,0.0332728794643,0,1469806870636,0.0285993303571,0,16,481738,0.0935639880952
0.0365745907738,0.0555245535714,0,1469806870636,0.0507579985119,1,16,483789,0.147856212798
0.0249953497024,0.0348074776786,0,1469806870636,0.0330636160714,2,16,485873,0.106282552083
0.0270647321429,0.0384347098214,0,1469806870636,0.0293898809524,3,16,487960,0.0993303571429
0.0347144717262,0.0506184895833,0,1469806870636,0.0454566592262,4,16,489976,0.138253348214
0.0253208705357,0.0364118303571,0,1469806870636,0.0326915922619,5,16,492015,0.0965401785714
0.0242047991071,0.0340634300595,0,1469806870636,0.0283900669643,6,16,494118,0.0924014136905
0.0356212797619,0.0472237723214,0,1469806870636,0.0425502232143,7,16,496172,0.13390531994
0.02685546875,0.0412016369048,1,1469806870636,0.0336681547619,0,16,498653,0.10363188244
0.0257626488095,0.0350632440476,1,1469806870636,0.0348074776786,1,16,500668,0.102329799107
0.0186476934524,0.0224841889881,1,1469806870815,0.0228562127976,2,16,502766,0.0796595982143
0.0232747395833,0.0340169270833,1,1469806870815,0.0325055803571,3,16,504818,0.0948893229167
0.0255766369048,0.0330868675595,0,1469806870815,0.0282040550595,0,16,581921,0.0927269345238
0.0366675967262,0.0556640625,0,1469806870815,0.0508975074405,1,16,584113,0.148297991071
0.0250883556548,0.034900483631,0,1469806870815,0.0331566220238,2,16,586139,0.106747581845
0.0273902529762,0.0391555059524,0,1469806870815,0.0297386532738,3,16,588175,0.1005859375
0.0352027529762,0.0511765252976,0,1469806870815,0.046130952381,4,16,590236,0.141299293155
0.0253208705357,0.0364118303571,0,1469806870815,0.0326915922619,5,16,592337,0.0965401785714
0.0242280505952,0.0340401785714,0,1469806870816,0.0284133184524,6,16,594379,0.0923781622024
0.0355747767857,0.0471772693452,0,1469806870816,0.0425269717262,7,16,596408,0.133765811012
0.0271577380952,0.0413876488095,1,1469806870816,0.0337379092262,0,16,598924,0.10437593006
0.0258324032738,0.0351329985119,1,1469806870816,0.0348307291667,1,16,600947,0.10265531994
0.0183686755952,0.0223214285714,1,1469806870816,0.0226702008929,2,16,602960,0.0786597842262
0.0231584821429,0.0338541666667,1,1469806870816,0.0325055803571,3,16,604985,0.0948428199405
0.0252743675595,0.0327845982143,0,1469806870816,0.0278785342262,0,16,682075,0.0915876116071
0.0366908482143,0.0556873139881,0,1469806870922,0.0509207589286,1,16,684228,0.1484375
0.0250651041667,0.0348539806548,0,1469806870922,0.0331101190476,2,16,686238,0.106654575893
0.0276227678571,0.0396205357143,0,1469806870922,0.0299944196429,3,16,688233,0.101539248512
0.0353190104167,0.0513160342262,0,1469806870922,0.0462239583333,4,16,690236,0.141741071429
0.0253673735119,0.0364350818452,0,1469806870922,0.03271484375,5,16,692242,0.0966331845238
0.0243210565476,0.0342494419643,0,1469806870922,0.0286458333333,6,16,694332,0.0927966889881
0.0355282738095,0.0471540178571,0,1469806870922,0.0425269717262,7,16,696423,0.133696056548
0.0274600074405,0.04150390625,1,1469806870922,0.0338076636905,0,16,698901,0.105259486607
0.0258324032738,0.0350632440476,1,1469806870922,0.0348074776786,1,16,700917,0.102887834821
0.0179501488095,0.0220191592262,1,1469806870922,0.0222516741071,2,16,702973,0.0771251860119
0.0229027157738,0.033435639881,1,1469806870922,0.0325288318452,3,16,705012,0.0947963169643
0.0253441220238,0.0327845982143,0,1469806870922,0.028064546131,0,16,782244,0.0921688988095
0.0366908482143,0.0556640625,0,1469806870922,0.0509207589286,1,16,784319,0.148390997024
0.0250418526786,0.0348074776786,0,1469806870922,0.0330636160714,2,16,786336,0.106515066964
0.0276925223214,0.0396902901786,0,1469806870922,0.030017671131,3,16,788361,0.101911272321
0.0352957589286,0.0513160342262,0,1469806871029,0.0462239583333,4,16,790386,0.141787574405
0.0253673735119,0.0364583333333,0,1469806871029,0.0327380952381,5,16,792519,0.0966796875
0.0243908110119,0.0343656994048,0,1469806871030,0.0287620907738,6,16,794559,0.093005952381
0.0355282738095,0.0471540178571,0,1469806871030,0.0425269717262,7,16,796592,0.133696056548
0.0275530133929,0.0414806547619,1,1469806871030,0.0337844122024,0,16,799077,0.105654761905
0.02587890625,0.0350632440476,1,1469806871030,0.0348772321429,1,16,801115,0.103283110119
0.0175548735119,0.0216703869048,1,1469806871030,0.0222516741071,2,16,803135,0.0771251860119
0.0224376860119,0.0328078497024,1,1469806871030,0.0323428199405,3,16,805175,0.0938197544643
0.0255998883929,0.0330868675595,0,1469806871030,0.0286690848214,0,16,882432,0.0938662574405
0.0365280877976,0.0554547991071,0,1469806871030,0.0507579985119,1,16,884494,0.147856212798
0.0250418526786,0.0348307291667,0,1469806871030,0.0330868675595,2,16,886560,0.106468563988
0.0276460193452,0.03955078125,0,1469806871030,0.0299014136905,3,16,888687,0.101725260417
0.0352492559524,0.0511765252976,0,1469806871030,0.046154203869,4,16,890728,0.141531808036
0.0253208705357,0.036388578869,0,1469806871030,0.0326915922619,5,16,892766,0.0965401785714
0.0244838169643,0.0345749627976,0,1469806871030,0.0288318452381,6,16,894880,0.0932152157738
0.0355747767857,0.0472005208333,0,1469806871135,0.0425734747024,7,16,896895,0.133835565476
0.0274600074405,0.0413411458333,1,1469806871135,0.0337146577381,0,16,899366,0.105398995536
0.0259486607143,0.03515625,1,1469806871135,0.0349469866071,1,16,901382,0.103678385417
0.0175548735119,0.0216703869048,1,1469806871135,0.0217866443452,2,16,903414,0.0755673363095
0.022205171131,0.0325288318452,1,1469806871135,0.0323893229167,3,16,905519,0.093982514881
0.0258324032738,0.0333426339286,0,1469806871136,0.0287155877976,0,16,982671,0.0938662574405
0.0363420758929,0.0551525297619,0,1469806871142,0.050525483631,1,16,984754,0.147019159226
0.0249255952381,0.0347144717262,0,1469806871142,0.0330171130952,2,16,986770,0.105887276786
0.0275297619048,0.0393880208333,0,1469806871142,0.0298084077381,3,16,988767,0.10144624256
0.0352492559524,0.0511765252976,0,1469806871142,0.046154203869,4,16,990870,0.141531808036
0.0252511160714,0.0362490699405,0,1469806871142,0.0325753348214,5,16,992907,0.0963076636905
0.0244838169643,0.0346447172619,0,1469806871142,0.0288783482143,6,16,994949,0.0932849702381
0.0356212797619,0.0472470238095,0,1469806871142,0.0426432291667,7,16,996972,0.134068080357
0.0272739955357,0.0410853794643,1,1469806871142,0.0334821428571,0,16,999461,0.104515438988
0.0259719122024,0.0351795014881,1,1469806871142,0.0349934895833,1,17,1479,0.103910900298
0.0171595982143,0.0212053571429,1,1469806871315,0.0213216145833,2,17,3503,0.073962983631
0.022228422619,0.0325753348214,1,1469806871316,0.0325055803571,3,17,5535,0.0947498139881
0.0255533854167,0.0330403645833,0,1469806871316,0.0285063244048,0,17,82799,0.0930757068452
0.0361793154762,0.0550130208333,0,1469806871316,0.0504092261905,1,17,84854,0.146414620536
0.0248093377976,0.0345517113095,0,1469806871316,0.0329241071429,2,17,86926,0.105538504464
0.0274832589286,0.0392717633929,0,1469806871316,0.0297619047619,3,17,88958,0.101329985119
0.0350864955357,0.0510602678571,0,1469806871316,0.0459914434524,4,17,90996,0.140811011905
0.0252278645833,0.0362490699405,0,1469806871316,0.0325985863095,5,17,93034,0.0963076636905
0.0245535714286,0.0347609747024,0,1469806871316,0.0289015997024,6,17,95073,0.0933779761905
0.03564453125,0.0472702752976,0,1469806871316,0.0426199776786,7,17,97102,0.134114583333
0.0272274925595,0.0409458705357,1,1469806871316,0.033203125,0,17,99588,0.103701636905
0.0259719122024,0.0352260044643,1,1469806871316,0.0349702380952,1,17,101604,0.103817894345
0.0166945684524,0.0206705729167,1,1469806871316,0.0207868303571,2,17,103639,0.0722191220238
0.022228422619,0.0325753348214,1,1469806871316,0.0325055803571,3,17,105677,0.0947498139881
0.025390625,0.0327613467262,0,1469806871316,0.0281808035714,0,17,182983,0.0924014136905
0.0363188244048,0.05517578125,0,1469806871422,0.050525483631,1,17,185062,0.146879650298
0.0248325892857,0.0345749627976,0,1469806871424,0.0329241071429,2,17,187080,0.105654761905
0.0272739955357,0.0384812127976,0,1469806871424,0.0294131324405,3,17,189096,0.100492931548
0.0349469866071,0.0510835193452,0,1469806871424,0.0459449404762,4,17,191134,0.140857514881
0.0253208705357,0.036365327381,0,1469806871424,0.0326915922619,5,17,193176,0.0965634300595
0.0245303199405,0.0348307291667,0,1469806871424,0.0289713541667,6,17,195210,0.0934709821429
0.0356212797619,0.0472470238095,0,1469806871424,0.0425734747024,7,17,197225,0.134068080357
0.0270647321429,0.0409226190476,1,1469806871424,0.0331566220238,0,17,199702,0.10302734375
0.0258556547619,0.0351795014881,1,1469806871424,0.034900483631,1,17,201725,0.10314360119
0.0170665922619,0.0211588541667,1,1469806871424,0.0211588541667,2,17,203738,0.0737072172619
0.0223446800595,0.03271484375,1,1469806871424,0.0325055803571,3,17,205760,0.0951683407738
0.0253673735119,0.0329241071429,0,1469806871424,0.0282040550595,0,17,283150,0.0921921502976
0.0363188244048,0.0551990327381,0,1469806871424,0.050525483631,1,17,285197,0.14697265625
0.0248558407738,0.0346214657738,0,1469806871424,0.032970610119,2,17,287235,0.105864025298
0.02734375,0.0386439732143,0,1469806871424,0.0294363839286,3,17,289271,0.100492931548
0.0348539806548,0.051013764881,0,1469806871530,0.0459216889881,4,17,291300,0.140578497024
0.0252743675595,0.0363188244048,0,1469806871530,0.0326450892857,5,17,293329,0.096423921131
0.0243443080357,0.0344587053571,0,1469806871531,0.0287853422619,6,17,295379,0.0929594494048
0.0355747767857,0.0472005208333,0,1469806871531,0.0425502232143,7,17,297421,0.133858816964
0.02685546875,0.0406901041667,1,1469806871531,0.0331798735119,0,17,299882,0.103050595238
0.0257161458333,0.0350632440476,1,1469806871531,0.0347842261905,1,17,301899,0.102260044643
0.0176478794643,0.0214611235119,1,1469806871531,0.0217633928571,2,17,303930,0.0764508928571
0.0224144345238,0.0327845982143,1,1469806871531,0.0320638020833,3,17,306040,0.0941452752976
0.0254603794643,0.032970610119,0,1469806871531,0.0282273065476,0,17,383331,0.0923549107143
0.0364350818452,0.0553152901786,0,1469806871531,0.0506417410714,1,17,385450,0.147507440476
0.0248790922619,0.03466796875,0,1469806871531,0.0330171130952,2,17,387482,0.105910528274
0.02734375,0.0388532366071,0,1469806871531,0.0294828869048,3,17,389514,0.100632440476
0.0349934895833,0.0509905133929,0,1469806871531,0.0459449404762,4,17,391561,0.140415736607
0.0252046130952,0.0362258184524,0,1469806871531,0.0325520833333,5,17,393604,0.09619140625
0.0242745535714,0.0342726934524,0,1469806871531,0.0286458333333,6,17,395642,0.0927036830357
0.0355050223214,0.047107514881,0,1469806871636,0.0425037202381,7,17,397677,0.13367280506
0.0269484747024,0.0408761160714,1,1469806871636,0.033458891369,0,17,400182,0.10388764881
0.0256928943452,0.0350632440476,1,1469806871636,0.0347609747024,1,17,402222,0.102074032738
0.0182756696429,0.0218796502976,1,1469806871636,0.0223911830357,2,17,404305,0.0786365327381
0.0225771949405,0.0330403645833,1,1469806871637,0.0319475446429,3,17,406342,0.0932384672619
0.0253441220238,0.0327380952381,0,1469806871637,0.0284133184524,0,17,483498,0.0926804315476
0.0365513392857,0.0555013020833,0,1469806871637,0.0508045014881,1,17,485557,0.147995721726
0.0249255952381,0.0347144717262,0,1469806871637,0.0330171130952,2,17,487592,0.106143043155
0.0274135044643,0.0390159970238,0,1469806871638,0.029552641369,3,17,489624,0.100818452381
0.0351795014881,0.0511997767857,0,1469806871638,0.046154203869,4,17,491642,0.141392299107
0.0252278645833,0.0362723214286,0,1469806871638,0.0325985863095,5,17,493681,0.0963076636905
0.0242280505952,0.0342261904762,0,1469806871638,0.0286690848214,6,17,495747,0.0926571800595
0.0354352678571,0.0470145089286,0,1469806871638,0.0424339657738,7,17,497783,0.133370535714
0.0272042410714,0.0411086309524,1,1469806871638,0.0336449032738,0,17,500249,0.10486421131
0.025646391369,0.0349934895833,1,1469806871638,0.0346912202381,1,17,502261,0.101864769345
0.0186244419643,0.0223679315476,1,1469806871819,0.0228097098214,2,17,504358,0.0797061011905
0.0228329613095,0.033435639881,1,1469806871819,0.0321103050595,3,17,506367,0.0934477306548
0.0251813616071,0.0325055803571,0,1469806871819,0.0280180431548,0,17,583662,0.091796875
0.0365745907738,0.0555478050595,0,1469806871819,0.0508277529762,1,17,585730,0.148135230655
0.0249488467262,0.0347144717262,0,1469806871819,0.0330171130952,2,17,587746,0.106189546131
0.0275530133929,0.0393647693452,0,1469806871819,0.0297386532738,3,17,589772,0.101329985119
0.0352492559524,0.0512927827381,0,1469806871819,0.0461774553571,4,17,591811,0.141578311012
0.0252743675595,0.0363420758929,0,1469806871819,0.0326450892857,5,17,593853,0.0964704241071
0.0242513020833,0.0342726934524,0,1469806871819,0.02880859375,6,17,595960,0.0928199404762
0.035388764881,0.0469680059524,0,1469806871819,0.0424107142857,7,17,597976,0.133231026786
0.0274135044643,0.0412946428571,1,1469806871819,0.03369140625,0,17,600493,0.105398995536
0.0255998883929,0.034900483631,1,1469806871819,0.0345982142857,1,17,602515,0.101748511905
0.0185314360119,0.0223446800595,1,1469806871819,0.0227632068452,2,17,604554,0.0794038318452
0.0230654761905,0.0337379092262,1,1469806871819,0.0323893229167,3,17,606624,0.0944242931548
0.0252976190476,0.0325985863095,0,1469806871819,0.0283668154762,0,17,683810,0.0924944196429
0.0365513392857,0.0555245535714,0,1469806871923,0.0508277529762,1,17,685957,0.148088727679
0.0249255952381,0.0346912202381,0,1469806871923,0.0329938616071,2,17,688012,0.106143043155
0.0276460193452,0.0395740327381,0,1469806871923,0.0299014136905,3,17,690007,0.101725260417
0.0352725074405,0.0512927827381,0,1469806871924,0.0462007068452,4,17,692002,0.141624813988
0.0252511160714,0.0362955729167,0,1469806871924,0.0325985863095,5,17,694096,0.0963541666667
0.0243210565476,0.034435453869,0,1469806871924,0.0289015997024,6,17,696199,0.093005952381
0.035388764881,0.0469912574405,0,1469806871924,0.0424339657738,7,17,698212,0.133254278274
0.0274367559524,0.0412946428571,1,1469806871924,0.0336449032738,0,17,700675,0.105305989583
0.025646391369,0.034923735119,1,1469806871924,0.03466796875,1,17,702766,0.102074032738
0.018298921131,0.022205171131,1,1469806871924,0.0225539434524,2,17,704820,0.0787062872024
0.0228794642857,0.0334821428571,1,1469806871924,0.0323660714286,3,17,706829,0.0941452752976
0.025623139881,0.0330868675595,0,1469806871924,0.0286923363095,0,17,784053,0.0938895089286
0.036365327381,0.0551990327381,0,1469806871924,0.050548735119,1,17,786120,0.147228422619
0.0249255952381,0.0347144717262,0,1469806871924,0.0330171130952,2,17,788133,0.106143043155
0.0276227678571,0.03955078125,0,1469806871924,0.0298781622024,3,17,790155,0.101632254464
0.0352260044643,0.0511765252976,0,1469806872031,0.046130952381,4,17,792228,0.141462053571
0.025158110119,0.0361793154762,0,1469806872031,0.0325288318452,5,17,794340,0.0960984002976
0.0243908110119,0.0345982142857,0,1469806872031,0.0289481026786,6,17,796363,0.0931687127976
0.0354585193452,0.0470842633929,0,1469806872031,0.0425037202381,7,17,798386,0.133556547619
0.0273204985119,0.0411086309524,1,1469806872033,0.033435639881,0,17,800902,0.104654947917
0.0258091517857,0.0350399925595,1,1469806872033,0.0348307291667,1,17,802928,0.102934337798
0.0178571428571,0.0217866443452,1,1469806872033,0.0221819196429,2,17,804962,0.0771949404762
0.0225074404762,0.0330171130952,1,1469806872033,0.0322730654762,3,17,807025,0.0935872395833
0.0258091517857,0.0332496279762,0,1469806872033,0.0287155877976,0,17,884223,0.094005766369
0.036365327381,0.0551990327381,0,1469806872033,0.050548735119,1,17,886287,0.147228422619
0.0248325892857,0.0345982142857,0,1469806872033,0.032970610119,2,17,888322,0.105631510417
0.0275297619048,0.0394112723214,0,1469806872033,0.0298316592262,3,17,890353,0.101469494048
0.0350632440476,0.0509440104167,0,1469806872033,0.0459216889881,4,17,892380,0.140578497024
0.0252046130952,0.0361793154762,0,1469806872033,0.0325520833333,5,17,894424,0.0961681547619
0.0244605654762,0.0347609747024,0,1469806872033,0.0289946056548,6,17,896502,0.0932849702381
0.0355515252976,0.0471772693452,0,1469806872137,0.0425269717262,7,17,898522,0.1337890625
0.0272507440476,0.0409691220238,1,1469806872137,0.0331333705357,0,17,901002,0.103724888393
0.0259486607143,0.0352027529762,1,1469806872137,0.0349469866071,1,17,903063,0.103934151786
0.0170433407738,0.0210890997024,1,1469806872137,0.0214378720238,2,17,905108,0.0740094866071
0.0225074404762,0.0330403645833,1,1469806872137,0.0328078497024,3,17,907123,0.0950520833333
0.0255533854167,0.0328776041667,0,1469806872137,0.0283203125,0,17,984375,0.093029203869
0.0362025669643,0.0550130208333,0,1469806872137,0.0503859747024,1,17,986433,0.146437872024
0.0247860863095,0.0345517113095,0,1469806872137,0.0328776041667,2,17,988454,0.105515252976
0.0272274925595,0.0385509672619,0,1469806872137,0.0294596354167,3,17,990474,0.10046968006
0.034923735119,0.0509440104167,0,1469806872137,0.0458054315476,4,17,992549,0.140671502976
0.0252976190476,0.036365327381,0,1469806872137,0.0326683407738,5,17,994608,0.0965401785714
0.0244838169643,0.0348539806548,0,1469806872137,0.029064360119,6,17,996630,0.0933779761905
0.0355747767857,0.0472005208333,0,1469806872137,0.0425269717262,7,17,998665,0.133858816964
0.0272274925595,0.0413178943452,1,1469806872137,0.033435639881,0,18,1173,0.103562127976
0.0259951636905,0.0352957589286,1,1469806872137,0.0349934895833,1,18,3201,0.104166666667
0.0174153645833,0.0216703869048,1,1469806872317,0.0219029017857,2,18,5243,0.0755208333333
0.0226702008929,0.0333426339286,1,1469806872317,0.0331333705357,3,18,7271,0.0961681547619
0.0255301339286,0.0328311011905,0,1469806872317,0.0281343005952,0,18,84509,0.0927269345238
0.0364815848214,0.0554547991071,0,1469806872317,0.0507114955357,1,18,86560,0.147530691964
0.0249488467262,0.0347377232143,0,1469806872317,0.0330403645833,2,18,88663,0.106259300595
0.0268322172619,0.0377604166667,0,1469806872317,0.0291806175595,3,18,90693,0.099609375
0.0350399925595,0.0508742559524,0,1469806872317,0.0457821800595,4,18,92718,0.140950520833
0.0252976190476,0.036388578869,0,1469806872318,0.0326915922619,5,18,94844,0.0965169270833
0.0243443080357,0.0345982142857,0,1469806872318,0.0289481026786,6,18,96882,0.0930757068452
0.0355515252976,0.0472005208333,0,1469806872318,0.0425269717262,7,18,98894,0.133835565476
0.0272739955357,0.0414574032738,1,1469806872318,0.0335984002976,0,18,101361,0.103817894345
0.0260184151786,0.0353422619048,1,1469806872318,0.0349934895833,1,18,103396,0.104096912202
0.017833891369,0.0221121651786,1,1469806872318,0.0223911830357,2,18,105506,0.077380952381
0.0229259672619,0.03369140625,1,1469806872318,0.0332728794643,3,18,107535,0.096423921131
0.0255301339286,0.0328078497024,0,1469806872318,0.0281575520833,0,18,184742,0.0928199404762
0.0365513392857,0.0555710565476,0,1469806872424,0.0508277529762,1,18,186795,0.14783296131
0.0249488467262,0.0347609747024,0,1469806872424,0.0330636160714,2,18,188813,0.106375558036
0.0265531994048,0.037341889881,0,1469806872424,0.0289713541667,3,18,190921,0.0988420758929
0.034923735119,0.0507347470238,0,1469806872424,0.0456194196429,4,18,192960,0.140625
0.0252976190476,0.036388578869,0,1469806872424,0.0326915922619,5,18,194995,0.0965401785714
0.0243675595238,0.03466796875,0,1469806872424,0.0289946056548,6,18,197017,0.0930989583333
0.0355747767857,0.0472005208333,0,1469806872424,0.0425269717262,7,18,199079,0.133858816964
0.0272739955357,0.0414806547619,1,1469806872424,0.0335518973214,0,18,201550,0.103771391369
0.0260184151786,0.0353190104167,1,1469806872424,0.0349934895833,1,18,203560,0.104259672619
0.0177873883929,0.0221121651786,1,1469806872424,0.0224376860119,2,18,205580,0.0771716889881
0.0230422247024,0.0338541666667,1,1469806872424,0.0334821428571,3,18,207601,0.0968656994048
0.0255998883929,0.0328776041667,0,1469806872424,0.0282040550595,0,18,284853,0.093029203869
0.0365280877976,0.0555478050595,0,1469806872424,0.05078125,1,18,286985,0.147763206845
0.0249488467262,0.0347377232143,0,1469806872424,0.0330403645833,2,18,289024,0.106282552083
0.0265531994048,0.0374348958333,0,1469806872424,0.0290178571429,3,18,291052,0.098865327381
0.0349469866071,0.0507347470238,0,1469806872531,0.0456194196429,4,18,293074,0.140694754464
0.0253208705357,0.0364118303571,0,1469806872531,0.03271484375,5,18,295166,0.0965866815476
0.0243908110119,0.0347377232143,0,1469806872531,0.0290178571429,6,18,297206,0.0931919642857
0.0355747767857,0.0472005208333,0,1469806872531,0.0425269717262,7,18,299213,0.133858816964
0.02734375,0.0415969122024,1,1469806872531,0.03369140625,0,18,301669,0.104166666667
0.0260184151786,0.0353190104167,1,1469806872531,0.0349934895833,1,18,303707,0.104306175595
0.0177408854167,0.0220424107143,1,1469806872531,0.0223446800595,2,18,305751,0.076892671131
0.02294921875,0.0337379092262,1,1469806872531,0.033435639881,3,18,307771,0.0967494419643
0.025623139881,0.0329008556548,0,1469806872531,0.0282273065476,0,18,385038,0.0930757068452
0.0365745907738,0.0555478050595,0,1469806872531,0.0508045014881,1,18,387101,0.14783296131
0.0249720982143,0.0347609747024,0,1469806872531,0.0330403645833,2,18,389122,0.10632905506
0.0265531994048,0.0375511532738,0,1469806872531,0.029064360119,3,18,391164,0.0988420758929
0.034923735119,0.0506882440476,0,1469806872531,0.0455961681548,4,18,393188,0.140625
0.0252976190476,0.036388578869,0,1469806872531,0.0326683407738,5,18,395241,0.0964936755952
0.0243908110119,0.0347144717262,0,1469806872531,0.0289713541667,6,18,397269,0.0931687127976
0.0355747767857,0.0472005208333,0,1469806872639,0.0425269717262,7,18,399301,0.133858816964
0.02734375,0.0416201636905,1,1469806872639,0.03369140625,0,18,401768,0.104050409226
0.0260184151786,0.0353190104167,1,1469806872640,0.0349934895833,1,18,403789,0.104166666667
0.0177408854167,0.0220191592262,1,1469806872640,0.0222516741071,2,18,405899,0.0768694196429
0.0228794642857,0.0336216517857,1,1469806872640,0.0332728794643,3,18,407938,0.096423921131
0.025646391369,0.0329241071429,0,1469806872640,0.0282505580357,0,18,485215,0.0931454613095
0.0365745907738,0.0555943080357,0,1469806872640,0.0508510044643,1,18,487282,0.14794921875
0.0249720982143,0.0347609747024,0,1469806872640,0.0330403645833,2,18,489307,0.10632905506
0.0265531994048,0.0375511532738,0,1469806872640,0.029064360119,3,18,491335,0.0987723214286
0.034900483631,0.0506184895833,0,1469806872640,0.0455729166667,4,18,493360,0.14050874256
0.0252976190476,0.036388578869,0,1469806872640,0.0326683407738,5,18,495475,0.0964936755952
0.0244140625,0.0347609747024,0,1469806872640,0.0290178571429,6,18,497515,0.0932384672619
0.0355515252976,0.0471772693452,0,1469806872640,0.0425037202381,7,18,499525,0.133812313988
0.02734375,0.0416201636905,1,1469806872640,0.03369140625,0,18,501988,0.104050409226
0.0259951636905,0.0352957589286,1,1469806872640,0.0349702380952,1,18,504096,0.103957403274
0.0177641369048,0.0219959077381,1,1469806872821,0.0222516741071,2,18,506118,0.0770089285714
0.0228329613095,0.0335286458333,1,1469806872821,0.0330868675595,3,18,508121,0.0960286458333
0.0256696428571,0.032970610119,0,1469806872821,0.0282505580357,0,18,585372,0.0931687127976
0.0365978422619,0.0556175595238,0,1469806872821,0.0508510044643,1,18,587434,0.148042224702
0.0249720982143,0.0347842261905,0,1469806872821,0.0330636160714,2,18,589460,0.106398809524
0.026622953869,0.03759765625,0,1469806872821,0.0290876116071,3,18,591492,0.0988188244048
0.0349934895833,0.0508510044643,0,1469806872821,0.0457821800595,4,18,593530,0.140787760417
0.0252976190476,0.036388578869,0,1469806872821,0.0326915922619,5,18,595570,0.0965401785714
0.0244373139881,0.0347842261905,0,1469806872821,0.029041108631,6,18,597583,0.0932849702381
0.0355515252976,0.0471772693452,0,1469806872824,0.0425037202381,7,18,599615,0.1337890625
0.0273902529762,0.0416666666667,1,1469806872824,0.0337379092262,0,18,602080,0.104306175595
0.0259486607143,0.0352957589286,1,1469806872824,0.0349469866071,1,18,604160,0.103655133929
0.0177641369048,0.0219959077381,1,1469806872824,0.0222516741071,2,18,606179,0.0770089285714
0.0228097098214,0.033458891369,1,1469806872824,0.0328543526786,3,18,608285,0.0956101190476
0.0256696428571,0.0329938616071,0,1469806872824,0.0282505580357,0,18,685594,0.0931454613095
0.0366443452381,0.0556873139881,0,1469806872926,0.0508975074405,1,18,687646,0.148251488095
0.0249953497024,0.0348074776786,0,1469806872926,0.0330868675595,2,18,689650,0.106468563988
0.0267159598214,0.0377139136905,0,1469806872926,0.0291806175595,3,18,691634,0.0991443452381
0.0350399925595,0.0509905133929,0,1469806872926,0.0458751860119,4,18,693628,0.140950520833
0.0253208705357,0.0364350818452,0,1469806872927,0.03271484375,5,18,695691,0.0965866815476
0.0244605654762,0.0348074776786,0,1469806872927,0.029041108631,6,18,697730,0.0933082217262
0.0355282738095,0.0471772693452,0,1469806872927,0.0425037202381,7,18,699736,0.133765811012
0.0273902529762,0.0416666666667,1,1469806872927,0.0337379092262,0,18,702206,0.104399181548
0.02587890625,0.0352492559524,1,1469806872927,0.034900483631,1,18,704323,0.103120349702
0.0179036458333,0.0220656622024,1,1469806872927,0.0223214285714,2,18,706356,0.0774972098214
0.0228329613095,0.033435639881,1,1469806872927,0.0325520833333,3,18,708375,0.0950753348214
0.0256696428571,0.0330171130952,0,1469806872927,0.0282273065476,0,18,785712,0.0931222098214
0.0366443452381,0.0556873139881,0,1469806872927,0.0508975074405,1,18,787767,0.148297991071
0.0249953497024,0.0348074776786,0,1469806872927,0.0330868675595,2,18,789789,0.106491815476
0.0267624627976,0.0377371651786,0,1469806872927,0.0292038690476,3,18,791828,0.0992838541667
0.0350399925595,0.051013764881,0,1469806873034,0.0458751860119,4,18,793850,0.140950520833
0.0252976190476,0.036388578869,0,1469806873035,0.0326915922619,5,18,795958,0.0965401785714
0.0244605654762,0.0348074776786,0,1469806873035,0.029064360119,6,18,797978,0.0933314732143
0.0355282738095,0.0471540178571,0,1469806873035,0.04248046875,7,18,800003,0.133696056548
0.02734375,0.0415969122024,1,1469806873035,0.03369140625,0,18,802475,0.104352678571
0.0258091517857,0.0352260044643,1,1469806873035,0.0348539806548,1,18,804529,0.102632068452
0.0181129092262,0.0221586681548,1,1469806873035,0.0224609375,2,18,806546,0.0780784970238
0.0228329613095,0.033435639881,1,1469806873035,0.0325520833333,3,18,808634,0.0950753348214
0.025646391369,0.0329938616071,0,1469806873035,0.0282040550595,0,18,885981,0.093029203869
0.0366675967262,0.0556873139881,0,1469806873035,0.0509207589286,1,18,888063,0.14832124256
0.0249953497024,0.0348074776786,0,1469806873035,0.0330636160714,2,18,890107,0.1064453125
0.0267624627976,0.0377139136905,0,1469806873035,0.0292038690476,3,18,892137,0.0993303571429
0.0350399925595,0.051013764881,0,1469806873035,0.0458984375,4,18,894237,0.14099702381
0.0252743675595,0.036388578869,0,1469806873035,0.0326915922619,5,18,896338,0.0965169270833
0.0244605654762,0.0347842261905,0,1469806873035,0.029041108631,6,18,898363,0.0933082217262
0.0355282738095,0.0471540178571,0,1469806873142,0.04248046875,7,18,900367,0.133696056548
0.02734375,0.0416201636905,1,1469806873142,0.0337146577381,0,18,902913,0.104329427083
0.0257626488095,0.0352027529762,1,1469806873142,0.0348074776786,1,18,904973,0.102329799107
0.018298921131,0.022228422619,1,1469806873142,0.0226004464286,2,18,906993,0.07861328125
0.0228562127976,0.033458891369,1,1469806873142,0.0323660714286,3,18,909009,0.0946568080357
0.025623139881,0.032970610119,0,1469806873142,0.0282040550595,0,18,986103,0.093005952381
0.0366443452381,0.0556640625,0,1469806873142,0.0508975074405,1,18,988170,0.148251488095
0.0249953497024,0.0347842261905,0,1469806873142,0.0330636160714,2,18,990188,0.1064453125
0.0267624627976,0.0376674107143,0,1469806873142,0.0292038690476,3,18,992296,0.0993071056548
0.0350399925595,0.051013764881,0,1469806873142,0.0458984375,4,18,994345,0.14099702381
0.0252976190476,0.0364118303571,0,1469806873143,0.03271484375,5,18,996386,0.0965866815476
0.0244605654762,0.0348307291667,0,1469806873143,0.029064360119,6,18,998404,0.0933547247024
0.0355282738095,0.0471540178571,0,1469806873143,0.0425037202381,7,19,428,0.133719308036
0.0272972470238,0.0415504092262,1,1469806873143,0.0336681547619,0,19,2908,0.104166666667
0.0257393973214,0.0351795014881,1,1469806873143,0.0348074776786,1,19,4961,0.102213541667
0.0184384300595,0.0222749255952,1,1469806873143,0.022693452381,2,19,7033,0.0789620535714
