blue,green,groupId,received,red,sensorId,time1,time2,white
0.0501999627976,0.0691266741071,1,1470074817363,0.0633138020833,2,6,547508,0.193801153274
0.0402250744048,0.0604073660714,1,1470074817363,0.0580357142857,3,6,549516,0.167550223214
0.03125,0.0412946428571,0,1470074817412,0.0349702380952,0,6,626905,0.109514508929
0.0449451264881,0.0676618303571,0,1470074817412,0.0599190848214,1,6,629028,0.179757254464
0.036388578869,0.0512927827381,0,1470074817413,0.047619047619,2,6,631053,0.148995535714
0.0355282738095,0.0496884300595,0,1470074817413,0.0411551339286,3,6,633091,0.137183779762
0.0433872767857,0.0634998139881,0,1470074817414,0.0545014880952,4,6,635132,0.167526971726
0.0498511904762,0.0708937872024,0,1470074817414,0.0623372395833,5,6,637458,0.186244419643
0.0312034970238,0.0454334077381,0,1470074817414,0.0418294270833,6,6,639518,0.125441778274
0.0465029761905,0.0610584077381,0,1470074817414,0.0541759672619,7,6,641507,0.171247209821
0.0379696800595,0.0521763392857,1,1470074817414,0.0518740699405,0,6,643928,0.160109747024
0.0337379092262,0.0452706473214,1,1470074817414,0.0437825520833,1,6,646030,0.134323846726
0.0442243303571,0.0619652157738,1,1470074817414,0.0568498883929,2,6,648020,0.1708984375
0.0379696800595,0.0561058407738,1,1470074817463,0.0563383556548,3,6,650009,0.162248883929
0.0311802455357,0.0412248883929,0,1470074817517,0.0349702380952,0,6,726653,0.109468005952
0.0446196056548,0.067127046131,0,1470074817517,0.0595703125,1,6,729219,0.178780691964
0.0362258184524,0.051037016369,0,1470074817517,0.0473865327381,2,6,731280,0.148135230655
0.0355282738095,0.0497116815476,0,1470074817517,0.0412946428571,3,6,733297,0.137741815476
0.0430617559524,0.0629650297619,0,1470074817517,0.0541527157738,4,6,735382,0.16650390625
0.0505719866071,0.0716610863095,0,1470074817517,0.0633138020833,5,6,737461,0.190104166667
0.0313197544643,0.0460844494048,0,1470074817517,0.0419689360119,6,6,739467,0.125813802083
0.0465029761905,0.0610584077381,0,1470074817517,0.0542224702381,7,6,741471,0.171316964286
0.0364350818452,0.0497116815476,1,1470074817517,0.048828125,0,6,743951,0.153645833333
0.0337611607143,0.0452938988095,1,1470074817518,0.0438058035714,1,6,746069,0.134370349702
0.0385509672619,0.0529203869048,1,1470074817518,0.0502232142857,2,6,748087,0.152367001488
0.0348074776786,0.0495024181548,1,1470074817518,0.0515718005952,3,6,750093,0.152204241071
0.0312267485119,0.0413178943452,0,1470074817588,0.03515625,0,6,826879,0.109933035714
0.04443359375,0.0667782738095,0,1470074817640,0.0593843005952,1,6,828947,0.178245907738
0.0361095610119,0.0509207589286,0,1470074817640,0.0472702752976,2,6,830966,0.147716703869
0.0359235491071,0.0501534598214,0,1470074817640,0.0416201636905,3,6,833021,0.138439360119
0.0427827380952,0.0625,0,1470074817641,0.0538271949405,4,6,835073,0.165573846726
0.0509440104167,0.0720796130952,0,1470074817641,0.0638950892857,5,6,837107,0.192150297619
0.0312965029762,0.04638671875,0,1470074817641,0.0419921875,6,6,839111,0.127255394345
0.0465494791667,0.0611514136905,0,1470074817641,0.0542922247024,7,6,841132,0.171549479167
0.0354585193452,0.0486421130952,1,1470074817641,0.0470145089286,0,6,843604,0.14990234375
0.0338774181548,0.0454566592262,1,1470074817641,0.0439685639881,1,6,845941,0.134765625
0.0361560639881,0.0486886160714,1,1470074817641,0.0473167782738,2,6,848034,0.144205729167
0.0314592633929,0.0447358630952,1,1470074817641,0.0476888020833,3,6,850064,0.142764136905
0.031482514881,0.0416201636905,0,1470074817691,0.0355980282738,0,6,927646,0.111583891369
0.044201078869,0.0664760044643,0,1470074817743,0.0591285342262,1,6,929719,0.17761811756
0.0360398065476,0.0508277529762,0,1470074817743,0.0472005208333,2,6,931741,0.147507440476
0.0360630580357,0.0500837053571,0,1470074817743,0.0418061755952,3,6,933763,0.13878813244
0.0425967261905,0.0621512276786,0,1470074817743,0.0536644345238,4,6,935856,0.164992559524
0.0511532738095,0.0723353794643,0,1470074817743,0.064197358631,5,6,937888,0.193359375
0.0318545386905,0.0468517485119,0,1470074817743,0.0418526785714,6,6,939891,0.129743303571
0.0466657366071,0.0613141741071,0,1470074817743,0.0544084821429,7,6,941885,0.171968005952
0.0348307291667,0.0484328497024,1,1470074817743,0.0459216889881,0,6,944388,0.147367931548
0.0339704241071,0.0455729166667,1,1470074817743,0.0440848214286,1,6,946420,0.134974888393
0.0365048363095,0.049060639881,1,1470074817743,0.0490141369048,2,6,948418,0.14990234375
0.029529389881,0.0419224330357,1,1470074817744,0.0438290550595,3,6,950432,0.131928943452
0.0318777901786,0.0419921875,0,1470074817795,0.0362258184524,0,7,27317,0.114281063988
0.0442243303571,0.0664527529762,0,1470074817795,0.0591750372024,1,7,29378,0.177827380952
0.0360398065476,0.0508277529762,0,1470074817795,0.0472005208333,2,7,31446,0.147507440476
0.0357607886905,0.0495256696429,0,1470074817847,0.0416201636905,3,7,33520,0.138439360119
0.0425037202381,0.0619187127976,0,1470074817847,0.0535481770833,4,7,35540,0.164574032738
0.0512462797619,0.0723586309524,0,1470074817847,0.064220610119,5,7,37558,0.193894159226
0.0326915922619,0.047107514881,0,1470074817847,0.0416899181548,6,7,39637,0.130929129464
0.0467354910714,0.0614769345238,0,1470074817847,0.0545712425595,7,7,41657,0.17236328125
0.033458891369,0.0474097842262,1,1470074817847,0.0442243303571,0,7,44195,0.141043526786
0.0340401785714,0.0456194196429,1,1470074817847,0.0441313244048,1,7,46235,0.135230654762
0.0365048363095,0.049060639881,1,1470074817847,0.0490141369048,2,7,48269,0.14990234375
0.028064546131,0.0401088169643,1,1470074817847,0.0404110863095,3,7,50293,0.121768043155
0.0321103050595,0.042224702381,0,1470074817897,0.0370163690476,0,7,127595,0.116629464286
0.0443638392857,0.0665690104167,0,1470074817897,0.059337797619,1,7,129669,0.178524925595
0.0361095610119,0.0508975074405,0,1470074817897,0.0472470238095,2,7,131693,0.147739955357
0.035412016369,0.0490373883929,0,1470074817897,0.0416899181548,3,7,133704,0.138485863095
0.0423409598214,0.0615699404762,0,1470074817949,0.0532924107143,4,7,135792,0.163922991071
0.0512462797619,0.0723353794643,0,1470074817949,0.0641741071429,5,7,137809,0.194033668155
0.0335518973214,0.0473865327381,0,1470074817949,0.0418759300595,6,7,139813,0.130998883929
0.0467587425595,0.0615699404762,0,1470074817949,0.0547340029762,7,7,141807,0.172642299107
0.033203125,0.0473167782738,1,1470074817949,0.0432477678571,0,7,144361,0.13611421131
0.0341331845238,0.0457356770833,1,1470074817949,0.0442475818452,1,7,146404,0.135649181548
0.039318266369,0.0525716145833,1,1470074817949,0.0537574404762,2,7,148423,0.166085379464
0.0272739955357,0.039295014881,1,1470074817949,0.0387834821429,3,7,150433,0.115652901786
0.0323893229167,0.04248046875,0,1470074818002,0.037853422619,0,7,227721,0.118629092262
0.0445265997024,0.0667085193452,0,1470074818002,0.0594075520833,1,7,229784,0.179013206845
0.0361328125,0.0509440104167,0,1470074818002,0.0472935267857,2,7,231847,0.147902715774
0.0352725074405,0.0486188616071,0,1470074818002,0.0418991815476,3,7,233875,0.139741443452
0.0422944568452,0.0614304315476,0,1470074818002,0.0532459077381,4,7,235988,0.163829985119
0.0512230282738,0.072265625,0,1470074818002,0.0641276041667,5,7,238011,0.19396391369
0.0335518973214,0.0473865327381,0,1470074818054,0.0418759300595,6,7,240031,0.130998883929
0.0467587425595,0.0615699404762,0,1470074818054,0.0547340029762,7,7,242031,0.172642299107
0.0335518973214,0.0476422991071,1,1470074818054,0.0430385044643,0,7,244509,0.134719122024
0.0342261904762,0.0458751860119,1,1470074818054,0.0443405877976,1,7,246531,0.136021205357
0.0423642113095,0.0562918526786,1,1470074818054,0.0570591517857,2,7,248563,0.17833891369
0.0272507440476,0.0396902901786,1,1470074818054,0.0386439732143,3,7,250579,0.113816034226
0.0326450892857,0.042712983631,0,1470074818105,0.0384347098214,0,7,327932,0.120024181548
0.0445033482143,0.066662016369,0,1470074818105,0.059337797619,1,7,329999,0.1787109375
0.0361560639881,0.0509905133929,0,1470074818105,0.0472935267857,2,7,332021,0.14806547619
0.034923735119,0.0480375744048,0,1470074818105,0.041736421131,3,7,334104,0.139206659226
0.0423177083333,0.0614304315476,0,1470074818105,0.0531994047619,4,7,336153,0.163829985119
0.0511997767857,0.0722423735119,0,1470074818105,0.0641276041667,5,7,338185,0.193894159226
0.0340634300595,0.0477818080357,0,1470074818105,0.0422712053571,6,7,340184,0.130557105655
0.0467819940476,0.0616861979167,0,1470074818105,0.0548735119048,7,7,342189,0.172921316964
0.0335518973214,0.0476422991071,1,1470074818156,0.0430385044643,0,7,344699,0.134719122024
0.0342261904762,0.0458984375,1,1470074818156,0.0443638392857,1,7,346740,0.135974702381
0.0439453125,0.0578031994048,1,1470074818156,0.0586170014881,2,7,348744,0.184291294643
0.0272507440476,0.0396902901786,1,1470074818156,0.0386439732143,3,7,350762,0.113816034226
0.0328078497024,0.0428524925595,0,1470074818207,0.0386672247024,0,7,428145,0.120651971726
0.04443359375,0.0665690104167,0,1470074818207,0.0592447916667,1,7,430202,0.178455171131
0.0362258184524,0.0510602678571,0,1470074818207,0.0473865327381,2,7,432237,0.148367745536
0.0342494419643,0.0472470238095,0,1470074818207,0.0410853794643,3,7,434323,0.13660249256
0.0421781994048,0.061267671131,0,1470074818207,0.0530598958333,4,7,436347,0.16345796131
0.05126953125,0.0723353794643,0,1470074818207,0.0642671130952,5,7,438373,0.194312686012
0.0342029389881,0.0480143229167,0,1470074818207,0.0424107142857,6,7,440396,0.130138578869
0.0468284970238,0.061755952381,0,1470074818207,0.054943266369,7,7,442405,0.173084077381
0.0335053943452,0.0474097842262,1,1470074818207,0.042736235119,0,7,444907,0.133951822917
0.0342959449405,0.0459681919643,1,1470074818259,0.0444103422619,1,7,446929,0.136090959821
0.0440150669643,0.0576404389881,1,1470074818259,0.0589890252976,2,7,449007,0.185407366071
0.0272274925595,0.0397135416667,1,1470074818259,0.0385509672619,3,7,451033,0.112653459821
0.0328543526786,0.0429222470238,0,1470074818311,0.0385509672619,0,7,528344,0.12060546875
0.0443638392857,0.0664760044643,0,1470074818311,0.0592912946429,1,7,530403,0.178455171131
0.0362955729167,0.0511765252976,0,1470074818311,0.0474562872024,2,7,532413,0.148693266369
0.0336681547619,0.046875,0,1470074818312,0.0406436011905,3,7,534443,0.134347098214
0.0421084449405,0.0611979166667,0,1470074818312,0.0530133928571,4,7,536485,0.16320219494
0.05126953125,0.0723353794643,0,1470074818312,0.0642671130952,5,7,538510,0.194312686012
0.0341331845238,0.0481305803571,0,1470074818312,0.0422944568452,6,7,540497,0.129673549107
0.0468517485119,0.0618024553571,0,1470074818312,0.054943266369,7,7,542505,0.173246837798
0.0329938616071,0.0468052455357,1,1470074818312,0.0422712053571,0,7,545040,0.13292875744
0.0343191964286,0.0459914434524,1,1470074818358,0.04443359375,1,7,547049,0.13611421131
0.0425037202381,0.0557338169643,1,1470074818359,0.0576171875,2,7,549070,0.180571056548
0.0272972470238,0.0395275297619,1,1470074818359,0.0384812127976,3,7,551060,0.113025483631
0.0328311011905,0.04296875,0,1470074818410,0.0381789434524,0,7,628535,0.119884672619
0.044201078869,0.0663364955357,0,1470074818410,0.05908203125,1,7,630585,0.177873883929
0.0363188244048,0.0511765252976,0,1470074818410,0.0474795386905,2,7,632657,0.148693266369
0.0332728794643,0.0469215029762,0,1470074818410,0.0402483258929,3,7,634696,0.132649739583
0.0421084449405,0.0612444196429,0,1470074818410,0.0530366443452,4,7,636757,0.163132440476
0.0514322916667,0.0725446428571,0,1470074818410,0.0644298735119,5,7,638763,0.194986979167
0.033923921131,0.0482003348214,0,1470074818410,0.0419689360119,6,7,640753,0.129255022321
0.0469215029762,0.0618024553571,0,1470074818410,0.054943266369,7,7,642739,0.17333984375
0.0324358258929,0.0462239583333,1,1470074818410,0.0419689360119,0,7,645216,0.132370721726
0.0342726934524,0.0459449404762,1,1470074818410,0.0443870907738,1,7,647216,0.135788690476
0.0391787574405,0.051502046131,1,1470074818460,0.0542457217262,2,7,649207,0.168759300595
0.0278552827381,0.0402018229167,1,1470074818460,0.0391555059524,3,7,651191,0.11669921875
0.0326915922619,0.0429920014881,0,1470074818510,0.0377836681548,0,7,728739,0.118745349702
0.0440848214286,0.0662202380952,0,1470074818510,0.0588960193452,1,7,730800,0.177292596726
0.0362258184524,0.0510602678571,0,1470074818510,0.0473865327381,2,7,732795,0.148158482143
0.0330868675595,0.0469912574405,0,1470074818510,0.039806547619,3,7,734826,0.131277901786
0.0421084449405,0.0613141741071,0,1470074818510,0.0530831473214,4,7,736889,0.163132440476
0.0515950520833,0.0728004092262,0,1470074818510,0.0646158854167,5,7,738904,0.195661272321
0.0337146577381,0.04833984375,0,1470074818510,0.041736421131,6,7,740902,0.12902250744
0.0469447544643,0.0618257068452,0,1470074818510,0.054920014881,7,7,742910,0.173409598214
0.0321800595238,0.0460146949405,1,1470074818510,0.0420386904762,0,7,745526,0.133045014881
0.0341564360119,0.0458286830357,1,1470074818510,0.0442708333333,1,7,747551,0.13513764881
0.0345982142857,0.0454334077381,1,1470074818561,0.0487583705357,2,7,749573,0.151646205357
0.029041108631,0.0416201636905,1,1470074818561,0.0412016369048,3,7,751653,0.124116443452
0.0325288318452,0.0428059895833,0,1470074818614,0.0374348958333,0,7,828939,0.117001488095
0.0439220610119,0.0660109747024,0,1470074818614,0.0586867559524,1,7,830997,0.176618303571
0.0361095610119,0.0509207589286,0,1470074818614,0.0472935267857,2,7,833062,0.147530691964
0.0331798735119,0.0469912574405,0,1470074818614,0.0394112723214,3,7,835097,0.130347842262
0.0420619419643,0.0612444196429,0,1470074818614,0.0530133928571,4,7,837112,0.16296968006
0.0517345610119,0.072986421131,0,1470074818614,0.0647553943452,5,7,839127,0.19617280506
0.033458891369,0.0484793526786,0,1470074818614,0.0414574032738,6,7,841145,0.128557477679
0.0469680059524,0.061779203869,0,1470074818615,0.0548502604167,7,7,843154,0.173386346726
0.031970796131,0.0457821800595,1,1470074818615,0.0419921875,0,7,845653,0.133347284226
0.0340634300595,0.0457589285714,1,1470074818615,0.044201078869,1,7,847762,0.13464936756
0.0305757068452,0.04052734375,1,1470074818615,0.0425502232143,2,7,849786,0.133440290179
0.0307384672619,0.044201078869,1,1470074818665,0.0442708333333,3,7,851799,0.132626488095
0.0323428199405,0.0425502232143,0,1470074818719,0.0372721354167,0,7,930712,0.115629650298
0.043689546131,0.065662202381,0,1470074818719,0.058361235119,1,7,932806,0.175502232143
0.0359235491071,0.0506417410714,0,1470074818719,0.0470610119048,2,7,934837,0.146530877976
0.0331798735119,0.0468284970238,0,1470074818719,0.0390625,3,7,936898,0.129255022321
0.0414341517857,0.060802641369,0,1470074818719,0.0522925967262,4,7,938913,0.161714099702
0.0517810639881,0.0730794270833,0,1470074818719,0.0648484002976,5,7,940914,0.196382068452
0.0331798735119,0.0484793526786,0,1470074818719,0.0410853794643,6,7,942922,0.127534412202
0.0469215029762,0.0616861979167,0,1470074818719,0.0547572544643,7,7,945038,0.173177083333
0.031505766369,0.0452473958333,1,1470074818719,0.0413643973214,0,7,947534,0.130836123512
0.0338774181548,0.0455729166667,1,1470074818719,0.0440615699405,1,7,949554,0.133835565476
0.028064546131,0.0374348958333,1,1470074818719,0.0382021949405,2,7,951647,0.119768415179
0.032459077381,0.0469447544643,1,1470074818719,0.0474097842262,3,7,953675,0.140694754464
0.032482328869,0.0428524925595,0,1470074818791,0.0372953869048,0,8,29675,0.116908482143
0.04345703125,0.0653134300595,0,1470074818842,0.0580124627976,1,8,31822,0.174548921131
0.035900297619,0.0505952380952,0,1470074818842,0.0470377604167,2,8,33855,0.146530877976
0.0335286458333,0.0472702752976,0,1470074818842,0.0393647693452,3,8,36013,0.12999906994
0.0416899181548,0.0611979166667,0,1470074818842,0.0529436383929,4,8,38045,0.160970052083
0.0518508184524,0.0731491815476,0,1470074818842,0.06494140625,5,8,40079,0.196730840774
0.0328078497024,0.0482700892857,0,1470074818842,0.0408296130952,6,8,42085,0.126209077381
0.0468982514881,0.0616164434524,0,1470074818842,0.0547572544643,7,8,44170,0.173037574405
0.0314592633929,0.0450148809524,1,1470074818842,0.0408063616071,0,8,46657,0.128603980655
0.0336681547619,0.0452706473214,1,1470074818842,0.0439220610119,1,8,48697,0.132975260417
0.0269252232143,0.035877046131,1,1470074818842,0.0361095610119,2,8,50727,0.112513950893
0.0334821428571,0.0485258556548,1,1470074818842,0.0491071428571,3,8,52746,0.145042782738
0.0323660714286,0.0428524925595,0,1470074818893,0.037830171131,0,8,129870,0.116978236607
0.0435965401786,0.0654761904762,0,1470074818944,0.0581984747024,1,8,131919,0.175153459821
0.0360165550595,0.0507347470238,0,1470074818944,0.0471772693452,2,8,133937,0.147135416667
0.0338541666667,0.047619047619,0,1470074818944,0.0398297991071,3,8,136059,0.131905691964
0.0425037202381,0.0619652157738,0,1470074818944,0.0535946800595,4,8,138072,0.164643787202
0.0519205729167,0.0731956845238,0,1470074818944,0.0650111607143,5,8,140083,0.197172619048
0.0327845982143,0.0481538318452,0,1470074818944,0.041015625,6,8,142078,0.126139322917
0.0468517485119,0.0615931919643,0,1470074818944,0.0548502604167,7,8,144183,0.173130580357
0.0322033110119,0.0459216889881,1,1470074818944,0.0421084449405,0,8,146679,0.133114769345
0.03369140625,0.0451078869048,1,1470074818944,0.0438523065476,1,8,148700,0.133231026786
0.0266694568452,0.0356212797619,1,1470074818944,0.0355515252976,2,8,150700,0.10986328125
0.0338541666667,0.0491071428571,1,1470074818944,0.0498511904762,3,8,152712,0.146995907738
0.032459077381,0.0430152529762,0,1470074818996,0.0379464285714,0,8,230060,0.116885230655
0.043712797619,0.065662202381,0,1470074818996,0.0584077380952,1,8,232124,0.175757998512
0.0360630580357,0.0508045014881,0,1470074818996,0.0472237723214,2,8,234213,0.147298177083
0.0343191964286,0.0482235863095,0,1470074819047,0.0405040922619,3,8,236239,0.134440104167
0.0425734747024,0.0620582217262,0,1470074819047,0.0535946800595,4,8,238249,0.164736793155
0.0518740699405,0.0731491815476,0,1470074819047,0.0649646577381,5,8,240276,0.197126116071
0.032947358631,0.0476422991071,0,1470074819047,0.041271391369,6,8,242307,0.126953125
0.0468052455357,0.0615931919643,0,1470074819047,0.054920014881,7,8,244338,0.173084077381
0.0331798735119,0.0470145089286,1,1470074819047,0.0431315104167,0,8,246816,0.137741815476
0.0335984002976,0.0450148809524,1,1470074819047,0.043712797619,1,8,248848,0.13318452381
0.027087983631,0.0364350818452,1,1470074819047,0.036365327381,2,8,250875,0.111049107143
0.0336681547619,0.0488978794643,1,1470074819047,0.0498279389881,3,8,252878,0.147135416667
0.03271484375,0.0433872767857,0,1470074819098,0.0389694940476,0,8,330257,0.11902436756
0.0436430431548,0.0654529389881,0,1470074819098,0.0582914806548,1,8,332314,0.175478980655
0.0360165550595,0.0506882440476,0,1470074819098,0.0471540178571,2,8,334338,0.147042410714
0.0345517113095,0.0485258556548,0,1470074819149,0.0409226190476,3,8,336372,0.135765438988
0.0425269717262,0.0619187127976,0,1470074819149,0.0535249255952,4,8,338388,0.164597284226
0.0518043154762,0.0730794270833,0,1470074819149,0.0648716517857,5,8,340400,0.196870349702
0.0338076636905,0.0485026041667,0,1470074819149,0.042247953869,6,8,342394,0.129650297619
0.0467819940476,0.0615699404762,0,1470074819149,0.0548270089286,7,8,344443,0.172991071429
0.0336681547619,0.0475492931548,1,1470074819149,0.0436430431548,0,8,346928,0.139508928571
0.033435639881,0.0447823660714,1,1470074819149,0.0435965401786,1,8,348957,0.132975260417
0.0275530133929,0.0369001116071,1,1470074819149,0.0375046502976,2,8,350976,0.113188244048
0.0318777901786,0.0465029761905,1,1470074819149,0.0476655505952,3,8,353074,0.138695126488
0.0334821428571,0.04443359375,0,1470074819201,0.0396902901786,0,8,430459,0.12293061756
0.0433175223214,0.0650809151786,0,1470074819201,0.057872953869,1,8,432541,0.173828125
0.0358072916667,0.050525483631,0,1470074819201,0.0470610119048,2,8,434573,0.14636811756
0.0345517113095,0.048572358631,0,1470074819201,0.0409923735119,3,8,436595,0.136021205357
0.0425269717262,0.0619187127976,0,1470074819203,0.0535249255952,4,8,438599,0.164597284226
0.0516880580357,0.0728236607143,0,1470074819255,0.064708891369,5,8,440634,0.196382068452
0.0345749627976,0.0494791666667,0,1470074819255,0.0430617559524,6,8,442645,0.1318359375
0.0469215029762,0.061779203869,0,1470074819255,0.0549665178571,7,8,444680,0.173595610119
0.0337146577381,0.047595796131,1,1470074819255,0.0436430431548,0,8,447139,0.139322916667
0.0336216517857,0.0449451264881,1,1470074819255,0.0437360491071,1,8,449206,0.133626302083
0.0279482886905,0.0372721354167,1,1470074819255,0.037830171131,2,8,451229,0.11572265625
0.0320172991071,0.0462937127976,1,1470074819255,0.0482468377976,3,8,453245,0.14208984375
0.033203125,0.043689546131,0,1470074819306,0.0390625,0,8,530656,0.121675037202
0.043689546131,0.0656389508929,0,1470074819306,0.058337983631,1,8,532724,0.175455729167
0.0356910342262,0.0504092261905,0,1470074819306,0.0468982514881,2,8,534763,0.145112537202
0.0343191964286,0.0484561011905,0,1470074819306,0.0408761160714,3,8,536798,0.13525390625
0.0425502232143,0.0619419642857,0,1470074819306,0.0535481770833,4,8,538825,0.164620535714
0.0517113095238,0.0729166666667,0,1470074819306,0.0647786458333,5,8,540839,0.196428571429
0.034435453869,0.0492931547619,0,1470074819306,0.042736235119,6,8,542854,0.131022135417
0.0469912574405,0.0618489583333,0,1470074819357,0.0549665178571,7,8,544903,0.17371186756
0.0332263764881,0.0470377604167,1,1470074819357,0.0429454985119,0,8,547378,0.13611421131
0.0337844122024,0.0453171502976,1,1470074819357,0.0439220610119,1,8,549408,0.133998325893
0.0293898809524,0.0395275297619,1,1470074819357,0.0404343377976,2,8,551427,0.124209449405
0.0322730654762,0.0465029761905,1,1470074819357,0.0475260416667,3,8,553524,0.141555059524
0.0330636160714,0.0435035342262,0,1470074819408,0.0385044642857,0,8,630856,0.120372953869
0.0438523065476,0.0658482142857,0,1470074819408,0.0585472470238,1,8,632926,0.176199776786
0.0358537946429,0.0505719866071,0,1470074819408,0.0470377604167,2,8,634961,0.146321614583
0.0335984002976,0.0475492931548,0,1470074819408,0.0402250744048,3,8,637028,0.132231212798
0.0422712053571,0.0616629464286,0,1470074819408,0.0532691592262,4,8,639019,0.163713727679
0.0516880580357,0.0728934151786,0,1470074819408,0.0647786458333,5,8,641088,0.196312313988
0.033923921131,0.0489443824405,0,1470074819408,0.0420851934524,6,8,643068,0.12951078869
0.0469447544643,0.0618024553571,0,1470074819408,0.054943266369,7,8,645084,0.173502604167
0.0321800595238,0.0458984375,1,1470074819458,0.0414341517857,0,8,647574,0.130161830357
0.0339006696429,0.0455496651786,1,1470074819458,0.0440848214286,1,8,649616,0.134230840774
0.0302966889881,0.0403413318452,1,1470074819458,0.0422944568452,2,8,651610,0.132277715774
0.0313895089286,0.0452241443452,1,1470074819458,0.0455031622024,3,8,653582,0.13585844494
0.0333193824405,0.0438988095238,0,1470074819508,0.0393415178571,0,8,731045,0.120535714286
0.0438523065476,0.0658482142857,0,1470074819508,0.0585472470238,1,8,733098,0.176199776786
0.0359700520833,0.0507114955357,0,1470074819508,0.0471540178571,2,8,735121,0.146995907738
0.0334123883929,0.0474097842262,0,1470074819508,0.0400390625,3,8,737183,0.131161644345
0.041736421131,0.0612211681548,0,1470074819508,0.0529203869048,4,8,739196,0.161272321429
0.0517113095238,0.0728934151786,0,1470074819508,0.0648018973214,5,8,741214,0.196312313988
0.0335053943452,0.0488048735119,0,1470074819508,0.0418991815476,6,8,743224,0.128510974702
0.0469447544643,0.0618024553571,0,1470074819508,0.054943266369,7,8,745267,0.173502604167
0.0320405505952,0.0458751860119,1,1470074819558,0.0415504092262,0,8,747760,0.130510602679
0.0339006696429,0.0455264136905,1,1470074819558,0.044177827381,1,8,749768,0.134347098214
0.03125,0.0414109002976,1,1470074819558,0.0438988095238,2,8,751856,0.137509300595
0.0308314732143,0.0442940848214,1,1470074819558,0.04443359375,3,8,753889,0.132765997024
0.0331333705357,0.0435732886905,0,1470074819608,0.0391555059524,0,8,831303,0.120210193452
0.0438290550595,0.0657552083333,0,1470074819608,0.0584774925595,1,8,833375,0.176130022321
0.0361095610119,0.0508277529762,0,1470074819608,0.0472702752976,2,8,835484,0.147600446429
0.033458891369,0.047595796131,0,1470074819608,0.0401785714286,3,8,837514,0.131417410714
0.0422712053571,0.0615699404762,0,1470074819608,0.0533621651786,4,8,839519,0.163829985119
0.0516415550595,0.0728004092262,0,1470074819608,0.064685639881,5,8,841635,0.196103050595
0.0332728794643,0.0482933407738,0,1470074819608,0.0415271577381,6,8,843660,0.127743675595
0.0469215029762,0.061755952381,0,1470074819608,0.0549665178571,7,8,845679,0.173479352679
0.0326218377976,0.0465262276786,1,1470074819660,0.0421084449405,0,8,848165,0.133347284226
0.0339704241071,0.0454799107143,1,1470074819660,0.0441545758929,1,8,850194,0.134742373512
0.03125,0.0414109002976,1,1470074819660,0.0438988095238,2,8,852200,0.137509300595
0.0305989583333,0.0438988095238,1,1470074819660,0.044201078869,3,8,854262,0.132300967262
0.0330403645833,0.0435732886905,0,1470074819710,0.0393647693452,0,8,932522,0.120861235119
0.0439453125,0.0658947172619,0,1470074819710,0.05859375,1,8,934600,0.176711309524
0.0361095610119,0.0508510044643,0,1470074819710,0.0472702752976,2,8,936617,0.147623697917
0.0335984002976,0.0478050595238,0,1470074819710,0.0404343377976,3,8,938634,0.132184709821
0.0423874627976,0.0617094494048,0,1470074819710,0.0533854166667,4,8,940638,0.16417875744
0.0516183035714,0.0728004092262,0,1470074819710,0.0646623883929,5,8,942665,0.196103050595
0.033435639881,0.0479678199405,0,1470074819710,0.0415736607143,6,8,944719,0.128022693452
0.0469215029762,0.061755952381,0,1470074819710,0.0551292782738,7,8,946747,0.173618861607
0.0331566220238,0.0470377604167,1,1470074819761,0.0425734747024,0,8,949224,0.13562593006
0.0338774181548,0.0453636532738,1,1470074819761,0.0440150669643,1,8,951246,0.134556361607
0.0317847842262,0.042224702381,1,1470074819761,0.044666108631,2,8,953287,0.13829985119
0.0302036830357,0.0434105282738,1,1470074819761,0.0442243303571,3,8,955315,0.130347842262
0.0333658854167,0.0439453125,0,1470074819814,0.0400390625,0,9,31990,0.122651599702
0.0439918154762,0.0659644717262,0,1470074819814,0.0587565104167,1,9,34110,0.176990327381
0.0359933035714,0.0507114955357,0,1470074819814,0.0471540178571,2,9,36126,0.147228422619
0.0335518973214,0.0477353050595,0,1470074819814,0.0404575892857,3,9,38157,0.132510230655
0.0423874627976,0.0616861979167,0,1470074819814,0.0533621651786,4,9,40181,0.164109002976
0.0515485491071,0.0726609002976,0,1470074819814,0.0645693824405,5,9,42197,0.195847284226
0.0340401785714,0.0486886160714,0,1470074819814,0.0423409598214,6,9,44289,0.130115327381
0.0468052455357,0.0616164434524,0,1470074819814,0.054920014881,7,9,46310,0.173130580357
0.0333891369048,0.0472702752976,1,1470074819814,0.0428059895833,0,9,48823,0.136439732143
0.0337611607143,0.0451078869048,1,1470074819814,0.0438755580357,1,9,50852,0.134184337798
0.0315755208333,0.0419689360119,1,1470074819865,0.0445731026786,2,9,52871,0.13623046875
0.0302036830357,0.0434105282738,1,1470074819865,0.0442243303571,3,9,54885,0.130347842262
0.0338309151786,0.0444800967262,0,1470074819915,0.0402250744048,0,9,132488,0.125
0.0438290550595,0.0657087053571,0,1470074819915,0.0585007440476,1,9,134559,0.176199776786
0.0357840401786,0.0505719866071,0,1470074819915,0.0470842633929,2,9,136596,0.146135602679
0.033435639881,0.047619047619,0,1470074819915,0.040294828869,3,9,138621,0.132231212798
0.0423642113095,0.0616396949405,0,1470074819915,0.0533389136905,4,9,140630,0.164132254464
0.051525297619,0.0725911458333,0,1470074819915,0.0645228794643,5,9,142633,0.195731026786
0.0347609747024,0.0496651785714,0,1470074819915,0.043224516369,6,9,144681,0.13220796131
0.046875,0.0617327008929,0,1470074819915,0.054943266369,7,9,146715,0.173409598214
0.0333426339286,0.0471772693452,1,1470074819915,0.042712983631,0,9,149186,0.135788690476
0.0337379092262,0.0450613839286,1,1470074819915,0.0438523065476,1,9,151207,0.134207589286
0.0306222098214,0.0401785714286,1,1470074819965,0.0433175223214,2,9,153267,0.131533668155
0.0300641741071,0.043201264881,1,1470074819965,0.0451078869048,3,9,155285,0.132231212798
0.033458891369,0.0438755580357,0,1470074820015,0.0398297991071,0,9,232757,0.12365141369
0.04345703125,0.0652436755952,0,1470074820015,0.0580822172619,1,9,234823,0.174502418155
0.0356910342262,0.0504092261905,0,1470074820015,0.0469215029762,2,9,236833,0.145042782738
0.0333426339286,0.0475027901786,0,1470074820015,0.0402250744048,3,9,238834,0.132045200893
0.0422712053571,0.0615466889881,0,1470074820015,0.0532459077381,4,9,240853,0.163504464286
0.0515718005952,0.0727306547619,0,1470074820015,0.0646391369048,5,9,242878,0.195986793155
0.0348539806548,0.0498511904762,0,1470074820015,0.0433407738095,6,9,244921,0.132184709821
0.0469680059524,0.0618489583333,0,1470074820015,0.0549897693452,7,9,246941,0.173758370536
0.0331101190476,0.046875,1,1470074820015,0.0423177083333,0,9,249447,0.133975074405
0.0338076636905,0.0452938988095,1,1470074820015,0.0439685639881,1,9,251475,0.134463355655
0.0315290178571,0.0423642113095,1,1470074820066,0.0437825520833,2,9,253487,0.132835751488
0.0312965029762,0.0447358630952,1,1470074820066,0.0470377604167,3,9,255493,0.139880952381
0.0333193824405,0.0437593005952,0,1470074820117,0.0395042782738,0,9,332488,0.12244233631
0.0436662946429,0.0655691964286,0,1470074820117,0.0583147321429,1,9,334564,0.175316220238
0.0357607886905,0.0505022321429,0,1470074820117,0.0469680059524,2,9,336613,0.145833333333
0.033203125,0.0472470238095,0,1470074820117,0.0400623139881,3,9,338628,0.13134765625
0.0420619419643,0.0614769345238,0,1470074820117,0.0531529017857,4,9,340630,0.163016183036
0.0516183035714,0.0727771577381,0,1470074820117,0.0646623883929,5,9,342632,0.196103050595
0.0343889508929,0.0492466517857,0,1470074820117,0.0427594866071,6,9,344681,0.130719866071
0.0469680059524,0.0618489583333,0,1470074820117,0.0550130208333,7,9,346706,0.173758370536
0.0327613467262,0.0465029761905,1,1470074820117,0.0418759300595,0,9,349185,0.131789434524
0.0338774181548,0.04541015625,1,1470074820117,0.0440150669643,1,9,351200,0.134533110119
0.0318312872024,0.0428059895833,1,1470074820117,0.0443870907738,2,9,353244,0.135230654762
0.031505766369,0.0451078869048,1,1470074820166,0.0469680059524,3,9,355269,0.139997209821
0.0333658854167,0.0438290550595,0,1470074820217,0.0394112723214,0,9,432635,0.122233072917
0.0437593005952,0.065685453869,0,1470074820217,0.0584309895833,1,9,435187,0.175711495536
0.0357840401786,0.0505022321429,0,1470074820217,0.0470145089286,2,9,437219,0.14599609375
0.0331333705357,0.0471540178571,0,1470074820217,0.0400158110119,3,9,439224,0.130998883929
0.0419921875,0.0614536830357,0,1470074820217,0.0531063988095,4,9,441271,0.162806919643
0.0516183035714,0.0727771577381,0,1470074820217,0.0646623883929,5,9,443300,0.196103050595
0.0342261904762,0.049083891369,0,1470074820217,0.0425502232143,6,9,445319,0.130324590774
0.0469447544643,0.0618722098214,0,1470074820217,0.0549897693452,7,9,447346,0.17371186756
0.0325520833333,0.0462937127976,1,1470074820217,0.0416666666667,0,9,449847,0.131045386905
0.0339006696429,0.0454334077381,1,1470074820217,0.0440150669643,1,9,451867,0.134556361607
0.0316685267857,0.0425502232143,1,1470074820217,0.0441545758929,2,9,453883,0.134579613095
0.0314127604167,0.0450381324405,1,1470074820267,0.046619233631,3,9,456046,0.138997395833
0.0333193824405,0.0438058035714,0,1470074820318,0.039295014881,0,9,532796,0.122000558036
0.0438290550595,0.0658482142857,0,1470074820318,0.0585704985119,1,9,535370,0.176223028274
0.0358537946429,0.0505952380952,0,1470074820318,0.0470610119048,2,9,537400,0.146344866071
0.0330171130952,0.0469215029762,0,1470074820318,0.0398763020833,3,9,539391,0.130603608631
0.0420619419643,0.0614536830357,0,1470074820318,0.0531296502976,4,9,541396,0.163109188988
0.0516183035714,0.0727771577381,0,1470074820318,0.064685639881,5,9,543416,0.196126302083
0.0343191964286,0.0492699032738,0,1470074820318,0.0426664806548,6,9,545515,0.130812872024
0.0469912574405,0.0618722098214,0,1470074820318,0.0549897693452,7,9,547550,0.173851376488
0.032459077381,0.0461774553571,1,1470074820318,0.0413876488095,0,9,550019,0.13037109375
0.033923921131,0.0455031622024,1,1470074820318,0.0440848214286,1,9,552080,0.134719122024
0.031482514881,0.0424107142857,1,1470074820318,0.043689546131,2,9,554157,0.132579985119
0.03173828125,0.0454799107143,1,1470074820369,0.0474330357143,3,9,556161,0.141206287202
0.0331798735119,0.0436197916667,0,1470074820421,0.0389927455357,0,9,632988,0.121163504464
0.0439685639881,0.0659877232143,0,1470074820421,0.0587332589286,1,9,635538,0.176664806548
0.035900297619,0.0506649925595,0,1470074820421,0.047107514881,2,9,637819,0.146670386905
0.0328078497024,0.0465959821429,0,1470074820421,0.0395740327381,3,9,639889,0.12976655506
0.0421084449405,0.0614071800595,0,1470074820421,0.0531063988095,4,9,641872,0.163155691964
0.0516648065476,0.0728701636905,0,1470074820421,0.0647321428571,5,9,643859,0.196219308036
0.0341796875,0.0491768973214,0,1470074820421,0.0424107142857,6,9,645946,0.130440848214
0.0470145089286,0.0618954613095,0,1470074820421,0.0549897693452,7,9,648019,0.173874627976
0.0322963169643,0.0460146949405,1,1470074820421,0.0409923735119,0,9,650475,0.129603794643
0.0339936755952,0.0455961681548,1,1470074820421,0.0441313244048,1,9,652475,0.13488188244
0.0312732514881,0.042224702381,1,1470074820421,0.0431315104167,2,9,654485,0.130394345238
0.0320638020833,0.0459216889881,1,1470074820421,0.0482003348214,3,9,656481,0.143391927083
0.0330868675595,0.0434802827381,0,1470074820494,0.0385044642857,0,9,733180,0.120256696429
0.0440383184524,0.0661039806548,0,1470074820546,0.0588030133929,1,9,735243,0.176967075893
0.0360165550595,0.0508045014881,0,1470074820546,0.0472237723214,2,9,737588,0.147181919643
0.0325753348214,0.0461774553571,0,1470074820546,0.0392252604167,3,9,739643,0.128580729167
0.0421781994048,0.0614304315476,0,1470074820546,0.0531529017857,4,9,741652,0.163318452381
0.0516880580357,0.0729399181548,0,1470074820546,0.0647786458333,5,9,743717,0.196312313988
0.0340401785714,0.049083891369,0,1470074820546,0.0421316964286,6,9,745798,0.129975818452
0.0470610119048,0.0619187127976,0,1470074820546,0.0550130208333,7,9,747825,0.173967633929
0.0323195684524,0.0462007068452,1,1470074820546,0.0420851934524,0,9,750295,0.132765997024
0.0340169270833,0.045665922619,1,1470074820546,0.044177827381,1,9,752337,0.135044642857
0.0311104910714,0.0420851934524,1,1470074820546,0.0427594866071,2,9,754361,0.129138764881
0.0322963169643,0.0462007068452,1,1470074820546,0.0485026041667,3,9,756338,0.144391741071
0.0330403645833,0.0434105282738,0,1470074820608,0.0381091889881,0,9,833392,0.119535900298
0.0440848214286,0.066150483631,0,1470074820608,0.0588727678571,1,9,835520,0.17724609375
0.0361560639881,0.0509672619048,0,1470074820608,0.0473400297619,2,9,837519,0.147716703869
0.0325753348214,0.0461077008929,0,1470074820608,0.0392020089286,3,9,839520,0.128580729167
0.0422014508929,0.0615001860119,0,1470074820608,0.05322265625,4,9,841562,0.163504464286
0.0517345610119,0.073009672619,0,1470074820608,0.0648251488095,5,9,843585,0.196428571429
0.033923921131,0.0489908854167,0,1470074820608,0.0419689360119,6,9,845618,0.129696800595
0.0470145089286,0.0618954613095,0,1470074820659,0.0549897693452,7,9,847639,0.173874627976
0.0321103050595,0.0459681919643,1,1470074820659,0.0420619419643,0,9,850195,0.132463727679
0.0340401785714,0.0457124255952,1,1470074820659,0.044201078869,1,9,852224,0.135160900298
0.0309477306548,0.0418991815476,1,1470074820659,0.0425269717262,2,9,854292,0.12853422619
0.0323195684524,0.0462472098214,1,1470074820659,0.0485026041667,3,9,856307,0.144391741071
0.032970610119,0.0433872767857,0,1470074820710,0.0381324404762,0,9,934745,0.119396391369
0.0440383184524,0.0661039806548,0,1470074820710,0.0588030133929,1,9,936865,0.177060081845
0.0361560639881,0.0509672619048,0,1470074820710,0.0473400297619,2,9,938884,0.147693452381
0.0326450892857,0.0461774553571,0,1470074820710,0.0392252604167,3,9,940891,0.128650483631
0.0422014508929,0.0614769345238,0,1470074820710,0.0531994047619,4,9,942901,0.163434709821
0.0517113095238,0.0729631696429,0,1470074820710,0.0647786458333,5,9,944958,0.196335565476
0.033947172619,0.0489676339286,0,1470074820710,0.0420619419643,6,9,946988,0.129743303571
0.0470145089286,0.0618722098214,0,1470074820761,0.054943266369,7,9,948999,0.173828125
0.0322265625,0.0460146949405,1,1470074820761,0.0420154389881,0,9,951473,0.132765997024
0.0340634300595,0.0457124255952,1,1470074820761,0.044201078869,1,9,953502,0.13513764881
0.0308082217262,0.0417131696429,1,1470074820761,0.0422944568452,2,9,955518,0.1279296875
0.0323195684524,0.0462472098214,1,1470074820761,0.0483863467262,3,9,957527,0.144089471726
0.0329938616071,0.0434105282738,0,1470074820812,0.0382254464286,0,10,33822,0.119489397321
0.0440848214286,0.066150483631,0,1470074820812,0.0588727678571,1,10,35959,0.177176339286
0.0361328125,0.0509440104167,0,1470074820812,0.0472935267857,2,10,37968,0.14757719494
0.03271484375,0.0463169642857,0,1470074820812,0.039295014881,3,10,40057,0.12890625
0.042224702381,0.0615001860119,0,1470074820812,0.0531994047619,4,10,42065,0.16345796131
0.0517113095238,0.072986421131,0,1470074820812,0.0648018973214,5,10,44175,0.196358816964
0.033947172619,0.0489676339286,0,1470074820812,0.0420851934524,6,10,46213,0.12976655506
0.0470377604167,0.0619187127976,0,1470074820812,0.0549897693452,7,10,48257,0.173921130952
0.0322730654762,0.0460146949405,1,1470074820863,0.0419689360119,0,10,50739,0.132649739583
0.0340634300595,0.0457124255952,1,1470074820863,0.044201078869,1,10,52755,0.135114397321
0.03076171875,0.0416201636905,1,1470074820863,0.0421549479167,2,10,54767,0.127580915179
0.0323893229167,0.0463634672619,1,1470074820863,0.0484095982143,3,10,56780,0.144228980655
0.0329938616071,0.0434337797619,0,1470074820914,0.0382254464286,0,10,134028,0.11951264881
0.0440615699405,0.066150483631,0,1470074820914,0.058849516369,1,10,136144,0.17712983631
0.0361095610119,0.0509207589286,0,1470074820914,0.0473167782738,2,10,138166,0.147553943452
0.0327613467262,0.0464332217262,0,1470074820914,0.0393880208333,3,10,140172,0.129231770833
0.042224702381,0.0615466889881,0,1470074820914,0.0532459077381,4,10,142175,0.163504464286
0.0517578125,0.0730329241071,0,1470074820914,0.0648484002976,5,10,144284,0.196568080357
0.033947172619,0.0489443824405,0,1470074820914,0.0420619419643,6,10,146315,0.12976655506
0.0470377604167,0.0618954613095,0,1470074820914,0.0549665178571,7,10,148333,0.173874627976
0.0323195684524,0.0460844494048,1,1470074820914,0.0420619419643,0,10,150805,0.132905505952
0.0340634300595,0.0457124255952,1,1470074820965,0.044201078869,1,10,152839,0.13513764881
0.0306687127976,0.04150390625,1,1470074820965,0.0420154389881,2,10,154868,0.127139136905
0.032459077381,0.0464564732143,1,1470074820965,0.0484793526786,3,10,156871,0.144438244048
0.032947358631,0.0433872767857,0,1470074821016,0.0381556919643,0,10,234217,0.119326636905
0.0440848214286,0.066173735119,0,1470074821016,0.0588727678571,1,10,236275,0.177176339286
0.0361095610119,0.0509207589286,0,1470074821016,0.0473167782738,2,10,238291,0.14757719494
0.0328311011905,0.0464797247024,0,1470074821016,0.0394345238095,3,10,240312,0.129464285714
0.0422712053571,0.0615699404762,0,1470074821016,0.0532459077381,4,10,242322,0.163597470238
0.0517578125,0.0730329241071,0,1470074821016,0.0648484002976,5,10,244361,0.196568080357
0.033947172619,0.0489443824405,0,1470074821016,0.0420619419643,6,10,246375,0.129720052083
0.0470377604167,0.0618954613095,0,1470074821016,0.0549665178571,7,10,248417,0.173874627976
0.0323660714286,0.046130952381,1,1470074821016,0.0421316964286,0,10,250904,0.133068266369
0.0340401785714,0.0456891741071,1,1470074821016,0.044177827381,1,10,252922,0.135044642857
0.030505952381,0.041248139881,1,1470074821066,0.0418294270833,2,10,254951,0.126395089286
0.032459077381,0.0465727306548,1,1470074821067,0.0485258556548,3,10,256941,0.144507998512
0.032947358631,0.0433872767857,0,1470074821118,0.0381324404762,0,10,334765,0.119233630952
0.0440615699405,0.066150483631,0,1470074821118,0.058849516369,1,10,336830,0.177153087798
0.0361095610119,0.0509207589286,0,1470074821118,0.0472935267857,2,10,338830,0.14757719494
0.0328311011905,0.0464797247024,0,1470074821118,0.0394112723214,3,10,340815,0.129487537202
0.042224702381,0.0615466889881,0,1470074821118,0.05322265625,4,10,342827,0.163527715774
0.0517345610119,0.0730329241071,0,1470074821118,0.0648251488095,5,10,344882,0.196521577381
0.033923921131,0.0489211309524,0,1470074821118,0.0420154389881,6,10,346909,0.129696800595
0.0470145089286,0.0618954613095,0,1470074821118,0.054943266369,7,10,348925,0.173804873512
0.0323428199405,0.046130952381,1,1470074821118,0.0421084449405,0,10,351396,0.133091517857
0.0340169270833,0.045665922619,1,1470074821118,0.044177827381,1,10,353418,0.134998139881
0.0303896949405,0.0412016369048,1,1470074821169,0.0416434151786,2,10,355501,0.125534784226
0.0326218377976,0.0468517485119,1,1470074821169,0.0488978794643,3,10,357505,0.145345052083
0.0329241071429,0.0433640252976,0,1470074821220,0.0380859375,0,10,434506,0.119070870536
0.0440848214286,0.066173735119,0,1470074821220,0.058849516369,1,10,437040,0.177153087798
0.0361328125,0.0509207589286,0,1470074821220,0.0472935267857,2,10,439036,0.147553943452
0.0328543526786,0.0465029761905,0,1470074821220,0.0394345238095,3,10,441074,0.129580543155
0.042224702381,0.0615234375,0,1470074821220,0.0532459077381,4,10,443081,0.163527715774
0.0517578125,0.0730329241071,0,1470074821220,0.0648251488095,5,10,445122,0.196521577381
0.033947172619,0.0489676339286,0,1470074821220,0.0420386904762,6,10,447159,0.129836309524
0.0469912574405,0.0618722098214,0,1470074821220,0.054943266369,7,10,449232,0.173804873512
0.0323428199405,0.046130952381,1,1470074821220,0.0421084449405,0,10,451703,0.133091517857
0.0340169270833,0.045642671131,1,1470074821220,0.0441545758929,1,10,453719,0.134928385417
0.0302966889881,0.0411318824405,1,1470074821220,0.041271391369,2,10,455778,0.124069940476
0.032970610119,0.0474097842262,1,1470074821270,0.0496419270833,3,10,457824,0.147065662202
