blue,green,groupId,received,red,sensorId,time1,time2,white
0.015392485119,0.0210658482143,1,1469737328443,0.0198102678571,2,12,889962,0.0591517857143
0.0223214285714,0.0325055803571,1,1469737328443,0.0355515252976,3,12,891985,0.102608816964
0.0230189732143,0.0295061383929,0,1469737328443,0.026622953869,0,12,969545,0.083263578869
0.0360165550595,0.0548735119048,0,1469737328443,0.0501999627976,1,12,971593,0.145182291667
0.0213681175595,0.0300641741071,0,1469737328443,0.0289481026786,2,12,973598,0.0925874255952
0.0199497767857,0.0296456473214,0,1469737328443,0.0242978050595,3,12,975619,0.0761021205357
0.0359235491071,0.0524553571429,0,1469737328443,0.0468982514881,4,12,977638,0.14404296875
0.0260649181548,0.0373186383929,0,1469737328443,0.0333426339286,5,12,979683,0.0980282738095
0.0203218005952,0.0278552827381,0,1469737328443,0.0259486607143,6,12,981708,0.0836588541667
0.0376209077381,0.0493629092262,0,1469737328443,0.0448056175595,7,12,983738,0.140183221726
0.0219494047619,0.0332961309524,1,1469737328443,0.0295061383929,0,12,986220,0.0889369419643
0.0270182291667,0.0360165550595,1,1469737328443,0.0362258184524,1,12,988266,0.10974702381
0.015369233631,0.0210193452381,1,1469737328443,0.019787016369,2,12,990270,0.0591517857143
0.0222981770833,0.0324358258929,1,1469737328443,0.0354817708333,3,12,992265,0.102306547619
0.0230189732143,0.0294828869048,0,1469737328444,0.026622953869,0,13,69721,0.0832170758929
0.0359700520833,0.0548502604167,0,1469737328547,0.0501534598214,1,13,71763,0.145089285714
0.0213681175595,0.0300641741071,0,1469737328548,0.0289481026786,2,13,73777,0.0926106770833
0.0199265252976,0.0296688988095,0,1469737328548,0.0242978050595,3,13,75817,0.0761021205357
0.035900297619,0.0524321056548,0,1469737328548,0.0468284970238,4,13,77844,0.143903459821
0.0260649181548,0.037341889881,0,1469737328548,0.0333426339286,5,13,79876,0.0980980282738
0.0203218005952,0.0278552827381,0,1469737328548,0.0259719122024,6,13,81892,0.0836588541667
0.0376209077381,0.0493629092262,0,1469737328549,0.0448056175595,7,13,83918,0.140183221726
0.0219261532738,0.0332728794643,1,1469737328549,0.0294131324405,0,13,86477,0.0886579241071
0.0270182291667,0.0360165550595,1,1469737328549,0.0362258184524,1,13,88486,0.109723772321
0.015369233631,0.02099609375,1,1469737328549,0.019763764881,2,13,90502,0.0591285342262
0.0222516741071,0.0323893229167,1,1469737328549,0.035412016369,3,13,92576,0.102120535714
0.0229957217262,0.0294596354167,0,1469737328549,0.026599702381,0,13,169903,0.0831473214286
0.0359933035714,0.0548502604167,0,1469737328549,0.0501767113095,1,13,171945,0.145159040179
0.0213681175595,0.0300641741071,0,1469737328549,0.0289481026786,2,13,174018,0.0926339285714
0.0199497767857,0.0296688988095,0,1469737328550,0.0243210565476,3,13,176057,0.0761021205357
0.0358537946429,0.0523856026786,0,1469737328653,0.0467819940476,4,13,178080,0.143787202381
0.0260649181548,0.037341889881,0,1469737328654,0.0333426339286,5,13,180153,0.0980747767857
0.0203450520833,0.0278552827381,0,1469737328654,0.0259719122024,6,13,182178,0.0836821056548
0.03759765625,0.0493396577381,0,1469737328654,0.0447823660714,7,13,184259,0.14013671875
0.0219029017857,0.0332496279762,1,1469737328654,0.0293898809524,0,13,186774,0.0885184151786
0.0269949776786,0.0360165550595,1,1469737328654,0.0362258184524,1,13,188825,0.109723772321
0.0153459821429,0.0209728422619,1,1469737328654,0.0197405133929,2,13,190835,0.05908203125
0.0222749255952,0.0323893229167,1,1469737328654,0.035412016369,3,13,192851,0.102143787202
0.0229724702381,0.0294363839286,0,1469737328654,0.026599702381,0,13,270082,0.0831240699405
0.0359700520833,0.0548502604167,0,1469737328655,0.0501767113095,1,13,272124,0.14513578869
0.0213681175595,0.0300641741071,0,1469737328655,0.0289713541667,2,13,274203,0.0926339285714
0.0199497767857,0.0296688988095,0,1469737328655,0.0243210565476,3,13,276305,0.0761253720238
0.035877046131,0.0524088541667,0,1469737328655,0.0467819940476,4,13,278338,0.143856956845
0.0260416666667,0.0372953869048,0,1469737328655,0.0333193824405,5,13,280367,0.0979817708333
0.0203218005952,0.02783203125,0,1469737328655,0.0259719122024,6,13,282387,0.0836588541667
0.0375744047619,0.04931640625,0,1469737328760,0.0447591145833,7,13,284437,0.140043712798
0.0219029017857,0.0332496279762,1,1469737328760,0.0293898809524,0,13,286910,0.0885184151786
0.0270182291667,0.0360165550595,1,1469737328760,0.0362258184524,1,13,288906,0.10974702381
0.0153459821429,0.02099609375,1,1469737328760,0.019763764881,2,13,290993,0.0591052827381
0.0222981770833,0.0324125744048,1,1469737328760,0.0354352678571,3,13,293017,0.102353050595
0.02294921875,0.0294363839286,0,1469737328760,0.026599702381,0,13,370261,0.0831008184524
0.0359700520833,0.0548502604167,0,1469737328760,0.0501999627976,1,13,372335,0.145182291667
0.0213681175595,0.0300874255952,0,1469737328760,0.0289713541667,2,13,374359,0.0926571800595
0.0199497767857,0.0296921502976,0,1469737328760,0.0243443080357,3,13,376372,0.0761253720238
0.0358537946429,0.0523623511905,0,1469737328760,0.0467587425595,4,13,378396,0.143787202381
0.0260416666667,0.0372953869048,0,1469737328760,0.0333193824405,5,13,380437,0.0980050223214
0.0203218005952,0.02783203125,0,1469737328761,0.0259486607143,6,13,382460,0.0836123511905
0.0375744047619,0.04931640625,0,1469737328761,0.0447591145833,7,13,384478,0.14002046131
0.0219029017857,0.0332496279762,1,1469737328761,0.0293666294643,0,13,387002,0.0884254092262
0.0270182291667,0.0360165550595,1,1469737328761,0.0362490699405,1,13,389020,0.109816778274
0.015392485119,0.0210658482143,1,1469737328939,0.0198102678571,2,13,391201,0.0592215401786
0.0223214285714,0.032482328869,1,1469737328940,0.0355282738095,3,13,393225,0.102608816964
0.02294921875,0.0294363839286,0,1469737328940,0.026599702381,0,13,470445,0.0831240699405
0.0359933035714,0.0548735119048,0,1469737328940,0.0501999627976,1,13,472479,0.145228794643
0.0213681175595,0.0300874255952,0,1469737328941,0.0289946056548,2,13,474483,0.0927036830357
0.0199497767857,0.0296921502976,0,1469737328941,0.0243210565476,3,13,476506,0.0761253720238
0.0358537946429,0.0523623511905,0,1469737328941,0.0467587425595,4,13,478536,0.143763950893
0.0260416666667,0.0373186383929,0,1469737328941,0.0333426339286,5,13,480561,0.0980282738095
0.020275297619,0.02783203125,0,1469737328941,0.0259254092262,6,13,482581,0.0835658482143
0.0375511532738,0.04931640625,0,1469737328941,0.0447591145833,7,13,484666,0.140043712798
0.0219029017857,0.0332263764881,1,1469737328941,0.0293433779762,0,13,487126,0.0884021577381
0.0270414806548,0.0360398065476,1,1469737328941,0.0362723214286,1,13,489133,0.109933035714
0.0154157366071,0.0211356026786,1,1469737328941,0.0198335193452,2,13,491177,0.0592680431548
0.0224144345238,0.0326450892857,1,1469737328941,0.0356910342262,3,13,493192,0.103166852679
0.0229724702381,0.0294363839286,0,1469737328941,0.026599702381,0,13,570598,0.0831240699405
0.0359933035714,0.0548735119048,0,1469737329050,0.0501999627976,1,13,572700,0.145205543155
0.0213913690476,0.0300874255952,0,1469737329050,0.0289946056548,2,13,574685,0.0927036830357
0.0199730282738,0.0296921502976,0,1469737329050,0.0243210565476,3,13,576682,0.0761021205357
0.0358537946429,0.0523623511905,0,1469737329051,0.0467587425595,4,13,578671,0.143763950893
0.0260184151786,0.0372953869048,0,1469737329051,0.0332961309524,5,13,580758,0.0979817708333
0.020252046131,0.0277622767857,0,1469737329052,0.02587890625,6,13,582739,0.0834495907738
0.0375511532738,0.04931640625,0,1469737329054,0.0447591145833,7,13,584763,0.140066964286
0.0219029017857,0.0332496279762,1,1469737329054,0.0293666294643,0,13,587245,0.0884486607143
0.0270414806548,0.0360398065476,1,1469737329054,0.0362723214286,1,13,589260,0.109956287202
0.0154389880952,0.0212053571429,1,1469737329055,0.0199032738095,2,13,591244,0.059337797619
0.0225539434524,0.0328078497024,1,1469737329055,0.0358537946429,3,13,593257,0.103794642857
0.02294921875,0.0294363839286,0,1469737329056,0.0265764508929,0,13,670801,0.0831008184524
0.0359933035714,0.0548735119048,0,1469737329056,0.0501999627976,1,13,672838,0.145228794643
0.0213681175595,0.0300874255952,0,1469737329056,0.0289713541667,2,13,674936,0.0927036830357
0.0199497767857,0.0296921502976,0,1469737329056,0.0243210565476,3,13,676968,0.0760788690476
0.0358537946429,0.0523623511905,0,1469737329154,0.0467587425595,4,13,678986,0.143763950893
0.0259951636905,0.0372721354167,0,1469737329154,0.0332961309524,5,13,681020,0.097888764881
0.0202287946429,0.0277157738095,0,1469737329154,0.0258324032738,6,13,683105,0.0833565848214
0.0375511532738,0.04931640625,0,1469737329154,0.0447591145833,7,13,685139,0.140066964286
0.0218796502976,0.033203125,1,1469737329154,0.0293433779762,0,13,687595,0.08837890625
0.0270414806548,0.0360630580357,1,1469737329154,0.0363188244048,1,13,689602,0.110049293155
0.0154854910714,0.0213216145833,1,1469737329154,0.0199730282738,2,13,691619,0.0594540550595
0.0226236979167,0.032947358631,1,1469737329154,0.0359933035714,3,13,693643,0.104282924107
0.02294921875,0.0294363839286,0,1469737329154,0.026599702381,0,13,771082,0.0831008184524
0.0359933035714,0.0548735119048,0,1469737329154,0.0501999627976,1,13,773139,0.145228794643
0.0213913690476,0.0301106770833,0,1469737329154,0.0289946056548,2,13,775169,0.0927501860119
0.0199497767857,0.0297154017857,0,1469737329154,0.0243210565476,3,13,777195,0.0760556175595
0.0358305431548,0.0523158482143,0,1469737329155,0.0467122395833,4,13,779253,0.14367094494
0.0260184151786,0.0372953869048,0,1469737329155,0.0332961309524,5,13,781282,0.0979352678571
0.0202055431548,0.0276692708333,0,1469737329155,0.0257859002976,6,13,783305,0.083240327381
0.0375744047619,0.0493396577381,0,1469737329261,0.0447823660714,7,13,785337,0.140159970238
0.0218796502976,0.033203125,1,1469737329261,0.0293433779762,0,13,787825,0.0884254092262
0.0270647321429,0.0360863095238,1,1469737329261,0.0363188244048,1,13,789833,0.110119047619
0.0155319940476,0.0214146205357,1,1469737329261,0.0200427827381,2,13,791826,0.0595935639881
0.022716703869,0.0330636160714,1,1469737329270,0.0361095610119,3,13,793840,0.104817708333
0.0229724702381,0.0294363839286,0,1469737329270,0.026599702381,0,13,871206,0.0831008184524
0.0360165550595,0.0548735119048,0,1469737329270,0.0502232142857,1,13,873234,0.145252046131
0.0213913690476,0.0301106770833,0,1469737329270,0.0289946056548,2,13,875271,0.0927501860119
0.0199497767857,0.0297154017857,0,1469737329270,0.0243210565476,3,13,877298,0.0760556175595
0.0358305431548,0.0523390997024,0,1469737329270,0.0467354910714,4,13,879314,0.143740699405
0.0260184151786,0.0372953869048,0,1469737329270,0.0332961309524,5,13,881339,0.0979352678571
0.0201822916667,0.0276460193452,0,1469737329270,0.0257626488095,6,13,883371,0.0831473214286
0.03759765625,0.0493629092262,0,1469737329270,0.0447823660714,7,13,885468,0.140159970238
0.0218563988095,0.0331566220238,1,1469737329270,0.0293433779762,0,13,887934,0.0884021577381
0.0270647321429,0.0360863095238,1,1469737329270,0.0363188244048,1,13,889945,0.110142299107
0.0155784970238,0.021484375,1,1469737329440,0.0200892857143,2,13,891981,0.0596633184524
0.022716703869,0.0330636160714,1,1469737329440,0.0361095610119,3,13,894082,0.104817708333
0.0229724702381,0.0294363839286,0,1469737329440,0.026599702381,0,13,971400,0.0831008184524
0.0359933035714,0.0548735119048,0,1469737329440,0.0501999627976,1,13,973421,0.145205543155
0.0213913690476,0.0301106770833,0,1469737329441,0.0289946056548,2,13,976185,0.0927501860119
0.0199497767857,0.0296921502976,0,1469737329441,0.0243210565476,3,13,978231,0.0760091145833
0.0358537946429,0.0523623511905,0,1469737329441,0.0467354910714,4,13,980342,0.143787202381
0.0259951636905,0.0372488839286,0,1469737329441,0.0332728794643,5,13,982371,0.0978655133929
0.0201357886905,0.0276227678571,0,1469737329441,0.0257393973214,6,13,984404,0.0830543154762
0.03759765625,0.0493396577381,0,1469737329441,0.0447823660714,7,13,986411,0.140159970238
0.0218563988095,0.0331333705357,1,1469737329441,0.0293201264881,0,13,988893,0.0884021577381
0.027087983631,0.0361095610119,1,1469737329441,0.0363420758929,1,13,990909,0.11023530506
0.0156017485119,0.0215541294643,1,1469737329441,0.0201357886905,2,13,992923,0.0597098214286
0.0227864583333,0.0331798735119,1,1469737329441,0.0362490699405,3,13,995029,0.105375744048
0.02294921875,0.0294363839286,0,1469737329441,0.026599702381,0,14,71563,0.0830775669643
0.0360165550595,0.0548967633929,0,1469737329573,0.0502232142857,1,14,73598,0.145275297619
0.0213913690476,0.0301106770833,0,1469737329573,0.0289946056548,2,14,75638,0.0927734375
0.0199497767857,0.0296921502976,0,1469737329573,0.0242978050595,3,14,77666,0.0759858630952
0.0358305431548,0.0523158482143,0,1469737329573,0.0467122395833,4,14,79683,0.143717447917
0.0259951636905,0.0372721354167,0,1469737329573,0.0332961309524,5,14,81705,0.0978655133929
0.0201125372024,0.027576264881,0,1469737329573,0.0256928943452,6,14,83728,0.0829845610119
0.03759765625,0.0493396577381,0,1469737329573,0.0447823660714,7,14,85750,0.140159970238
0.0218331473214,0.0330868675595,1,1469737329573,0.0293433779762,0,14,88198,0.0884254092262
0.027087983631,0.0361095610119,1,1469737329573,0.0363420758929,1,14,90197,0.110281808036
0.015625,0.0216471354167,1,1469737329573,0.0201822916667,2,14,92261,0.059802827381
0.0228794642857,0.0333193824405,1,1469737329573,0.036365327381,3,14,94342,0.105980282738
0.0229724702381,0.0294596354167,0,1469737329573,0.026599702381,0,14,171764,0.0830775669643
0.0359933035714,0.0548735119048,0,1469737329573,0.0501999627976,1,14,173814,0.145182291667
0.0213913690476,0.0301106770833,0,1469737329573,0.0289946056548,2,14,175910,0.0927734375
0.0199497767857,0.0296688988095,0,1469737329573,0.0242745535714,3,14,177920,0.075939360119
0.0358537946429,0.0523390997024,0,1469737329573,0.0467354910714,4,14,179940,0.143740699405
0.0260184151786,0.0372721354167,0,1469737329657,0.0332961309524,5,14,181945,0.097888764881
0.0200892857143,0.0275297619048,0,1469737329657,0.0256696428571,6,14,183959,0.0828450520833
0.03759765625,0.0493396577381,0,1469737329657,0.0447823660714,7,14,186051,0.140113467262
0.0218331473214,0.0330636160714,1,1469737329657,0.0293433779762,0,14,188512,0.0884719122024
0.027087983631,0.0361328125,1,1469737329657,0.0363420758929,1,14,190529,0.1103515625
0.015625,0.0216471354167,1,1469737329657,0.0201822916667,2,14,192543,0.059802827381
0.0229724702381,0.033435639881,1,1469737329657,0.0364815848214,3,14,194568,0.106538318452
0.0229724702381,0.0294596354167,0,1469737329657,0.026599702381,0,14,271922,0.0831008184524
0.0360165550595,0.0548967633929,0,1469737329657,0.0501999627976,1,14,274025,0.145228794643
0.0213913690476,0.0301106770833,0,1469737329657,0.0289946056548,2,14,276078,0.0927734375
0.0199265252976,0.0296456473214,0,1469737329657,0.0242745535714,3,14,278105,0.075916108631
0.035877046131,0.0523623511905,0,1469737329657,0.0467587425595,4,14,280129,0.143810453869
0.0260184151786,0.0372721354167,0,1469737329657,0.0332728794643,5,14,282149,0.0978190104167
0.0200660342262,0.0275065104167,0,1469737329657,0.025646391369,6,14,284244,0.0827985491071
0.03759765625,0.0493396577381,0,1469737329657,0.0447591145833,7,14,286313,0.14013671875
0.0218563988095,0.0330403645833,1,1469737329764,0.0293898809524,0,14,288775,0.088611421131
0.027087983631,0.0361328125,1,1469737329764,0.036365327381,1,14,290839,0.110398065476
0.0156947544643,0.021740141369,1,1469737329764,0.0202287946429,2,14,292895,0.0598958333333
0.0230422247024,0.0335518973214,1,1469737329765,0.0365745907738,3,14,294920,0.107119605655
0.0229724702381,0.0294828869048,0,1469737329765,0.026599702381,0,14,372108,0.0831240699405
0.0359933035714,0.0548735119048,0,1469737329765,0.0501767113095,1,14,374225,0.14513578869
0.0213681175595,0.0301106770833,0,1469737329765,0.0289946056548,2,14,376242,0.0927269345238
0.0199032738095,0.0296223958333,0,1469737329765,0.0242513020833,3,14,378256,0.0758696056548
0.0358537946429,0.0523390997024,0,1469737329765,0.0467587425595,4,14,380323,0.143763950893
0.0259719122024,0.0372488839286,0,1469737329765,0.0332496279762,5,14,382368,0.0977492559524
0.02001953125,0.0274600074405,0,1469737329765,0.0255998883929,6,14,384401,0.0826822916667
0.0375744047619,0.04931640625,0,1469737329765,0.0447358630952,7,14,386402,0.140066964286
0.0218331473214,0.0330171130952,1,1469737329765,0.0293898809524,0,14,388891,0.0887276785714
0.027087983631,0.0361328125,1,1469737329765,0.036365327381,1,14,390903,0.110374813988
0.0156947544643,0.0217866443452,1,1469737329765,0.020252046131,2,14,392909,0.0598958333333
0.0230887276786,0.0336449032738,1,1469737329945,0.0366443452381,3,14,395001,0.107584635417
0.0229724702381,0.0294596354167,0,1469737329945,0.026599702381,0,14,472287,0.0831008184524
0.0359933035714,0.0548735119048,0,1469737329945,0.0501767113095,1,14,474341,0.14513578869
0.0213681175595,0.0301106770833,0,1469737329946,0.0289946056548,2,14,476429,0.0927269345238
0.0198800223214,0.0295758928571,0,1469737329946,0.0242280505952,3,14,478447,0.0757998511905
0.035877046131,0.0523623511905,0,1469737329946,0.0468284970238,4,14,480457,0.143880208333
0.0259951636905,0.0372721354167,0,1469737329946,0.0332728794643,5,14,482485,0.0978190104167
0.02001953125,0.0274600074405,0,1469737329946,0.0255766369048,6,14,484530,0.0826590401786
0.0375744047619,0.04931640625,0,1469737329946,0.0447591145833,7,14,486527,0.140090215774
0.0218563988095,0.0330171130952,1,1469737329946,0.0294596354167,0,14,488982,0.0889834449405
0.027087983631,0.0361328125,1,1469737329946,0.036365327381,1,14,491084,0.110374813988
0.0156947544643,0.0218098958333,1,1469737329946,0.020275297619,2,14,493112,0.0598958333333
0.0231352306548,0.03369140625,1,1469737329946,0.0367140997024,3,14,495147,0.107817150298
0.0229724702381,0.0294828869048,0,1469737329946,0.026599702381,0,14,572468,0.0831240699405
0.0359700520833,0.0548735119048,0,1469737329946,0.0501767113095,1,14,574512,0.14513578869
0.0213681175595,0.0301106770833,0,1469737330051,0.0289946056548,2,14,576513,0.0927269345238
0.0198800223214,0.029529389881,0,1469737330051,0.0242280505952,3,14,578503,0.0757533482143
0.035900297619,0.0523856026786,0,1469737330051,0.0468517485119,4,14,580508,0.143949962798
0.0259951636905,0.0372488839286,0,1469737330051,0.0332728794643,5,14,582513,0.0977957589286
0.0199962797619,0.0274367559524,0,1469737330051,0.0255766369048,6,14,584536,0.0826125372024
0.0375744047619,0.04931640625,0,1469737330051,0.0447591145833,7,14,586546,0.140090215774
0.0218563988095,0.0329938616071,1,1469737330051,0.0295061383929,0,14,589017,0.0891462053571
0.027087983631,0.0361328125,1,1469737330051,0.0363420758929,1,14,591038,0.110374813988
0.0157180059524,0.0218331473214,1,1469737330051,0.0202985491071,2,14,593050,0.0599423363095
0.0231352306548,0.0337146577381,1,1469737330051,0.0367373511905,3,14,595140,0.107956659226
0.0229957217262,0.0295061383929,0,1469737330052,0.026599702381,0,14,672625,0.0831473214286
0.0359700520833,0.0548735119048,0,1469737330052,0.0501767113095,1,14,674692,0.145112537202
0.0213216145833,0.030017671131,0,1469737330052,0.0289015997024,2,14,676761,0.0924246651786
0.0198567708333,0.0294131324405,0,1469737330052,0.024181547619,3,14,678777,0.07568359375
0.035900297619,0.0523856026786,0,1469737330052,0.0468284970238,4,14,680794,0.14392671131
0.0259719122024,0.0372256324405,0,1469737330158,0.0332496279762,5,14,682821,0.0977492559524
0.0199962797619,0.0274367559524,0,1469737330158,0.0255533854167,6,14,684938,0.0825892857143
0.0375744047619,0.0493396577381,0,1469737330158,0.0447591145833,7,14,686940,0.140159970238
0.0218563988095,0.032970610119,1,1469737330158,0.0295061383929,0,14,689387,0.0891694568452
0.027087983631,0.0361328125,1,1469737330158,0.036365327381,1,14,691415,0.110398065476
0.0157645089286,0.0219029017857,1,1469737330158,0.0203450520833,2,14,693437,0.06005859375
0.023204985119,0.0338076636905,1,1469737330158,0.0368303571429,3,14,695531,0.108444940476
0.0229957217262,0.0295061383929,0,1469737330159,0.026622953869,0,14,772843,0.0831705729167
0.0359235491071,0.0548037574405,0,1469737330159,0.0501069568452,1,14,774907,0.144833519345
0.0211356026786,0.02978515625,0,1469737330159,0.0286923363095,2,14,776934,0.0914248511905
0.0198335193452,0.0293666294643,0,1469737330159,0.0241350446429,3,14,779029,0.0755673363095
0.035900297619,0.0524088541667,0,1469737330159,0.0468517485119,4,14,781061,0.14392671131
0.0259486607143,0.0372256324405,0,1469737330159,0.0332496279762,5,14,783086,0.0977260044643
0.0199497767857,0.0273670014881,0,1469737330159,0.0255068824405,6,14,785120,0.0824497767857
0.03759765625,0.0493629092262,0,1469737330159,0.0447823660714,7,14,787189,0.140229724702
0.0217633928571,0.0328543526786,1,1469737330265,0.0294131324405,0,14,789660,0.0888671875
0.0269949776786,0.0360165550595,1,1469737330265,0.0363188244048,1,14,791658,0.110142299107
0.015857514881,0.0221354166667,1,1469737330265,0.0205078125,2,14,793660,0.0603376116071
0.0234607514881,0.0341564360119,1,1469737330266,0.0371326264881,3,14,795696,0.109816778274
0.02294921875,0.0294596354167,0,1469737330266,0.026599702381,0,14,872958,0.0830543154762
0.0357375372024,0.0545712425595,0,1469737330266,0.0498976934524,1,14,875095,0.144112723214
0.0211123511905,0.0298549107143,0,1469737330266,0.0289946056548,2,14,877133,0.0912155877976
0.0202985491071,0.0306454613095,0,1469737330266,0.0245303199405,3,14,879144,0.07666015625
0.035877046131,0.0523856026786,0,1469737330273,0.0467819940476,4,14,881159,0.143763950893
0.0259486607143,0.0372256324405,0,1469737330273,0.0332496279762,5,14,883248,0.0977260044643
0.0198567708333,0.0272739955357,0,1469737330273,0.0254138764881,6,14,885291,0.0821707589286
0.03759765625,0.0493396577381,0,1469737330273,0.0447591145833,7,14,887294,0.140183221726
0.0216006324405,0.0325055803571,1,1469737330273,0.0291341145833,0,14,889749,0.0879836309524
0.0269484747024,0.0358537946429,1,1469737330273,0.0362955729167,1,14,891780,0.110165550595
0.0160667782738,0.0225771949405,1,1469737330273,0.0209030877976,2,14,893789,0.06103515625
0.0236467633929,0.0344587053571,1,1469737330447,0.0374116443452,3,14,895883,0.110863095238
0.0229027157738,0.0294363839286,0,1469737330447,0.026622953869,0,14,973145,0.0829148065476
0.0356212797619,0.0543852306548,0,1469737330447,0.0497814360119,1,14,975204,0.143740699405
0.021484375,0.0302734375,0,1469737330447,0.0295061383929,2,14,977218,0.0935872395833
0.0206705729167,0.0314360119048,0,1469737330447,0.02490234375,3,14,979306,0.0777064732143
0.0357607886905,0.0522925967262,0,1469737330450,0.0466889880952,4,14,981334,0.143531436012
0.0259719122024,0.0372488839286,0,1469737330451,0.0332728794643,5,14,983360,0.0977492559524
0.0196940104167,0.027087983631,0,1469737330451,0.0252278645833,6,14,985439,0.0816824776786
0.0375744047619,0.04931640625,0,1469737330451,0.0447591145833,7,14,987463,0.140113467262
0.021484375,0.0322963169643,1,1469737330451,0.0289248511905,0,14,989929,0.0873790922619
0.0269949776786,0.0358537946429,1,1469737330452,0.0362955729167,1,14,991961,0.11046781994
0.016345796131,0.0231119791667,1,1469737330452,0.021484375,2,14,994046,0.0620349702381
0.0232514880952,0.0338076636905,1,1469737330452,0.036365327381,3,14,996122,0.106956845238
0.02294921875,0.029529389881,0,1469737330461,0.0266694568452,0,15,73313,0.0830310639881
0.0357840401786,0.0545712425595,0,1469737330461,0.0499441964286,1,15,75425,0.14453125
0.0213681175595,0.0300874255952,0,1469737330461,0.029041108631,2,15,77455,0.0929827008929
0.0208100818452,0.0316220238095,0,1469737330554,0.0250186011905,3,15,79481,0.0781017485119
0.0357375372024,0.0522693452381,0,1469737330554,0.046642485119,4,15,81507,0.143484933036
0.0259719122024,0.0372256324405,0,1469737330554,0.0332728794643,5,15,83546,0.0977260044643
0.0196010044643,0.0269484747024,0,1469737330554,0.0250883556548,6,15,85587,0.081310453869
0.03759765625,0.04931640625,0,1469737330554,0.0447823660714,7,15,87587,0.140159970238
0.0215308779762,0.0323660714286,1,1469737330554,0.0289713541667,0,15,90045,0.087634858631
0.0268787202381,0.0358072916667,1,1469737330554,0.0361793154762,1,15,92074,0.109956287202
0.0166015625,0.0235537574405,1,1469737330554,0.0219261532738,2,15,94165,0.0628720238095
0.0223911830357,0.03271484375,1,1469737330554,0.0356677827381,3,15,96198,0.105050223214
0.0229957217262,0.0296223958333,0,1469737330554,0.0267159598214,0,15,173496,0.083263578869
0.035900297619,0.0547572544643,0,1469737330554,0.0501069568452,1,15,175574,0.145089285714
0.0214611235119,0.0302036830357,0,1469737330554,0.0291108630952,2,15,177587,0.0932152157738
0.0207868303571,0.0315290178571,0,1469737330554,0.0249953497024,3,15,179630,0.0780784970238
0.0357840401786,0.0522693452381,0,1469737330554,0.046642485119,4,15,181642,0.143577938988
0.0259486607143,0.0372256324405,0,1469737330554,0.0332728794643,5,15,183668,0.0977027529762
0.0196010044643,0.0269484747024,0,1469737330661,0.0250883556548,6,15,185707,0.081310453869
0.0375744047619,0.04931640625,0,1469737330661,0.0447823660714,7,15,187716,0.140159970238
0.0216936383929,0.0326915922619,1,1469737330661,0.0292271205357,0,15,190176,0.0883324032738
0.0253208705357,0.033458891369,1,1469737330661,0.0340866815476,1,15,192194,0.103562127976
0.0166015625,0.0236002604167,1,1469737330661,0.0219029017857,2,15,194279,0.0628255208333
0.022693452381,0.0333891369048,1,1469737330661,0.0364118303571,3,15,196347,0.110514322917
0.0230422247024,0.0296921502976,0,1469737330661,0.0267857142857,0,15,273680,0.0834495907738
0.0359933035714,0.0548967633929,0,1469737330661,0.0502464657738,1,15,275750,0.145461309524
0.0215076264881,0.0302501860119,0,1469737330661,0.0291341145833,2,15,277749,0.0933547247024
0.020763578869,0.0316452752976,0,1469737330661,0.0250186011905,3,15,279768,0.0781482514881
0.0358305431548,0.0523158482143,0,1469737330661,0.0467819940476,4,15,281781,0.143787202381
0.0259719122024,0.0372256324405,0,1469737330661,0.0332728794643,5,15,283825,0.0977260044643
0.0196010044643,0.0269019717262,0,1469737330661,0.0250883556548,6,15,285920,0.0813337053571
0.03759765625,0.0493629092262,0,1469737330661,0.0448288690476,7,15,287906,0.140322730655
0.0218331473214,0.032970610119,1,1469737330661,0.029529389881,0,15,290367,0.0890764508929
0.0246233258929,0.0326915922619,1,1469737330768,0.0330636160714,1,15,292439,0.101329985119
0.0162062872024,0.02294921875,1,1469737330768,0.022228422619,2,15,294472,0.0620814732143
0.02294921875,0.033203125,1,1469737330768,0.0367606026786,3,15,296491,0.11144438244
0.0231119791667,0.0297386532738,0,1469737330768,0.0268089657738,0,15,373857,0.0836588541667
0.0360165550595,0.0549665178571,0,1469737330768,0.0502697172619,1,15,376002,0.145554315476
0.0215076264881,0.0302734375,0,1469737330768,0.0291806175595,2,15,378023,0.0934477306548
0.0207868303571,0.0316220238095,0,1469737330768,0.0250186011905,3,15,380054,0.0781947544643
0.0359468005952,0.0524553571429,0,1469737330768,0.0469912574405,4,15,382069,0.144089471726
0.0259951636905,0.0372721354167,0,1469737330768,0.0332961309524,5,15,384159,0.0977957589286
0.0196010044643,0.0269019717262,0,1469737330768,0.0251116071429,6,15,386171,0.0813802083333
0.03759765625,0.0493861607143,0,1469737330768,0.0448288690476,7,15,388186,0.140299479167
0.0219494047619,0.0331798735119,1,1469737330768,0.02978515625,0,15,390648,0.0899832589286
0.0259719122024,0.0340401785714,1,1469737330768,0.0349934895833,1,15,392661,0.106863839286
0.0172758556548,0.0243443080357,1,1469737330768,0.024181547619,2,15,394696,0.0691266741071
0.0233444940476,0.0341564360119,1,1469737330768,0.037830171131,3,15,396727,0.11290922619
0.0231584821429,0.0298084077381,0,1469737330952,0.0268322172619,0,15,474144,0.0838448660714
0.0360630580357,0.0549897693452,0,1469737330952,0.0503162202381,1,15,476221,0.145670572917
0.0215308779762,0.0302966889881,0,1469737330952,0.0291806175595,2,15,478249,0.093494233631
0.0207868303571,0.0316452752976,0,1469737330952,0.0250651041667,3,15,480262,0.0782877604167
0.0359468005952,0.052478608631,0,1469737330952,0.0469912574405,4,15,482282,0.144089471726
0.0259951636905,0.0372721354167,0,1469737330952,0.0333193824405,5,15,484333,0.0978422619048
0.0196242559524,0.0269252232143,0,1469737330952,0.025134858631,6,15,486353,0.0814267113095
0.0375744047619,0.0493629092262,0,1469737330952,0.0448056175595,7,15,488357,0.140276227679
0.0219959077381,0.033203125,1,1469737330952,0.0298549107143,0,15,490817,0.0902390252976
0.0260416666667,0.0341796875,1,1469737330952,0.0350864955357,1,15,492926,0.107073102679
0.0172293526786,0.0243443080357,1,1469737330952,0.0235770089286,2,15,494956,0.068103608631
0.0233444940476,0.0341564360119,1,1469737330952,0.037830171131,3,15,496975,0.11290922619
0.0231584821429,0.02978515625,0,1469737330952,0.0268322172619,0,15,574340,0.0838216145833
0.0360398065476,0.0549665178571,0,1469737330952,0.05029296875,1,15,576367,0.145577566964
0.0215308779762,0.0302734375,0,1469737330952,0.0291806175595,2,15,578360,0.0934477306548
0.0208100818452,0.0316452752976,0,1469737331057,0.0250418526786,3,15,580385,0.0782645089286
0.0359468005952,0.052478608631,0,1469737331057,0.0469912574405,4,15,582380,0.144089471726
0.0259951636905,0.0372721354167,0,1469737331057,0.0333426339286,5,15,584398,0.0978422619048
0.0195545014881,0.0268322172619,0,1469737331057,0.0250418526786,6,15,586406,0.0812174479167
0.0376441592262,0.0494326636905,0,1469737331057,0.0448753720238,7,15,588466,0.140531994048
0.0218796502976,0.0330403645833,1,1469737331057,0.0296223958333,0,15,590938,0.0895182291667
0.0250186011905,0.0330403645833,1,1469737331057,0.0337146577381,1,15,592960,0.103004092262
0.0169270833333,0.0240652901786,1,1469737331057,0.0238327752976,2,15,595005,0.065197172619
0.0234840029762,0.0343656994048,1,1469737331057,0.0380859375,3,15,597058,0.113420758929
0.0230887276786,0.0296921502976,0,1469737331057,0.0268089657738,0,15,674442,0.0835890997024
0.0360165550595,0.054920014881,0,1469737331057,0.0502697172619,1,15,676573,0.145531063988
0.0215308779762,0.0302966889881,0,1469737331057,0.0291806175595,2,15,678596,0.0934709821429
0.0207868303571,0.0316685267857,0,1469737331057,0.0250186011905,3,15,680613,0.0781482514881
0.0358537946429,0.0523623511905,0,1469737331057,0.0468517485119,4,15,682621,0.143833705357
0.0259951636905,0.0372488839286,0,1469737331057,0.0332961309524,5,15,684679,0.0977725074405
0.0194614955357,0.0267624627976,0,1469737331162,0.0249488467262,6,15,686702,0.0809384300595
0.0376441592262,0.0494094122024,0,1469737331162,0.0448986235119,7,15,688704,0.140555245536
0.0217866443452,0.0328311011905,1,1469737331162,0.0294363839286,0,15,691242,0.0888671875
0.0255766369048,0.0341099330357,1,1469737331162,0.0345749627976,1,15,693277,0.104678199405
0.0172526041667,0.0247628348214,1,1469737331162,0.0231119791667,2,15,695298,0.0652901785714
0.0234607514881,0.0342494419643,1,1469737331162,0.037830171131,3,15,697318,0.113513764881
0.0230654761905,0.0297154017857,0,1469737331162,0.0268089657738,0,15,774616,0.0835193452381
0.0359933035714,0.0548967633929,0,1469737331162,0.0502464657738,1,15,776665,0.145461309524
0.0215076264881,0.0302734375,0,1469737331162,0.0291806175595,2,15,778689,0.0934477306548
0.0207868303571,0.0317150297619,0,1469737331162,0.0250186011905,3,15,780717,0.0780784970238
0.0358072916667,0.05224609375,0,1469737331162,0.0466889880952,4,15,782733,0.143647693452
0.0259486607143,0.0372256324405,0,1469737331162,0.0332728794643,5,15,784770,0.0976329985119
0.0193219866071,0.026599702381,0,1469737331162,0.0247860863095,6,15,786768,0.0804734002976
0.03759765625,0.0493629092262,0,1469737331162,0.0448521205357,7,15,788783,0.140322730655
0.021716889881,0.0326915922619,1,1469737331162,0.0293433779762,0,15,791261,0.0887276785714
0.0265764508929,0.035388764881,1,1469737331269,0.035877046131,1,15,793281,0.108816964286
0.0176013764881,0.0253441220238,1,1469737331269,0.0237630208333,2,15,795392,0.0667085193452
0.0242978050595,0.0352725074405,1,1469737331269,0.0397135416667,3,15,797411,0.116234188988
0.0230887276786,0.0297619047619,0,1469737331269,0.0268322172619,0,15,874778,0.0836123511905
0.0359235491071,0.0547340029762,0,1469737331269,0.0501069568452,1,15,876879,0.145089285714
0.0215308779762,0.0303199404762,0,1469737331269,0.0292271205357,2,15,878908,0.0936104910714
0.0208100818452,0.0318080357143,0,1469737331269,0.0250186011905,3,15,880930,0.0780087425595
0.0356677827381,0.0520600818452,0,1469737331269,0.0464797247024,4,15,882933,0.143275669643
0.0259254092262,0.0372023809524,0,1469737331269,0.0332263764881,5,15,885060,0.0975167410714
0.0191592261905,0.0263904389881,0,1469737331269,0.0246000744048,6,15,887053,0.0799153645833
0.0376441592262,0.0494094122024,0,1469737331269,0.0448521205357,7,15,889058,0.140462239583
0.021716889881,0.0326683407738,1,1469737331269,0.0294131324405,0,15,891536,0.0888904389881
0.0266927083333,0.0355050223214,1,1469737331269,0.0360165550595,1,15,893568,0.109235491071
0.0176013764881,0.0253441220238,1,1469737331269,0.0237630208333,2,15,895602,0.0667085193452
0.0253208705357,0.0363188244048,1,1469737331269,0.0415736607143,3,15,897626,0.120024181548
0.0230654761905,0.0297154017857,0,1469737331449,0.0268322172619,0,15,974964,0.0835425967262
0.0358537946429,0.0546642485119,0,1469737331449,0.050060453869,1,15,977017,0.14490327381
0.0215308779762,0.0303199404762,0,1469737331449,0.0292038690476,2,15,979085,0.0935872395833
0.020763578869,0.0317615327381,0,1469737331449,0.0249720982143,3,15,981154,0.0777994791667
0.0356910342262,0.0520368303571,0,1469737331449,0.0465029761905,4,15,983183,0.143345424107
0.0259254092262,0.0372023809524,0,1469737331449,0.0332263764881,5,15,985233,0.0974702380952
0.0190662202381,0.0262741815476,0,1469737331449,0.0244838169643,6,15,987307,0.0796130952381
0.0376441592262,0.0494326636905,0,1469737331449,0.0448753720238,7,15,989317,0.140462239583
0.0216936383929,0.0326450892857,1,1469737331449,0.029529389881,0,15,991783,0.0891927083333
0.0267392113095,0.0356212797619,1,1469737331449,0.0360630580357,1,15,993800,0.109444754464
0.0176246279762,0.0253673735119,1,1469737331449,0.0237630208333,2,15,995895,0.0667085193452
0.0252046130952,0.0361095610119,1,1469737331449,0.041248139881,3,15,997920,0.119489397321
0.0230887276786,0.0297154017857,0,1469737331449,0.0268089657738,0,16,75214,0.0835425967262
0.0358537946429,0.0546177455357,0,1469737331449,0.050037202381,1,16,77338,0.144856770833
0.0215308779762,0.0303199404762,0,1469737331449,0.0292038690476,2,16,79375,0.0935639880952
0.020740327381,0.03173828125,0,1469737331555,0.0249255952381,3,16,81392,0.0776599702381
0.0357142857143,0.0519670758929,0,1469737331556,0.0465727306548,4,16,83450,0.143415178571
0.0259254092262,0.0371558779762,0,1469737331556,0.033203125,5,16,85528,0.0973539806548
0.0191127232143,0.0263206845238,0,1469737331557,0.0245303199405,6,16,87539,0.0797293526786
0.0376441592262,0.0494326636905,0,1469737331557,0.0448753720238,7,16,89543,0.140462239583
0.0216936383929,0.0326450892857,1,1469737331557,0.0295991443452,0,16,92035,0.0894019717262
0.0267392113095,0.0356212797619,1,1469737331557,0.0360398065476,1,16,94140,0.109398251488
0.0174386160714,0.0250651041667,1,1469737331557,0.0233909970238,2,16,96154,0.0659644717262
0.0248558407738,0.0357142857143,1,1469737331557,0.0406436011905,3,16,98162,0.118233816964
0.0230887276786,0.0296921502976,0,1469737331557,0.0267857142857,0,16,175321,0.0835193452381
0.035877046131,0.0546409970238,0,1469737331557,0.050060453869,1,16,177382,0.14490327381
0.0215308779762,0.0302966889881,0,1469737331557,0.0292038690476,2,16,179447,0.0935639880952
0.020740327381,0.0317615327381,0,1469737331557,0.0249255952381,3,16,181472,0.0776134672619
0.0356910342262,0.0518043154762,0,1469737331557,0.0465262276786,4,16,183495,0.143275669643
0.0259021577381,0.0371791294643,0,1469737331557,0.033203125,5,16,185535,0.0973772321429
0.0191592261905,0.0263904389881,0,1469737331662,0.0246000744048,6,16,187550,0.0799618675595
0.0376441592262,0.0494094122024,0,1469737331663,0.0448521205357,7,16,189546,0.140392485119
0.0216936383929,0.0326450892857,1,1469737331663,0.0296223958333,0,16,191996,0.0894717261905
0.0267392113095,0.0356212797619,1,1469737331663,0.0360398065476,1,16,194089,0.109398251488
0.0172526041667,0.0247395833333,1,1469737331663,0.0230654761905,2,16,196137,0.0652669270833
0.0245070684524,0.0353655133929,1,1469737331663,0.0401088169643,3,16,198163,0.117047991071
0.0230887276786,0.0297154017857,0,1469737331663,0.0268089657738,0,16,275573,0.0835890997024
0.0358072916667,0.0545712425595,0,1469737331663,0.0499674479167,1,16,277633,0.144694010417
0.021484375,0.0302501860119,0,1469737331663,0.0291806175595,2,16,279652,0.0934709821429
0.020740327381,0.0316917782738,0,1469737331663,0.02490234375,3,16,281674,0.0775669642857
0.0357375372024,0.0518740699405,0,1469737331663,0.0465959821429,4,16,283709,0.143461681548
0.0259486607143,0.0372023809524,0,1469737331663,0.0332263764881,5,16,285742,0.0974702380952
0.0192057291667,0.0264369419643,0,1469737331663,0.0246233258929,6,16,287744,0.0800316220238
0.0376674107143,0.0494326636905,0,1469737331663,0.0448753720238,7,16,289743,0.140438988095
0.021716889881,0.0326450892857,1,1469737331663,0.0296223958333,0,16,292224,0.0894717261905
0.0267624627976,0.03564453125,1,1469737331769,0.0360165550595,1,16,294323,0.109421502976
0.0172061011905,0.0246000744048,1,1469737331769,0.02294921875,2,16,296342,0.0650576636905
0.0242978050595,0.0352492559524,1,1469737331769,0.0396670386905,3,16,298359,0.116187686012
0.0230887276786,0.0296921502976,0,1469737331769,0.0267857142857,0,16,375673,0.0835193452381
0.0357607886905,0.054454985119,0,1469737331769,0.0498511904762,1,16,377726,0.144368489583
0.0215308779762,0.0303199404762,0,1469737331769,0.0292503720238,2,16,379765,0.0935872395833
0.0207170758929,0.0315987723214,0,1469737331770,0.0248558407738,3,16,381784,0.0775204613095
0.0357840401786,0.052013578869,0,1469737331770,0.046642485119,4,16,383798,0.143531436012
0.0259486607143,0.0372023809524,0,1469737331770,0.0332263764881,5,16,385894,0.0975167410714
0.0192289806548,0.0264834449405,0,1469737331770,0.024646577381,6,16,387912,0.0801246279762
0.0376441592262,0.0494326636905,0,1469737331770,0.0448521205357,7,16,389919,0.140392485119
0.021716889881,0.0326915922619,1,1469737331770,0.0295991443452,0,16,392380,0.0893322172619
0.0268787202381,0.0356910342262,1,1469737331770,0.0361095610119,1,16,394406,0.10997953869
0.0171828497024,0.0245768229167,1,1469737331770,0.0228794642857,2,16,396427,0.0650344122024
0.0240652901786,0.0349934895833,1,1469737331770,0.038806733631,3,16,398442,0.11339750744
0.0230422247024,0.0296456473214,0,1469737331949,0.0267624627976,0,16,475867,0.0834030877976
0.0356677827381,0.0543619791667,0,1469737331950,0.0497349330357,1,16,477918,0.14392671131
0.0215541294643,0.0303896949405,0,1469737331950,0.029529389881,2,16,479932,0.0938662574405
0.020763578869,0.0317150297619,0,1469737331950,0.0248790922619,3,16,481941,0.0776134672619
0.0357840401786,0.0521065848214,0,1469737331950,0.046642485119,4,16,484025,0.143531436012
0.0259486607143,0.0372023809524,0,1469737331950,0.0332263764881,5,16,486071,0.0975399925595
0.019275483631,0.0265531994048,0,1469737331950,0.0247163318452,6,16,488063,0.080310639881
0.0376441592262,0.0494094122024,0,1469737331950,0.0448521205357,7,16,490068,0.140369233631
0.021716889881,0.0327380952381,1,1469737331951,0.029529389881,0,16,492616,0.089099702381
0.0269484747024,0.0357607886905,1,1469737331951,0.0362258184524,1,16,494668,0.110328311012
0.01708984375,0.0244373139881,1,1469737331951,0.022693452381,2,16,496691,0.0647553943452
0.0241350446429,0.0347377232143,1,1469737331951,0.0374581473214,3,16,498709,0.110909598214
0.0229957217262,0.0295758928571,0,1469737331951,0.0267159598214,0,16,576096,0.083240327381
0.0356212797619,0.0543387276786,0,1469737331951,0.0497116815476,1,16,578118,0.143694196429
0.0213913690476,0.0302036830357,0,1469737331951,0.0297386532738,2,16,580123,0.0934477306548
0.020740327381,0.0317150297619,0,1469737332061,0.0248790922619,3,16,582125,0.0775669642857
0.0357840401786,0.0521530877976,0,1469737332061,0.046619233631,4,16,584197,0.143601190476
0.0259254092262,0.0372023809524,0,1469737332061,0.033203125,5,16,586224,0.0975167410714
0.0194382440476,0.0267392113095,0,1469737332061,0.0248790922619,6,16,588247,0.0807756696429
0.0376674107143,0.0494094122024,0,1469737332061,0.0448521205357,7,16,590287,0.140392485119
0.0216936383929,0.03271484375,1,1469737332061,0.0294131324405,0,16,592781,0.0887044270833
0.0269252232143,0.0357607886905,1,1469737332061,0.0362490699405,1,16,594823,0.110212053571
0.016857328869,0.0240652901786,1,1469737332061,0.0222749255952,2,16,596841,0.0638950892857
0.0246930803571,0.0357375372024,1,1469737332061,0.0385044642857,3,16,598872,0.11339750744
0.02294921875,0.029529389881,0,1469737332061,0.0266462053571,0,16,676230,0.0831473214286
0.0357142857143,0.0545014880952,0,1469737332061,0.0498511904762,1,16,678276,0.143949962798
0.0210890997024,0.02978515625,0,1469737332061,0.0285993303571,2,16,680299,0.090587797619
0.0206008184524,0.0314360119048,0,1469737332061,0.0247628348214,3,16,682314,0.0771949404762
0.0358072916667,0.0521763392857,0,1469737332061,0.0465727306548,4,16,684352,0.143577938988
0.0259254092262,0.0372023809524,0,1469737332061,0.033203125,5,16,686380,0.0975167410714
0.0196242559524,0.0269717261905,0,1469737332163,0.0251116071429,6,16,688380,0.0814034598214
0.0376441592262,0.0494094122024,0,1469737332163,0.0448521205357,7,16,690375,0.140392485119
0.021716889881,0.0327380952381,1,1469737332163,0.0293201264881,0,16,692861,0.0884486607143
0.0269484747024,0.0358537946429,1,1469737332163,0.0362723214286,1,16,694902,0.110095796131
0.0164853050595,0.0233677455357,1,1469737332163,0.0215773809524,2,16,696925,0.0625
0.0244605654762,0.0355050223214,1,1469737332163,0.038318452381,3,16,698943,0.113909040179
0.02294921875,0.0295061383929,0,1469737332164,0.026622953869,0,16,776386,0.0831008184524
0.0358537946429,0.0547107514881,0,1469737332164,0.0500139508929,1,16,778448,0.144577752976
0.0211821056548,0.0298316592262,0,1469737332164,0.0287155877976,2,16,780476,0.0916108630952
0.0203218005952,0.0308314732143,0,1469737332164,0.0244838169643,3,16,782500,0.076404389881
0.0357840401786,0.0521763392857,0,1469737332164,0.0465494791667,4,16,784528,0.143577938988
0.0259486607143,0.0372023809524,0,1469737332164,0.0332263764881,5,16,786551,0.0976097470238
0.0198102678571,0.0272042410714,0,1469737332164,0.0253441220238,6,16,788600,0.08203125
0.0376441592262,0.0493861607143,0,1469737332164,0.0448288690476,7,16,790607,0.140345982143
0.021740141369,0.0327845982143,1,1469737332164,0.0292736235119,0,16,793084,0.0883324032738
0.0270182291667,0.0360165550595,1,1469737332271,0.0363188244048,1,16,795167,0.11023530506
0.0160667782738,0.0226004464286,1,1469737332271,0.0209030877976,2,16,797226,0.0611049107143
0.0237165178571,0.0345517113095,1,1469737332271,0.0374581473214,3,16,799250,0.1103515625
0.0229724702381,0.029552641369,0,1469737332271,0.0266462053571,0,16,876599,0.0831938244048
0.0359700520833,0.0548735119048,0,1469737332271,0.0501534598214,1,16,878642,0.145066034226
0.0213216145833,0.0299944196429,0,1469737332271,0.0289015997024,2,16,880664,0.0923316592262
0.0199032738095,0.0298316592262,0,1469737332271,0.0241117931548,3,16,882674,0.0755673363095
0.0358537946429,0.0522925967262,0,1469737332271,0.046642485119,4,16,884744,0.143763950893
0.0259951636905,0.0372256324405,0,1469737332271,0.0332263764881,5,16,886768,0.0976795014881
0.0199730282738,0.0274135044643,0,1469737332271,0.0255301339286,6,16,888776,0.0825660342262
0.0376441592262,0.0493861607143,0,1469737332271,0.0448288690476,7,16,890792,0.140299479167
0.0217633928571,0.0328543526786,1,1469737332271,0.0293201264881,0,16,893280,0.08837890625
0.027087983631,0.0361095610119,1,1469737332271,0.0363420758929,1,16,895304,0.110374813988
0.0157645089286,0.0219494047619,1,1469737332271,0.0204148065476,2,16,897320,0.0601515997024
0.0231119791667,0.0336681547619,1,1469737332271,0.0366908482143,3,16,899391,0.107282366071
0.0230189732143,0.0295991443452,0,1469737332450,0.0266694568452,0,16,976747,0.0833333333333
0.0360398065476,0.054943266369,0,1469737332450,0.0502464657738,1,16,978798,0.145461309524
0.0214611235119,0.0302036830357,0,1469737332450,0.029064360119,2,16,980835,0.0930757068452
0.0198335193452,0.0293898809524,0,1469737332450,0.0241117931548,3,16,982853,0.0755673363095
0.035900297619,0.0524088541667,0,1469737332450,0.0467354910714,4,16,984890,0.143880208333
0.0259951636905,0.0372721354167,0,1469737332450,0.0332728794643,5,16,986893,0.0978190104167
0.0201357886905,0.027599516369,0,1469737332450,0.0257161458333,6,16,988907,0.0830310639881
0.0376441592262,0.0493861607143,0,1469737332450,0.0448288690476,7,16,990923,0.140299479167
0.0218098958333,0.032947358631,1,1469737332450,0.0293201264881,0,16,993401,0.0884021577381
0.027111235119,0.0361095610119,1,1469737332450,0.0363420758929,1,16,995548,0.11023530506
0.0155784970238,0.0215308779762,1,1469737332450,0.0200892857143,2,16,997578,0.0596168154762
0.022693452381,0.0330403645833,1,1469737332450,0.0361328125,3,16,999586,0.105143229167
0.0230422247024,0.0295758928571,0,1469737332450,0.0266694568452,0,17,76930,0.0833565848214
0.0360398065476,0.054920014881,0,1469737332450,0.0502232142857,1,17,78968,0.14539155506
0.0214378720238,0.0301571800595,0,1469737332450,0.029041108631,2,17,80990,0.0929594494048
0.0199032738095,0.0294828869048,0,1469737332558,0.0242047991071,3,17,82996,0.0758696056548
0.035877046131,0.0524553571429,0,1469737332558,0.0467819940476,4,17,85080,0.143856956845
0.0260649181548,0.0373186383929,0,1469737332558,0.0333426339286,5,17,87080,0.0980282738095
0.0202287946429,0.0277157738095,0,1469737332558,0.0258556547619,6,17,89066,0.0833333333333
0.0376441592262,0.0493629092262,0,1469737332558,0.0448288690476,7,17,91082,0.140276227679
0.0218098958333,0.032970610119,1,1469737332558,0.0293201264881,0,17,93629,0.0883324032738
0.027087983631,0.0360863095238,1,1469737332558,0.0362955729167,1,17,95669,0.110072544643
0.0154854910714,0.0212751116071,1,1469737332558,0.0198800223214,2,17,97673,0.0592912946429
0.0224609375,0.0326450892857,1,1469737332558,0.0357375372024,3,17,99699,0.103841145833
0.0230189732143,0.029529389881,0,1469737332558,0.0266462053571,0,17,177115,0.0832868303571
0.0360165550595,0.0548735119048,0,1469737332558,0.0501767113095,1,17,179215,0.145205543155
0.0214146205357,0.0301106770833,0,1469737332558,0.0290178571429,2,17,181293,0.0927734375
0.0198567708333,0.0294131324405,0,1469737332559,0.024158296131,3,17,183310,0.0757300967262
0.0359235491071,0.052501860119,0,1469737332559,0.0468284970238,4,17,185331,0.143996465774
0.0260649181548,0.037341889881,0,1469737332559,0.0333426339286,5,17,187418,0.0980747767857
0.0202985491071,0.0278087797619,0,1469737332664,0.0259254092262,6,17,189444,0.0835193452381
0.0376441592262,0.0493861607143,0,1469737332664,0.0448288690476,7,17,191457,0.140299479167
0.0218331473214,0.0330171130952,1,1469737332664,0.0292736235119,0,17,193925,0.0882393973214
0.0270647321429,0.0360863095238,1,1469737332664,0.0362955729167,1,17,196046,0.110002790179
0.0154389880952,0.0211356026786,1,1469737332664,0.019787016369,2,17,198067,0.0591750372024
0.0224609375,0.0326450892857,1,1469737332664,0.0357375372024,3,17,200083,0.103841145833
0.0230189732143,0.029529389881,0,1469737332665,0.0266462053571,0,17,277341,0.0833100818452
0.0360165550595,0.0548735119048,0,1469737332665,0.0501767113095,1,17,279387,0.145205543155
0.0213913690476,0.0300874255952,0,1469737332665,0.0289946056548,2,17,281400,0.0927036830357
0.0198567708333,0.0293666294643,0,1469737332665,0.0241350446429,3,17,283481,0.0757765997024
0.0359468005952,0.0525251116071,0,1469737332665,0.0468284970238,4,17,285524,0.143996465774
0.0260649181548,0.037341889881,0,1469737332665,0.0333426339286,5,17,287535,0.0981212797619
0.0203683035714,0.0278785342262,0,1469737332665,0.0259951636905,6,17,289538,0.083728608631
0.0376441592262,0.0494094122024,0,1469737332665,0.0448521205357,7,17,291588,0.140345982143
0.0218331473214,0.0330403645833,1,1469737332665,0.0292736235119,0,17,294148,0.0881928943452
0.0270647321429,0.0360630580357,1,1469737332771,0.0362955729167,1,17,296197,0.10997953869
0.015392485119,0.0210890997024,1,1469737332771,0.019787016369,2,17,298213,0.0591517857143
0.0223679315476,0.0325055803571,1,1469737332771,0.0355980282738,3,17,300244,0.103259858631
0.0230422247024,0.029552641369,0,1469737332771,0.0266694568452,0,17,377490,0.0833565848214
0.0360165550595,0.0548735119048,0,1469737332771,0.0501767113095,1,17,379587,0.145205543155
0.0213913690476,0.0300874255952,0,1469737332771,0.0289946056548,2,17,381621,0.0926804315476
0.0199032738095,0.0294131324405,0,1469737332771,0.0242047991071,3,17,383633,0.075939360119
0.0359468005952,0.052501860119,0,1469737332772,0.0468284970238,4,17,385671,0.144019717262
0.0260881696429,0.0373883928571,0,1469737332772,0.0333891369048,5,17,387697,0.0982142857143
0.0203915550595,0.0279250372024,0,1469737332772,0.0260416666667,6,17,389704,0.0838448660714
0.0376674107143,0.0494094122024,0,1469737332772,0.0448521205357,7,17,391720,0.140392485119
0.0218563988095,0.0330868675595,1,1469737332772,0.029296875,0,17,394253,0.0882161458333
0.0270414806548,0.0360398065476,1,1469737332772,0.0362723214286,1,17,396303,0.10986328125
0.015369233631,0.0210193452381,1,1469737332772,0.0197405133929,2,17,398318,0.05908203125
0.0223214285714,0.0324358258929,1,1469737332772,0.0355282738095,3,17,400339,0.102841331845
0.0230422247024,0.0295758928571,0,1469737332951,0.0266927083333,0,17,477673,0.0834030877976
0.0359933035714,0.0548735119048,0,1469737332951,0.0501534598214,1,17,479729,0.14513578869
0.0213913690476,0.0300874255952,0,1469737332951,0.0289946056548,2,17,481740,0.0926571800595
0.0199497767857,0.029529389881,0,1469737332951,0.0242745535714,3,17,483755,0.0761486235119
0.0359700520833,0.0525251116071,0,1469737332951,0.0468517485119,4,17,485780,0.144066220238
0.026111421131,0.0373883928571,0,1469737332951,0.0334123883929,5,17,487789,0.0982840401786
0.0204148065476,0.0279715401786,0,1469737332951,0.0260649181548,6,17,489793,0.0839146205357
0.0376674107143,0.0494094122024,0,1469737332951,0.0448521205357,7,17,491816,0.140392485119
0.0219029017857,0.0331566220238,1,1469737332951,0.0293201264881,0,17,494346,0.0882626488095
0.0270414806548,0.0360165550595,1,1469737332951,0.0362490699405,1,17,496370,0.109770275298
0.0153459821429,0.0209263392857,1,1469737332951,0.0196475074405,2,17,498371,0.0589657738095
0.0222516741071,0.0323195684524,1,1469737332951,0.035388764881,3,17,500398,0.102376302083
0.0230422247024,0.029552641369,0,1469737332951,0.0266694568452,0,17,577824,0.0833798363095
0.0359933035714,0.0548502604167,0,1469737332951,0.0501534598214,1,17,579870,0.145112537202
0.0213681175595,0.030040922619,0,1469737332951,0.0289713541667,2,17,581856,0.0925641741071
0.0199730282738,0.029552641369,0,1469737333058,0.0242978050595,3,17,583839,0.0762183779762
0.0359700520833,0.0525251116071,0,1469737333058,0.0468517485119,4,17,585940,0.144066220238
0.026111421131,0.0373883928571,0,1469737333058,0.0333891369048,5,17,587950,0.0982375372024
0.0204148065476,0.0279482886905,0,1469737333058,0.0260881696429,6,17,589942,0.0839146205357
0.0376441592262,0.0493861607143,0,1469737333059,0.0448521205357,7,17,591961,0.140322730655
0.0219029017857,0.033203125,1,1469737333059,0.0293201264881,0,17,594453,0.0882859002976
0.0270182291667,0.0359933035714,1,1469737333059,0.0362025669643,1,17,596493,0.109630766369
0.0152762276786,0.0208100818452,1,1469737333059,0.0195777529762,2,17,598516,0.0587797619048
0.0221354166667,0.0321568080357,1,1469737333059,0.0352492559524,3,17,600527,0.101818266369
0.0230189732143,0.029529389881,0,1469737333059,0.0266694568452,0,17,678030,0.0833100818452
0.0359468005952,0.0548270089286,0,1469737333059,0.0501302083333,1,17,680073,0.144996279762
0.0213448660714,0.030040922619,0,1469737333059,0.0289481026786,2,17,682086,0.092540922619
0.0199497767857,0.029529389881,0,1469737333059,0.0242745535714,3,17,684185,0.076171875
0.0359235491071,0.052501860119,0,1469737333059,0.0468052455357,4,17,686203,0.143949962798
0.0260881696429,0.037365141369,0,1469737333059,0.0333658854167,5,17,688214,0.0981677827381
