blue,green,groupId,received,red,sensorId,time1,time2,white
0.0518508184524,0.0599655877976,1,1470250002565,0.0530598958333,0,54,173134,0.14697265625
0.05078125,0.061290922619,1,1470250002565,0.0596633184524,1,54,175170,0.161225818452
0.0428757440476,0.0490141369048,1,1470250002565,0.0517810639881,2,54,177183,0.144182477679
0.0391322544643,0.046875,1,1470250002565,0.0467819940476,3,54,179198,0.114583333333
0.0555710565476,0.0649181547619,0,1470250002613,0.0613374255952,0,54,256543,0.162574404762
0.0652901785714,0.0855189732143,0,1470250002613,0.078869047619,1,54,258579,0.204822358631
0.0523390997024,0.0625465029762,0,1470250002613,0.0620349702381,2,54,260568,0.16357421875
0.0547805059524,0.0640113467262,0,1470250002613,0.0578031994048,3,54,262637,0.159388950893
0.0643833705357,0.0815894717262,0,1470250002613,0.0732421875,4,54,264648,0.205264136905
0.0733351934524,0.0940755208333,0,1470250002613,0.0836123511905,5,54,266668,0.23816499256
0.049060639881,0.063244047619,0,1470250002613,0.0557338169643,6,54,268692,0.144763764881
0.0663597470238,0.0771949404762,0,1470250002613,0.0698939732143,7,54,270741,0.204822358631
0.0517810639881,0.0599190848214,1,1470250002663,0.0530133928571,0,54,273230,0.146902901786
0.0507347470238,0.061267671131,1,1470250002663,0.0596168154762,1,54,275256,0.16101655506
0.0418294270833,0.0480608258929,1,1470250002663,0.0506882440476,2,54,277282,0.143159412202
0.0403878348214,0.0479910714286,1,1470250002663,0.048107328869,3,54,279317,0.115815662202
0.0553152901786,0.064685639881,0,1470250002714,0.0610816592262,0,54,356764,0.162318638393
0.0653134300595,0.0855189732143,0,1470250002714,0.0788922991071,1,54,358846,0.204915364583
0.0523390997024,0.0625465029762,0,1470250002714,0.0620349702381,2,54,360877,0.163620721726
0.0547107514881,0.06396484375,0,1470250002714,0.0577566964286,3,54,362895,0.159156436012
0.0655691964286,0.0826357886905,0,1470250002714,0.0745210193452,4,54,364914,0.206519717262
0.0734049479167,0.0941220238095,0,1470250002714,0.0836588541667,5,54,366942,0.238351004464
0.049060639881,0.063244047619,0,1470250002714,0.0557338169643,6,54,368958,0.144763764881
0.0663597470238,0.0771949404762,0,1470250002715,0.0698939732143,7,54,370981,0.204845610119
0.0518275669643,0.0599655877976,1,1470250002715,0.0531063988095,0,54,373457,0.147367931548
0.0507114955357,0.061267671131,1,1470250002767,0.0596400669643,1,54,375524,0.160970052083
0.0417829241071,0.0479910714286,1,1470250002768,0.0505952380952,2,54,377552,0.14295014881
0.0403878348214,0.0479910714286,1,1470250002768,0.048107328869,3,54,379561,0.115815662202
0.0550595238095,0.064453125,0,1470250002818,0.0607561383929,0,54,456980,0.162039620536
0.0653366815476,0.0855654761905,0,1470250002818,0.0789155505952,1,54,459039,0.205031622024
0.0523390997024,0.0625697544643,0,1470250002819,0.0620582217262,2,54,461059,0.163643973214
0.0547805059524,0.0640811011905,0,1470250002819,0.0578264508929,3,54,463077,0.159365699405
0.0643833705357,0.0816127232143,0,1470250002819,0.0733584449405,4,54,465100,0.205403645833
0.0734049479167,0.0941220238095,0,1470250002820,0.0836588541667,5,54,467097,0.238351004464
0.0487351190476,0.0629417782738,0,1470250002820,0.0553617931548,6,54,469116,0.144438244048
0.0652669270833,0.0762416294643,0,1470250002820,0.0687779017857,7,54,471152,0.203752790179
0.0519205729167,0.06005859375,1,1470250002820,0.0531994047619,0,54,473630,0.147925967262
0.0507347470238,0.061267671131,1,1470250002820,0.0596400669643,1,54,475664,0.160993303571
0.0427827380952,0.0488978794643,1,1470250002870,0.0516415550595,2,54,477680,0.143903459821
0.0390857514881,0.0468284970238,1,1470250002870,0.0467587425595,3,54,479719,0.114536830357
0.0548735119048,0.0642903645833,0,1470250002921,0.0605003720238,0,54,557540,0.161876860119
0.0657087053571,0.0859142485119,0,1470250002921,0.0792643229167,1,54,559640,0.205473400298
0.0523623511905,0.0626162574405,0,1470250002922,0.0620814732143,2,54,561660,0.163760230655
0.0547805059524,0.0640811011905,0,1470250002922,0.057849702381,3,54,563651,0.159505208333
0.065685453869,0.0828450520833,0,1470250002922,0.07470703125,4,54,565681,0.206821986607
0.0743582589286,0.0950288318452,0,1470250002922,0.0846354166667,5,54,567757,0.2392578125
0.0486886160714,0.0628487723214,0,1470250002922,0.0552920386905,6,54,569776,0.144252232143
0.0653134300595,0.0762648809524,0,1470250002922,0.0687779017857,7,54,571801,0.203799293155
0.0519438244048,0.0600818452381,1,1470250002922,0.0532459077381,0,54,574410,0.14806547619
0.0507579985119,0.0613141741071,1,1470250002922,0.0596865699405,1,54,576443,0.16124906994
0.0417829241071,0.0480608258929,1,1470250002922,0.050548735119,2,54,578458,0.142740885417
0.0396902901786,0.0473865327381,1,1470250002972,0.0474097842262,3,54,580467,0.115280877976
0.054920014881,0.0642903645833,0,1470250003034,0.0604771205357,0,54,657268,0.161830357143
0.0653599330357,0.0856352306548,0,1470250003034,0.0789620535714,1,54,659776,0.20519438244
0.0523856026786,0.0626162574405,0,1470250003034,0.0620814732143,2,54,661868,0.163783482143
0.0547805059524,0.0640811011905,0,1470250003034,0.057872953869,3,54,663918,0.159528459821
0.064453125,0.0817289806548,0,1470250003034,0.0734049479167,4,54,666026,0.205543154762
0.0734049479167,0.0941685267857,0,1470250003034,0.0836588541667,5,54,668043,0.238327752976
0.0494791666667,0.0635928199405,0,1470250003034,0.0561290922619,6,54,670080,0.145066034226
0.0663829985119,0.0772181919643,0,1470250003034,0.0698939732143,7,54,672097,0.204938616071
0.0519438244048,0.0600818452381,1,1470250003035,0.0532459077381,0,54,674599,0.14806547619
0.0508045014881,0.0613374255952,1,1470250003035,0.0597098214286,1,54,676623,0.161388578869
0.0417829241071,0.0480608258929,1,1470250003035,0.050548735119,2,54,678698,0.142740885417
0.0403413318452,0.0479445684524,1,1470250003035,0.048107328869,3,54,680709,0.116048177083
0.0548967633929,0.0642671130952,0,1470250003097,0.0604771205357,0,54,757471,0.161760602679
0.0654064360119,0.0856352306548,0,1470250003148,0.0789620535714,1,54,759520,0.205217633929
0.0523623511905,0.0626395089286,0,1470250003148,0.0620814732143,2,54,761507,0.163783482143
0.054943266369,0.0643368675595,0,1470250003148,0.0580357142857,3,54,763488,0.159923735119
0.0654296875,0.0826125372024,0,1470250003148,0.0744280133929,4,54,765551,0.206566220238
0.0744047619048,0.0950753348214,0,1470250003148,0.0846819196429,5,54,767586,0.239397321429
0.0487351190476,0.0629185267857,0,1470250003148,0.0553385416667,6,54,769612,0.144368489583
0.0663829985119,0.0772181919643,0,1470250003149,0.0699172247024,7,54,771636,0.205008370536
0.0526413690476,0.0607328869048,1,1470250003149,0.053943452381,0,54,774567,0.148739769345
0.0508277529762,0.0613606770833,1,1470250003149,0.0597563244048,1,54,776636,0.16150483631
0.042736235119,0.0489211309524,1,1470250003149,0.0516415550595,2,54,778654,0.144321986607
0.0390625,0.0468052455357,1,1470250003149,0.0467819940476,3,54,780660,0.114792596726
0.0548037574405,0.0641043526786,0,1470250003200,0.0603841145833,0,54,857669,0.161574590774
0.0667550223214,0.0869140625,0,1470250003200,0.0804268973214,1,54,859725,0.206682477679
0.0523158482143,0.0625465029762,0,1470250003251,0.0619884672619,2,54,861752,0.16357421875
0.0555013020833,0.0650576636905,0,1470250003251,0.0585239955357,3,54,863852,0.161179315476
0.0644996279762,0.0817522321429,0,1470250003251,0.0734514508929,4,54,865950,0.205612909226
0.0734514508929,0.0941685267857,0,1470250003251,0.0836821056548,5,54,867966,0.238351004464
0.0487583705357,0.0629650297619,0,1470250003251,0.055408296131,6,54,869987,0.14441499256
0.0653134300595,0.0762648809524,0,1470250003251,0.0688011532738,7,54,872025,0.203799293155
0.0521530877976,0.060291108631,1,1470250003251,0.0534319196429,0,54,874521,0.148460751488
0.0508277529762,0.0613374255952,1,1470250003251,0.0597563244048,1,54,876551,0.161435081845
0.0421549479167,0.0482468377976,1,1470250003251,0.0510835193452,2,54,878643,0.1455078125
0.0404808407738,0.0480608258929,1,1470250003251,0.0482468377976,3,54,880667,0.11632719494
0.0546409970238,0.0638020833333,0,1470250003302,0.0601050967262,0,54,957883,0.160946800595
0.0654064360119,0.0856352306548,0,1470250003302,0.0789620535714,1,54,959983,0.205287388393
0.0522925967262,0.0625465029762,0,1470250003302,0.0619419642857,2,54,962009,0.163504464286
0.055919828869,0.0657552083333,0,1470250003354,0.0590122767857,3,54,964084,0.162318638393
0.0646158854167,0.0818917410714,0,1470250003354,0.0736374627976,4,54,966097,0.205775669643
0.0734281994048,0.0941685267857,0,1470250003354,0.0836821056548,5,54,968125,0.238234747024
0.048572358631,0.0628255208333,0,1470250003354,0.0552687872024,6,54,970146,0.144089471726
0.0652901785714,0.0762416294643,0,1470250003354,0.0688011532738,7,54,972168,0.203776041667
0.0522925967262,0.0605236235119,1,1470250003354,0.0536411830357,0,54,974727,0.14892578125
0.0507579985119,0.0612444196429,1,1470250003354,0.0596865699405,1,54,976760,0.161039806548
0.0425037202381,0.0482235863095,1,1470250003354,0.051525297619,2,54,978759,0.148251488095
0.0400390625,0.0477585565476,1,1470250003354,0.0477120535714,3,54,980765,0.115769159226
0.0547107514881,0.0639415922619,0,1470250003405,0.0602446056548,0,55,58073,0.161179315476
0.0654529389881,0.085681733631,0,1470250003405,0.0790085565476,1,55,60131,0.205473400298
0.0523623511905,0.0625697544643,0,1470250003405,0.0619884672619,2,55,62162,0.163806733631
0.0559895833333,0.0658947172619,0,1470250003405,0.05908203125,3,55,64300,0.162411644345
0.0645461309524,0.0818219866071,0,1470250003456,0.0735212053571,4,55,66304,0.205729166667
0.0741489955357,0.0948428199405,0,1470250003456,0.0844494047619,5,55,68326,0.239118303571
0.0484561011905,0.0628022693452,0,1470250003456,0.0551990327381,6,55,70397,0.143996465774
0.0664295014881,0.0772646949405,0,1470250003456,0.0700102306548,7,55,72471,0.205054873512
0.0535714285714,0.0616861979167,1,1470250003456,0.0549897693452,0,55,74957,0.150413876488
0.0507114955357,0.0611514136905,1,1470250003456,0.0596400669643,1,55,76988,0.160714285714
0.0438523065476,0.04931640625,1,1470250003456,0.05322265625,2,55,79018,0.151041666667
0.039295014881,0.047107514881,1,1470250003456,0.0468517485119,3,55,81036,0.114443824405
0.0549665178571,0.0642671130952,0,1470250003508,0.0607096354167,0,55,158259,0.16222563244
0.0653831845238,0.0855654761905,0,1470250003508,0.0789155505952,1,55,160409,0.205217633929
0.052478608631,0.0627092633929,0,1470250003508,0.0621512276786,2,55,162431,0.16417875744
0.0559430803571,0.0664992559524,0,1470250003508,0.05908203125,3,55,164439,0.163271949405
0.0644763764881,0.0817522321429,0,1470250003508,0.0734514508929,4,55,166513,0.205519903274
0.073497953869,0.0941917782738,0,1470250003558,0.083728608631,5,55,168558,0.23839750744
0.0484328497024,0.0628487723214,0,1470250003559,0.0551990327381,6,55,170590,0.143973214286
0.06640625,0.0772646949405,0,1470250003559,0.0699869791667,7,55,172603,0.20519438244
0.0521763392857,0.0602446056548,1,1470250003559,0.0534319196429,0,55,175095,0.148646763393
0.0507114955357,0.0611746651786,1,1470250003559,0.0596633184524,1,55,177141,0.160574776786
0.04345703125,0.0492234002976,1,1470250003559,0.0531994047619,2,55,179164,0.151808965774
0.0405505952381,0.0483165922619,1,1470250003559,0.0481770833333,3,55,181167,0.115071614583
0.0552222842262,0.0645693824405,0,1470250003608,0.0612211681548,0,55,258419,0.163225446429
0.0653599330357,0.0855422247024,0,1470250003608,0.0789388020833,1,55,260456,0.205171130952
0.0525948660714,0.0628022693452,0,1470250003608,0.0622907366071,2,55,262520,0.164364769345
0.0560128348214,0.0669177827381,0,1470250003608,0.0591052827381,3,55,264530,0.164318266369
0.0644996279762,0.0817522321429,0,1470250003609,0.0734514508929,4,55,266527,0.205519903274
0.0744280133929,0.0950288318452,0,1470250003658,0.0847516741071,5,55,268553,0.239234561012
0.0483165922619,0.0627092633929,0,1470250003658,0.0550827752976,6,55,270658,0.143833705357
0.0655924479167,0.0765206473214,0,1470250003658,0.069103422619,7,55,272694,0.204450334821
0.0521995907738,0.0601748511905,1,1470250003658,0.0532924107143,0,55,275189,0.148484002976
0.0507347470238,0.0611746651786,1,1470250003658,0.0597098214286,1,55,277222,0.160574776786
0.0445731026786,0.0504557291667,1,1470250003658,0.0548270089286,2,55,279257,0.155529203869
0.0397600446429,0.0480375744048,1,1470250003658,0.0476655505952,3,55,281270,0.114560081845
0.0555013020833,0.0648484002976,0,1470250003708,0.0616164434524,0,55,358725,0.163876488095
0.0654529389881,0.0855887276786,0,1470250003708,0.0789388020833,1,55,360793,0.204729352679
0.0526413690476,0.0628487723214,0,1470250003708,0.0623837425595,2,55,362815,0.16443452381
0.0558733258929,0.0670340401786,0,1470250003708,0.0590587797619,3,55,364822,0.164620535714
0.0645228794643,0.081775483631,0,1470250003708,0.0734514508929,4,55,366841,0.205543154762
0.073474702381,0.0941452752976,0,1470250003758,0.083751860119,5,55,368867,0.238234747024
0.0483165922619,0.0626627604167,0,1470250003758,0.0550595238095,6,55,370885,0.143880208333
0.0660109747024,0.076915922619,0,1470250003758,0.0695452008929,7,55,372904,0.205078125
0.0530133928571,0.0609421502976,1,1470250003758,0.0540597098214,0,55,375470,0.149181547619
0.05078125,0.0611979166667,1,1470250003758,0.0597795758929,1,55,377493,0.160830543155
0.0457821800595,0.0516183035714,1,1470250003758,0.056408110119,2,55,379510,0.157947358631
0.0401553199405,0.0486421130952,1,1470250003758,0.0479678199405,3,55,381497,0.115443638393
0.0558733258929,0.0652204241071,0,1470250003808,0.0620582217262,0,55,458839,0.16466703869
0.0651506696429,0.0852399553571,0,1470250003808,0.0785667782738,1,55,460896,0.203938802083
0.052734375,0.0629650297619,0,1470250003808,0.0624767485119,2,55,462924,0.164597284226
0.0560360863095,0.0673595610119,0,1470250003808,0.0595470610119,3,55,464957,0.165248325893
0.0645228794643,0.081775483631,0,1470250003808,0.0734514508929,4,55,466959,0.205543154762
0.0736839657738,0.0943545386905,0,1470250003860,0.083984375,5,55,468984,0.238560267857
0.0492699032738,0.0635928199405,0,1470250003860,0.0560825892857,6,55,471025,0.144926525298
0.0668247767857,0.0776599702381,0,1470250003860,0.0704287574405,7,55,473057,0.206031436012
0.0522228422619,0.0601981026786,1,1470250003860,0.0531994047619,0,55,475551,0.148390997024
0.0508277529762,0.0611746651786,1,1470250003860,0.059802827381,1,55,477578,0.161063058036
0.0447358630952,0.0508510044643,1,1470250003860,0.0552920386905,2,55,479600,0.155436197917
0.0421781994048,0.0508045014881,1,1470250003860,0.0502464657738,3,55,481588,0.119373139881
0.0561058407738,0.0654296875,0,1470250003911,0.0623372395833,0,55,559049,0.164853050595
0.0651506696429,0.0852864583333,0,1470250003911,0.0785900297619,1,55,561120,0.203962053571
0.0528971354167,0.0631510416667,0,1470250003911,0.0626627604167,2,55,563118,0.165015811012
0.0556640625,0.0670107886905,0,1470250003911,0.0591750372024,3,55,565136,0.163248697917
0.0652901785714,0.0824032738095,0,1470250003917,0.0741954985119,4,55,567147,0.206147693452
0.0735677083333,0.09423828125,0,1470250003917,0.0838681175595,5,55,569176,0.238304501488
0.0485491071429,0.0629417782738,0,1470250003963,0.0553152901786,6,55,571206,0.144298735119
0.0660109747024,0.0769624255952,0,1470250003963,0.0696149553571,7,55,573243,0.205101376488
0.0521763392857,0.0601283482143,1,1470250003963,0.0531296502976,0,55,575742,0.148181733631
0.05078125,0.0610816592262,1,1470250003963,0.0596400669643,1,55,577775,0.160853794643
0.0457589285714,0.0518275669643,1,1470250003963,0.05615234375,2,55,579782,0.155691964286
0.0408761160714,0.0495954241071,1,1470250003963,0.0490141369048,3,55,581789,0.118745349702
0.0561988467262,0.0653599330357,0,1470250004014,0.062244233631,0,55,659216,0.164388020833
0.0667317708333,0.0867047991071,0,1470250004014,0.0801711309524,1,55,661271,0.20556640625
0.052966889881,0.063220796131,0,1470250004014,0.062732514881,2,55,663302,0.16515531994
0.0553385416667,0.0662202380952,0,1470250004014,0.0584774925595,3,55,665331,0.160737537202
0.0644298735119,0.0816592261905,0,1470250004014,0.0733816964286,4,55,667331,0.205357142857
0.0734281994048,0.0940987723214,0,1470250004014,0.083728608631,5,55,669359,0.238095238095
0.0485258556548,0.0628487723214,0,1470250004014,0.0552455357143,6,55,671402,0.144066220238
0.0660109747024,0.0769624255952,0,1470250004065,0.0696149553571,7,55,673432,0.205101376488
0.0523623511905,0.0602678571429,1,1470250004065,0.053478422619,0,55,675978,0.148460751488
0.05078125,0.0610584077381,1,1470250004065,0.0595935639881,1,55,678018,0.160830543155
0.0445265997024,0.0506882440476,1,1470250004065,0.0546642485119,2,55,680070,0.153529575893
0.0409226190476,0.0496419270833,1,1470250004065,0.049060639881,3,55,682069,0.118931361607
0.0564546130952,0.0655226934524,0,1470250004115,0.0623139880952,0,55,759408,0.164457775298
0.0652204241071,0.0853329613095,0,1470250004115,0.0786365327381,1,55,761447,0.204055059524
0.0529436383929,0.0631975446429,0,1470250004115,0.0627092633929,2,55,763438,0.165132068452
0.0558268229167,0.0664992559524,0,1470250004115,0.0587332589286,3,55,765508,0.160830543155
0.0657319568452,0.0829148065476,0,1470250004115,0.0747535342262,4,55,767538,0.206868489583
0.074451264881,0.0950520833333,0,1470250004115,0.0847749255952,5,55,769573,0.239211309524
0.0484328497024,0.0626627604167,0,1470250004115,0.0551525297619,6,55,771603,0.143856956845
0.0656389508929,0.0766136532738,0,1470250004115,0.0692196800595,7,55,773626,0.20470610119
0.0521995907738,0.0601981026786,1,1470250004165,0.0534086681548,0,55,776140,0.148646763393
0.0507347470238,0.0609654017857,1,1470250004165,0.0595238095238,1,55,778158,0.16052827381
0.0452008928571,0.0514090401786,1,1470250004165,0.0554547991071,2,55,780171,0.156087239583
0.0423642113095,0.0511300223214,1,1470250004165,0.050548735119,3,55,782176,0.120326450893
0.0565708705357,0.0655924479167,0,1470250004216,0.0623837425595,0,55,859599,0.164411272321
0.0652436755952,0.0853329613095,0,1470250004216,0.07861328125,1,55,861665,0.204031808036
0.052966889881,0.063220796131,0,1470250004216,0.062732514881,2,55,863683,0.165201822917
0.0563616071429,0.0667550223214,0,1470250004216,0.0592912946429,3,55,865707,0.161342075893
0.0644996279762,0.081775483631,0,1470250004216,0.073474702381,4,55,867721,0.20556640625
0.073497953869,0.0941452752976,0,1470250004216,0.083751860119,5,55,869755,0.238257998512
0.0483863467262,0.0625930059524,0,1470250004216,0.0550827752976,6,55,871791,0.143717447917
0.0664992559524,0.0773577008929,0,1470250004216,0.0701264880952,7,55,873822,0.205496651786
0.0521530877976,0.0601283482143,1,1470250004267,0.0534319196429,0,55,876383,0.148530505952
0.0506882440476,0.0609188988095,1,1470250004267,0.0595238095238,1,55,878458,0.160481770833
0.0470377604167,0.0532459077381,1,1470250004267,0.0575241815476,2,55,880512,0.159923735119
0.0410853794643,0.0501999627976,1,1470250004267,0.0491768973214,3,55,882518,0.118954613095
0.0565941220238,0.0655459449405,0,1470250004325,0.0623139880952,0,55,959821,0.164411272321
0.0652204241071,0.0852864583333,0,1470250004325,0.07861328125,1,55,961889,0.204008556548
0.052990141369,0.063244047619,0,1470250004325,0.062755766369,2,55,963896,0.165178571429
0.0564313616071,0.0668712797619,0,1470250004325,0.0595005580357,3,55,965996,0.161435081845
0.0657784598214,0.0830078125,0,1470250004328,0.0748232886905,4,55,968053,0.20703125
0.0742420014881,0.0948195684524,0,1470250004328,0.0845191592262,5,55,970080,0.239048549107
0.0483863467262,0.0625465029762,0,1470250004328,0.0550362723214,6,55,972082,0.143763950893
0.0666852678571,0.0774972098214,0,1470250004328,0.0702892485119,7,55,974179,0.205636160714
0.0520600818452,0.0599423363095,1,1470250004328,0.0533854166667,0,55,976674,0.148344494048
0.0506882440476,0.0608723958333,1,1470250004328,0.0595470610119,1,55,978706,0.160551525298
0.0466889880952,0.0531296502976,1,1470250004328,0.0572451636905,2,55,980713,0.161458333333
0.0412016369048,0.0504557291667,1,1470250004328,0.0492466517857,3,55,982789,0.118954613095
0.0565941220238,0.0655459449405,0,1470250004399,0.0623604910714,0,56,59966,0.164620535714
0.0652204241071,0.0852864583333,0,1470250004452,0.0786365327381,1,56,62030,0.204031808036
0.052990141369,0.063244047619,0,1470250004452,0.062732514881,2,56,64140,0.165178571429
0.0564778645833,0.0671037946429,0,1470250004452,0.0594773065476,3,56,66285,0.161597842262
0.0646158854167,0.0819847470238,0,1470250004452,0.0736142113095,4,56,68315,0.205961681548
0.0735444568452,0.0942150297619,0,1470250004452,0.0837983630952,5,56,70347,0.238374255952
0.0484328497024,0.0625930059524,0,1470250004452,0.0550827752976,6,56,72462,0.143880208333
0.0655924479167,0.0765671502976,0,1470250004452,0.0691499255952,7,56,74497,0.204520089286
0.0520600818452,0.0599655877976,1,1470250004452,0.0534319196429,0,56,76969,0.1484375
0.0506417410714,0.0608723958333,1,1470250004452,0.0595005580357,1,56,79004,0.16064453125
0.0479445684524,0.0543387276786,1,1470250004452,0.0586867559524,2,56,81015,0.163388206845
0.0412016369048,0.0504557291667,1,1470250004452,0.0492466517857,3,56,83019,0.119047619048
0.0565941220238,0.0655459449405,0,1470250004503,0.0623372395833,0,56,160195,0.16455078125
0.0652901785714,0.0853562127976,0,1470250004503,0.0786830357143,1,56,162259,0.204078311012
0.052990141369,0.063220796131,0,1470250004554,0.062732514881,2,56,164329,0.165132068452
0.0565476190476,0.067150297619,0,1470250004554,0.0594773065476,3,56,166338,0.16173735119
0.0658249627976,0.0830543154762,0,1470250004554,0.0748465401786,4,56,168436,0.207124255952
0.0735444568452,0.0941917782738,0,1470250004554,0.0838216145833,5,56,170461,0.238420758929
0.0484793526786,0.0626162574405,0,1470250004554,0.0550827752976,6,56,172483,0.14392671131
0.0655691964286,0.0765438988095,0,1470250004554,0.0691499255952,7,56,174601,0.204427083333
0.0520600818452,0.0599655877976,1,1470250004554,0.0533621651786,0,56,177099,0.14832124256
0.0505719866071,0.060779389881,1,1470250004554,0.0593843005952,1,56,179132,0.16064453125
0.046875,0.0535481770833,1,1470250004554,0.0576404389881,2,56,181146,0.161807105655
0.0426199776786,0.0518508184524,1,1470250004554,0.05078125,3,56,183168,0.120675223214
0.0566173735119,0.0655691964286,0,1470250004604,0.0624069940476,0,56,260342,0.164527529762
0.065197172619,0.0852632068452,0,1470250004604,0.0785900297619,1,56,262380,0.203962053571
0.052966889881,0.0631742931548,0,1470250004604,0.0627092633929,2,56,264459,0.165085565476
0.0566173735119,0.0672898065476,0,1470250004659,0.0595935639881,3,56,266471,0.162202380952
0.0645926339286,0.0819382440476,0,1470250004659,0.0735909598214,4,56,268489,0.205845424107
0.0745210193452,0.0950753348214,0,1470250004659,0.0848214285714,5,56,270566,0.239443824405
0.0494791666667,0.0635230654762,0,1470250004659,0.0561290922619,6,56,272636,0.144996279762
0.066662016369,0.0774739583333,0,1470250004659,0.0702892485119,7,56,274680,0.20556640625
0.0521530877976,0.0600353422619,1,1470250004659,0.0533854166667,0,56,277141,0.148460751488
0.0504092261905,0.0606631324405,1,1470250004659,0.0592215401786,1,56,279180,0.160481770833
0.0469912574405,0.0537806919643,1,1470250004659,0.0578962053571,2,56,281171,0.162086123512
0.0412946428571,0.0506882440476,1,1470250004659,0.0494094122024,3,56,283174,0.119326636905
0.0566173735119,0.0655691964286,0,1470250004709,0.0624069940476,0,56,360628,0.164527529762
0.065197172619,0.0852864583333,0,1470250004709,0.0785667782738,1,56,362692,0.203962053571
0.0529436383929,0.0631742931548,0,1470250004709,0.0627092633929,2,56,364711,0.1650390625
0.0566638764881,0.0673130580357,0,1470250004709,0.0596633184524,3,56,366787,0.162318638393
0.0649646577381,0.082287016369,0,1470250004709,0.073962983631,4,56,368811,0.206263950893
0.0745210193452,0.0950753348214,0,1470250004760,0.0848214285714,5,56,370840,0.239443824405
0.0486421130952,0.0626395089286,0,1470250004760,0.0551990327381,6,56,372843,0.144182477679
0.0666852678571,0.0774972098214,0,1470250004760,0.0703125,7,56,374914,0.205612909226
0.0521298363095,0.0600120907738,1,1470250004760,0.0534319196429,0,56,377412,0.148460751488
0.0502697172619,0.060546875,1,1470250004760,0.0591052827381,1,56,379431,0.160388764881
0.0482235863095,0.0548735119048,1,1470250004760,0.0594540550595,2,56,381435,0.163504464286
0.0415271577381,0.0510602678571,1,1470250004760,0.0497116815476,3,56,383448,0.119675409226
0.0566173735119,0.0655226934524,0,1470250004812,0.062267485119,0,56,460782,0.16443452381
0.0667317708333,0.0867280505952,0,1470250004812,0.0801711309524,1,56,462899,0.205473400298
0.0529436383929,0.0631742931548,0,1470250004812,0.0627092633929,2,56,464927,0.165062313988
0.0566638764881,0.0672665550595,0,1470250004812,0.0595703125,3,56,466928,0.162109375
0.0645693824405,0.0819382440476,0,1470250004812,0.0735677083333,4,56,468941,0.205845424107
0.0735212053571,0.0941452752976,0,1470250004812,0.083751860119,5,56,470988,0.238304501488
0.0487351190476,0.0626395089286,0,1470250004863,0.0552455357143,6,56,473018,0.144275483631
0.0656156994048,0.0765671502976,0,1470250004863,0.0691731770833,7,56,475071,0.204613095238
0.0521530877976,0.06005859375,1,1470250004863,0.0535714285714,0,56,477543,0.148600260417
0.0501302083333,0.0604306175595,1,1470250004863,0.0589890252976,1,56,479580,0.160319010417
0.0482235863095,0.0548735119048,1,1470250004863,0.0594540550595,2,56,481576,0.163504464286
0.0429222470238,0.0525716145833,1,1470250004863,0.0512927827381,3,56,483576,0.12109375
0.0565941220238,0.0654994419643,0,1470250004914,0.0621279761905,0,56,560971,0.164248511905
0.0652204241071,0.0853097098214,0,1470250004914,0.07861328125,1,56,563029,0.20398530506
0.0529436383929,0.063220796131,0,1470250004914,0.0627092633929,2,56,565050,0.165085565476
0.0566173735119,0.0672433035714,0,1470250004914,0.0594773065476,3,56,567053,0.161900111607
0.0645693824405,0.0819149925595,0,1470250004914,0.0735677083333,4,56,569072,0.205891927083
0.0745210193452,0.0950985863095,0,1470250004914,0.0847981770833,5,56,571099,0.239327566964
0.0489676339286,0.062755766369,0,1470250004914,0.0554547991071,6,56,573119,0.144554501488
0.0656389508929,0.0765904017857,0,1470250004965,0.0691731770833,7,56,575160,0.204659598214
0.0521995907738,0.0601050967262,1,1470250004965,0.0536876860119,0,56,577630,0.148716517857
0.0499674479167,0.0602678571429,1,1470250004965,0.0588030133929,1,56,579631,0.160226004464
0.0469912574405,0.0537574404762,1,1470250004965,0.0582914806548,2,56,581642,0.16173735119
0.041736421131,0.0516880580357,1,1470250004965,0.0501069568452,3,56,583665,0.120047433036
0.0565708705357,0.0654994419643,0,1470250005016,0.0619884672619,0,56,661160,0.164015997024
0.0652436755952,0.0853329613095,0,1470250005016,0.0786365327381,1,56,663206,0.204008556548
0.052966889881,0.063220796131,0,1470250005016,0.062732514881,2,56,665252,0.165108816964
0.0566871279762,0.0673595610119,0,1470250005016,0.0595005580357,3,56,667256,0.16199311756
0.0645693824405,0.0818684895833,0,1470250005016,0.0735212053571,4,56,669275,0.205798921131
0.0735212053571,0.0941685267857,0,1470250005016,0.0837751116071,5,56,671321,0.238257998512
0.0489211309524,0.0626627604167,0,1470250005016,0.0553385416667,6,56,673356,0.14453125
0.0667317708333,0.0775437127976,0,1470250005067,0.0703357514881,7,56,675451,0.205822172619
0.0522228422619,0.0601283482143,1,1470250005067,0.0538039434524,0,56,677942,0.148879278274
0.0498511904762,0.0601748511905,1,1470250005067,0.0586867559524,1,56,680017,0.16015625
0.046875,0.0535946800595,1,1470250005067,0.0581519717262,2,56,682028,0.160574776786
0.0425037202381,0.0524088541667,1,1470250005067,0.0509440104167,3,56,684108,0.120930989583
0.0565476190476,0.0654529389881,0,1470250005118,0.0618954613095,0,56,761331,0.163829985119
0.0652204241071,0.0853097098214,0,1470250005118,0.07861328125,1,56,763358,0.203938802083
0.052966889881,0.063220796131,0,1470250005118,0.0626860119048,2,56,765366,0.165062313988
0.0567801339286,0.0674293154762,0,1470250005118,0.0595703125,3,56,767391,0.162318638393
0.0645461309524,0.0818452380952,0,1470250005118,0.0735212053571,4,56,769416,0.205798921131
0.073474702381,0.0941220238095,0,1470250005118,0.083728608631,5,56,771446,0.238118489583
0.0489443824405,0.0626395089286,0,1470250005118,0.0553617931548,6,56,773470,0.144601004464
0.0667550223214,0.0775902157738,0,1470250005118,0.0703590029762,7,56,775515,0.205915178571
0.0526878720238,0.060546875,1,1470250005169,0.0543387276786,0,56,777996,0.149437313988
0.0498744419643,0.0602213541667,1,1470250005169,0.0587100074405,1,56,780010,0.16027250744
0.047130766369,0.0537341889881,1,1470250005169,0.0584542410714,2,56,781999,0.16003999256
0.0428989955357,0.0527111235119,1,1470250005169,0.0513857886905,3,56,784151,0.121419270833
0.0565243675595,0.0654296875,0,1470250005220,0.0618489583333,0,56,861545,0.163783482143
0.065197172619,0.0852632068452,0,1470250005220,0.07861328125,1,56,863607,0.203938802083
0.0529203869048,0.0631975446429,0,1470250005220,0.0626860119048,2,56,865630,0.165015811012
0.0569428943452,0.067638578869,0,1470250005220,0.0597098214286,3,56,867622,0.162760416667
0.0651506696429,0.0824265252976,0,1470250005220,0.0741722470238,4,56,869639,0.206496465774
0.0742652529762,0.0948660714286,0,1470250005220,0.0845889136905,5,56,871674,0.239048549107
0.0489676339286,0.0625697544643,0,1470250005220,0.0553385416667,6,56,873704,0.144624255952
0.0657319568452,0.07666015625,0,1470250005220,0.0692661830357,7,56,875739,0.204938616071
0.05224609375,0.0601283482143,1,1470250005220,0.053943452381,0,56,878215,0.148972284226
0.0499674479167,0.0603376116071,1,1470250005271,0.0588030133929,1,56,880244,0.16076078869
0.0464564732143,0.0530366443452,1,1470250005271,0.0577566964286,2,56,882254,0.159249441964
0.0415736607143,0.0515485491071,1,1470250005271,0.0500139508929,3,56,884332,0.119861421131
0.0565243675595,0.0654064360119,0,1470250005322,0.0618257068452,0,56,961761,0.163760230655
0.065197172619,0.0852632068452,0,1470250005322,0.07861328125,1,56,963812,0.203892299107
0.0528738839286,0.0630812872024,0,1470250005322,0.0625930059524,2,56,965890,0.164829799107
0.0569893973214,0.0676850818452,0,1470250005322,0.0597330729167,3,56,967905,0.1630859375
0.0645926339286,0.0819614955357,0,1470250005322,0.0736142113095,4,56,969930,0.205984933036
0.0735212053571,0.0941685267857,0,1470250005322,0.0837751116071,5,56,971939,0.238351004464
0.048828125,0.0623139880952,0,1470250005322,0.05517578125,6,56,973954,0.14441499256
0.0657319568452,0.0766834077381,0,1470250005322,0.0692661830357,7,56,976150,0.204938616071
0.0522228422619,0.0601283482143,1,1470250005322,0.0540364583333,0,56,978615,0.149065290179
0.0501534598214,0.060546875,1,1470250005374,0.0590355282738,1,56,980628,0.161714099702
0.0484793526786,0.0549665178571,1,1470250005374,0.0602213541667,2,56,982712,0.164248511905
0.0426199776786,0.052478608631,1,1470250005374,0.0511997767857,3,56,984743,0.120186941964
0.0565011160714,0.0653599330357,0,1470250005424,0.0618257068452,0,57,62351,0.163760230655
0.0651506696429,0.0852399553571,0,1470250005424,0.0785202752976,1,57,64484,0.203683035714
0.0527576264881,0.0630115327381,0,1470250005424,0.0624767485119,2,57,66497,0.164597284226
0.0568266369048,0.0672898065476,0,1470250005424,0.0597795758929,3,57,68501,0.163225446429
0.0658249627976,0.0831938244048,0,1470250005424,0.074939546131,4,57,70520,0.20740327381
0.0744977678571,0.0950753348214,0,1470250005424,0.0847749255952,5,57,72626,0.239211309524
0.0494559151786,0.0627790178571,0,1470250005424,0.0557803199405,6,57,74663,0.144949776786
0.0666852678571,0.0774739583333,0,1470250005424,0.0702427455357,7,57,76681,0.205612909226
0.0531296502976,0.0609188988095,1,1470250005424,0.0551060267857,0,57,79168,0.150065104167
0.0502232142857,0.0606166294643,1,1470250005424,0.0591982886905,1,57,81189,0.162295386905
0.0492466517857,0.056408110119,1,1470250005424,0.0614071800595,2,57,83198,0.171037946429
0.0416434151786,0.0513160342262,1,1470250005480,0.0502232142857,3,57,85224,0.119117373512
0.0563151041667,0.0651274181548,0,1470250005531,0.0615699404762,0,57,162084,0.163341703869
0.0651274181548,0.0852399553571,0,1470250005531,0.0784272693452,1,57,164193,0.203380766369
0.0525483630952,0.0627790178571,0,1470250005531,0.062244233631,2,57,166204,0.164109002976
0.0567801339286,0.0669410342262,0,1470250005531,0.0598958333333,3,57,168319,0.163643973214
0.0647321428571,0.082287016369,0,1470250005531,0.0738234747024,4,57,170370,0.206496465774
0.0734514508929,0.0941220238095,0,1470250005531,0.0836821056548,5,57,172386,0.238141741071
0.0485491071429,0.0619187127976,0,1470250005531,0.0548502604167,6,57,174418,0.143810453869
0.0666852678571,0.0774739583333,0,1470250005531,0.0702427455357,7,57,176506,0.205612909226
0.0521298363095,0.0600120907738,1,1470250005531,0.0541527157738,0,57,178992,0.14929780506
0.0501999627976,0.0607328869048,1,1470250005531,0.0592215401786,1,57,181003,0.162248883929
0.0502232142857,0.0578962053571,1,1470250005531,0.06201171875,2,57,183043,0.174269903274
0.040294828869,0.0494326636905,1,1470250005531,0.0485026041667,3,57,185084,0.118187313988
0.0560593377976,0.0648018973214,0,1470250005601,0.0611281622024,0,57,262260,0.162365141369
0.0652436755952,0.08544921875,0,1470250005653,0.0787062872024,1,57,264342,0.204194568452
0.0521763392857,0.0623837425595,0,1470250005653,0.0618489583333,2,57,266364,0.162853422619
0.0565476190476,0.0663829985119,0,1470250005653,0.0595238095238,3,57,268389,0.163504464286
0.0659644717262,0.0834495907738,0,1470250005653,0.0751255580357,4,57,270746,0.207821800595
0.0735444568452,0.0941917782738,0,1470250005653,0.0837751116071,5,57,272852,0.238374255952
0.0485491071429,0.0619187127976,0,1470250005653,0.0548502604167,6,57,274904,0.143810453869
0.0662202380952,0.0770321800595,0,1470250005653,0.0697544642857,7,57,276922,0.204636346726
0.0520600818452,0.0598958333333,1,1470250005653,0.0541294642857,0,57,279414,0.149437313988
0.0503162202381,0.0610119047619,1,1470250005653,0.0592680431548,1,57,281430,0.162899925595
0.0495256696429,0.0568033854167,1,1470250005653,0.0603841145833,2,57,283428,0.169154575893
0.0408296130952,0.0494791666667,1,1470250005653,0.0489211309524,3,57,285521,0.118582589286
0.0556408110119,0.0643368675595,0,1470250005703,0.0605933779762,0,57,362475,0.161225818452
0.06689453125,0.0870303199405,0,1470250005753,0.0804734002976,1,57,364532,0.20642671131
0.0523856026786,0.0626395089286,0,1470250005753,0.0620349702381,2,57,366541,0.16394624256
0.0565941220238,0.0658017113095,0,1470250005753,0.0593610491071,3,57,368631,0.164295014881
0.0647786458333,0.0824265252976,0,1470250005753,0.0739164806548,4,57,370653,0.206775483631
0.0736839657738,0.0943545386905,0,1470250005753,0.0839611235119,5,57,372672,0.238746279762
0.0483863467262,0.0619419642857,0,1470250005753,0.0548037574405,6,57,374793,0.143531436012
0.065173921131,0.0761253720238,0,1470250005753,0.0686848958333,7,57,376826,0.203311011905
0.0531761532738,0.0607328869048,1,1470250005753,0.0552222842262,0,57,379304,0.15076264881
0.0503627232143,0.0610584077381,1,1470250005753,0.0592447916667,1,57,381309,0.163271949405
0.0455496651786,0.0528506324405,1,1470250005753,0.0553850446429,2,57,383327,0.157807849702
0.0391555059524,0.0472005208333,1,1470250005753,0.0469912574405,3,57,385358,0.116280691964
0.0555013020833,0.064220610119,0,1470250005805,0.0605701264881,0,57,462732,0.160946800595
0.0654296875,0.085681733631,0,1470250005805,0.0790085565476,1,57,464800,0.205310639881
0.0524321056548,0.0626860119048,0,1470250005856,0.0620814732143,2,57,466795,0.164085751488
0.0552455357143,0.064197358631,0,1470250005856,0.0586402529762,3,57,468812,0.162853422619
0.06591796875,0.0833798363095,0,1470250005856,0.0750558035714,4,57,470902,0.207705543155
0.0734049479167,0.0941220238095,0,1470250005856,0.0836356026786,5,57,472947,0.238211495536
0.0488746279762,0.0626395089286,0,1470250005856,0.0553850446429,6,57,474989,0.144252232143
0.0655691964286,0.0764741443452,0,1470250005856,0.0690569196429,7,57,477016,0.203845796131
0.0522693452381,0.0600353422619,1,1470250005856,0.0541759672619,0,57,479495,0.149762834821
0.0502464657738,0.0609188988095,1,1470250005856,0.05908203125,1,57,481522,0.162946428571
0.0459216889881,0.0528273809524,1,1470250005856,0.0555478050595,2,57,483533,0.156156994048
0.0391322544643,0.0468052455357,1,1470250005856,0.0470377604167,3,57,485558,0.116675967262
0.0555943080357,0.0644066220238,0,1470250005907,0.060779389881,0,57,562980,0.16101655506
0.0654529389881,0.0857514880952,0,1470250005907,0.0790318080357,1,57,565019,0.205380394345
0.0524321056548,0.0627092633929,0,1470250005907,0.0621047247024,2,57,567057,0.1640625
0.0555245535714,0.0649646577381,0,1470250005958,0.0588960193452,3,57,569079,0.163155691964
0.06591796875,0.0833798363095,0,1470250005958,0.0750558035714,4,57,571103,0.207705543155
0.0743815104167,0.0950288318452,0,1470250005958,0.0846819196429,5,57,573130,0.239281063988
0.0487351190476,0.0625930059524,0,1470250005958,0.0552222842262,6,57,575153,0.144252232143
0.0663132440476,0.0771716889881,0,1470250005958,0.0698707217262,7,57,577181,0.204845610119
0.0522693452381,0.0600353422619,1,1470250005958,0.0542224702381,0,57,579650,0.149762834821
0.0503627232143,0.0610119047619,1,1470250005958,0.0591750372024,1,57,581642,0.16345796131
0.0443173363095,0.0515950520833,1,1470250005958,0.0536179315476,2,57,583655,0.151529947917
0.0405505952381,0.0480143229167,1,1470250005958,0.0487118675595,3,57,585683,0.119605654762
0.0556873139881,0.0644996279762,0,1470250006008,0.0608723958333,0,57,663174,0.161435081845
0.0654761904762,0.0857747395833,0,1470250006008,0.0790783110119,1,57,665235,0.205612909226
0.052478608631,0.062755766369,0,1470250006008,0.0621744791667,2,57,667242,0.164295014881
0.0563151041667,0.0657784598214,0,1470250006058,0.0595935639881,3,57,669267,0.16492280506
0.064685639881,0.0822172619048,0,1470250006058,0.0737769717262,4,57,671304,0.206449962798
0.073474702381,0.0941685267857,0,1470250006058,0.0837053571429,5,57,673344,0.238444010417
0.0489676339286,0.0627790178571,0,1470250006058,0.0554780505952,6,57,675444,0.144717261905
0.0654761904762,0.0764508928571,0,1470250006058,0.0689871651786,7,57,677472,0.20398530506
0.0528041294643,0.0605701264881,1,1470250006058,0.0547805059524,0,57,679955,0.150553385417
0.050548735119,0.0612211681548,1,1470250006058,0.0593843005952,1,57,681972,0.164015997024
0.0438755580357,0.0513625372024,1,1470250006058,0.0530366443452,2,57,684048,0.148507254464
0.0405505952381,0.0480143229167,1,1470250006058,0.0487118675595,3,57,686074,0.119605654762
0.0557105654762,0.0645228794643,0,1470250006109,0.060802641369,0,57,763337,0.161481584821
0.0655226934524,0.0857979910714,0,1470250006109,0.0790783110119,1,57,765450,0.20568266369
0.052478608631,0.062732514881,0,1470250006109,0.0621512276786,2,57,767461,0.164202008929
0.0560825892857,0.0657319568452,0,1470250006160,0.0597330729167,3,57,769482,0.164946056548
0.0653134300595,0.0827985491071,0,1470250006160,0.0744280133929,4,57,771507,0.207101004464
0.0740094866071,0.0946568080357,0,1470250006160,0.0842633928571,5,57,773536,0.238909040179
0.0491071428571,0.0628255208333,0,1470250006160,0.0555478050595,6,57,775585,0.144973028274
0.0652901785714,0.0763113839286,0,1470250006160,0.0688244047619,7,57,777618,0.20398530506
0.0528041294643,0.0605701264881,1,1470250006160,0.0547805059524,0,57,780081,0.150553385417
0.0506649925595,0.061290922619,1,1470250006160,0.0594773065476,1,57,782093,0.164132254464
0.0448288690476,0.0523158482143,1,1470250006161,0.0540597098214,2,57,784259,0.148507254464
0.039295014881,0.0468517485119,1,1470250006161,0.0475260416667,3,57,786290,0.118908110119
0.0557570684524,0.0645926339286,0,1470250006211,0.0608723958333,0,57,863561,0.161714099702
0.0655226934524,0.0858444940476,0,1470250006211,0.0790783110119,1,57,865628,0.20568266369
0.052478608631,0.062755766369,0,1470250006211,0.0621512276786,2,57,867643,0.164248511905
0.0555478050595,0.0653366815476,0,1470250006211,0.0591285342262,3,57,869662,0.164364769345
0.064708891369,0.0821707589286,0,1470250006262,0.0737769717262,4,57,871695,0.206449962798
0.0734049479167,0.0941452752976,0,1470250006262,0.0836821056548,5,57,873734,0.238304501488
0.0493396577381,0.0630347842262,0,1470250006262,0.0557338169643,6,57,875762,0.145414806548
0.06640625,0.0772646949405,0,1470250006262,0.0699404761905,7,57,877786,0.205287388393
0.052478608631,0.0604073660714,1,1470250006262,0.0545479910714,0,57,880286,0.150530133929
0.0508045014881,0.0614304315476,1,1470250006262,0.0596865699405,1,57,882302,0.16443452381
0.0435732886905,0.0511997767857,1,1470250006262,0.0526181175595,2,57,884338,0.146089099702
0.039318266369,0.0468982514881,1,1470250006262,0.047619047619,3,57,886344,0.119210379464
0.0557338169643,0.0645926339286,0,1470250006313,0.0607328869048,0,57,963763,0.161690848214
0.0655459449405,0.0858444940476,0,1470250006313,0.0791945684524,1,57,965897,0.205822172619
0.052478608631,0.062755766369,0,1470250006313,0.0621744791667,2,57,967919,0.164248511905
0.0550595238095,0.0647321428571,0,1470250006313,0.0586170014881,3,57,969945,0.163922991071
0.0646391369048,0.0821242559524,0,1470250006313,0.07373046875,4,57,971962,0.206333705357
0.0734514508929,0.0941685267857,0,1470250006363,0.0837053571429,5,57,974058,0.23839750744
0.0500139508929,0.0635928199405,0,1470250006363,0.056384858631,6,57,976142,0.146089099702
0.0664295014881,0.0772646949405,0,1470250006363,0.0699637276786,7,57,978166,0.205287388393
0.0524088541667,0.0603608630952,1,1470250006363,0.0545479910714,0,57,980626,0.150437127976
0.0509672619048,0.0615699404762,1,1470250006363,0.059826078869,1,57,982684,0.16455078125
0.0437360491071,0.0513857886905,1,1470250006363,0.052734375,2,57,984760,0.145786830357
0.0406668526786,0.048107328869,1,1470250006363,0.049060639881,3,57,986759,0.120814732143
0.0557803199405,0.0646623883929,0,1470250006413,0.0606863839286,0,58,63948,0.161667596726
0.0655924479167,0.0858909970238,0,1470250006413,0.0791945684524,1,58,66072,0.205915178571
0.052501860119,0.062755766369,0,1470250006413,0.0621744791667,2,58,68088,0.164248511905
0.0547572544643,0.0644763764881,0,1470250006413,0.0582682291667,3,58,70105,0.163527715774
0.064685639881,0.0821940104167,0,1470250006413,0.0737769717262,4,58,72177,0.206473214286
0.0744047619048,0.0950288318452,0,1470250006463,0.084705171131,5,58,74286,0.239281063988
0.0494559151786,0.0630347842262,0,1470250006463,0.0557570684524,6,58,76324,0.1455078125
0.0653831845238,0.0763578869048,0,1470250006463,0.0688709077381,7,58,78354,0.204241071429
0.0524321056548,0.0604073660714,1,1470250006463,0.0545712425595,0,58,80834,0.150646391369
0.0511532738095,0.0617327008929,1,1470250006463,0.0600353422619,1,58,82855,0.164783296131
0.0441080729167,0.0518508184524,1,1470250006463,0.0530366443452,2,58,84891,0.145949590774
0.0394577752976,0.0470610119048,1,1470250006463,0.0477818080357,3,58,86988,0.119838169643
0.0558268229167,0.0647321428571,0,1470250006514,0.0607328869048,0,58,164193,0.161783854167
0.067127046131,0.0873093377976,0,1470250006514,0.0807756696429,1,58,166243,0.207473028274
0.0525251116071,0.0627790178571,0,1470250006514,0.0622209821429,2,58,168301,0.164318266369
0.0547572544643,0.0644996279762,0,1470250006514,0.0582914806548,3,58,170323,0.163527715774
0.064685639881,0.0821940104167,0,1470250006514,0.0737537202381,4,58,172340,0.20642671131
0.0744047619048,0.0950288318452,0,1470250006565,0.084705171131,5,58,174370,0.239281063988
0.0495256696429,0.0631277901786,0,1470250006565,0.0558268229167,6,58,176384,0.145647321429
0.0654296875,0.0763811383929,0,1470250006565,0.0689174107143,7,58,178408,0.204380580357
0.052478608631,0.0604538690476,1,1470250006565,0.0546409970238,0,58,180876,0.150832403274
0.0513857886905,0.0619419642857,1,1470250006565,0.060291108631,1,58,182957,0.165271577381
0.0437825520833,0.0517113095238,1,1470250006565,0.0526646205357,2,58,184987,0.14539155506
0.0395972842262,0.0472005208333,1,1470250006565,0.0480143229167,3,58,187001,0.120814732143
0.0558733258929,0.0647553943452,0,1470250006617,0.060779389881,0,58,264383,0.161969866071
0.0656156994048,0.0859142485119,0,1470250006617,0.0791945684524,1,58,266429,0.206008184524
0.0525483630952,0.0628255208333,0,1470250006617,0.0622209821429,2,58,268434,0.164364769345
0.0547572544643,0.0644763764881,0,1470250006617,0.0582217261905,3,58,270459,0.163364955357
0.0649646577381,0.0824497767857,0,1470250006617,0.0740559895833,4,58,272494,0.206728980655
0.0734514508929,0.0941685267857,0,1470250006617,0.0837053571429,5,58,274556,0.238304501488
0.0500837053571,0.0636393229167,0,1470250006617,0.0563616071429,6,58,276578,0.146298363095
0.0665225074405,0.077380952381,0,1470250006669,0.070056733631,7,58,278592,0.205705915179
0.0524553571429,0.0604538690476,1,1470250006669,0.0546409970238,0,58,281149,0.150832403274
0.0514555431548,0.0619884672619,1,1470250006669,0.0603376116071,1,58,283158,0.165550595238
0.0437825520833,0.0517113095238,1,1470250006669,0.0526646205357,2,58,285179,0.14539155506
0.0410388764881,0.0485491071429,1,1470250006669,0.0496419270833,3,58,287206,0.123302641369
0.0559430803571,0.0648251488095,0,1470250006720,0.0608491443452,0,58,364527,0.162202380952
0.0656389508929,0.0859142485119,0,1470250006720,0.0791945684524,1,58,366569,0.205984933036
0.0525483630952,0.0628255208333,0,1470250006720,0.0622209821429,2,58,368641,0.164388020833
0.0553152901786,0.0650344122024,0,1470250006720,0.0587565104167,3,58,370663,0.163899739583
0.0647553943452,0.082287016369,0,1470250006720,0.0738234747024,4,58,372687,0.206635974702
0.074474516369,0.0950985863095,0,1470250006720,0.0847516741071,5,58,374764,0.239490327381
0.0497116815476,0.0632905505952,0,1470250006720,0.0559663318452,6,58,376824,0.14611235119
0.0665457589286,0.0774274553571,0,1470250006720,0.070079985119,7,58,378846,0.205659412202
0.0525251116071,0.0605236235119,1,1470250006771,0.0546642485119,0,58,381319,0.150925409226
0.0514787946429,0.0620349702381,1,1470250006771,0.0603841145833,1,58,383341,0.165759858631
0.0451078869048,0.0530831473214,1,1470250006771,0.0541294642857,2,58,385367,0.146716889881
0.039806547619,0.0474097842262,1,1470250006771,0.0484328497024,3,58,387385,0.122512090774
0.0559430803571,0.0648484002976,0,1470250006822,0.0608258928571,0,58,464764,0.162202380952
0.0657087053571,0.0860072544643,0,1470250006823,0.079334077381,1,58,466797,0.20617094494
0.0525483630952,0.0628255208333,0,1470250006823,0.0622209821429,2,58,468810,0.164388020833
0.0558733258929,0.0655459449405,0,1470250006823,0.059337797619,3,58,470881,0.164527529762
0.0658482142857,0.083263578869,0,1470250006824,0.074962797619,4,58,472921,0.207752046131
0.0735677083333,0.0942847842262,0,1470250006824,0.083751860119,5,58,474966,0.23865327381
0.0497814360119,0.0632672991071,0,1470250006824,0.0559663318452,6,58,476990,0.146228608631
0.0654994419643,0.0765206473214,0,1470250006824,0.0690104166667,7,58,479065,0.204752604167
0.052501860119,0.0605701264881,1,1470250006874,0.0547107514881,0,58,481533,0.150855654762
0.051525297619,0.0620814732143,1,1470250006874,0.0604073660714,1,58,483548,0.165852864583
0.0442243303571,0.0524553571429,1,1470250006874,0.05322265625,2,58,485572,0.145786830357
0.0401320684524,0.0477585565476,1,1470250006874,0.0488513764881,3,58,487606,0.123186383929
0.0559430803571,0.0648484002976,0,1470250006934,0.060779389881,0,58,564890,0.162016369048
0.065685453869,0.0859840029762,0,1470250006934,0.0792410714286,1,58,566991,0.20617094494
0.0525716145833,0.0628487723214,0,1470250006934,0.062244233631,2,58,569015,0.164481026786
0.056408110119,0.0660109747024,0,1470250006934,0.0598958333333,3,58,571049,0.165480840774
0.0648251488095,0.0823567708333,0,1470250006934,0.0738699776786,4,58,573065,0.20691499256
0.0736374627976,0.0943312872024,0,1470250006934,0.0837983630952,5,58,575155,0.238792782738
0.0497814360119,0.0632905505952,0,1470250006934,0.0559663318452,6,58,577182,0.146298363095
0.065685453869,0.07666015625,0,1470250006934,0.0691499255952,7,58,579202,0.205147879464
0.0525251116071,0.0606398809524,1,1470250006934,0.0548037574405,0,58,581661,0.150925409226
0.0515718005952,0.0621512276786,1,1470250006934,0.0604771205357,1,58,583687,0.166085379464
0.0442475818452,0.0525251116071,1,1470250006934,0.0532459077381,2,58,585730,0.145670572917
0.0413178943452,0.0488978794643,1,1470250006934,0.0502232142857,3,58,587724,0.125139508929
0.0559895833333,0.0648949032738,0,1470250007005,0.060802641369,0,58,665066,0.162109375
0.0657552083333,0.0860770089286,0,1470250007056,0.079357328869,1,58,667102,0.206496465774
0.0526413690476,0.0629417782738,0,1470250007056,0.0623139880952,2,58,669115,0.164690290179
0.056640625,0.0662202380952,0,1470250007056,0.0600818452381,3,58,671177,0.166155133929
0.066150483631,0.0835193452381,0,1470250007056,0.0751953125,4,58,673205,0.208426339286
0.0746372767857,0.0953078497024,0,1470250007056,0.0848446800595,5,58,675579,0.240211123512
0.0498046875,0.0633603050595,0,1470250007056,0.0560360863095,6,58,677618,0.146414620536
0.065685453869,0.07666015625,0,1470250007056,0.0691499255952,7,58,679655,0.205147879464
0.0526181175595,0.0606398809524,1,1470250007056,0.0548735119048,0,58,682120,0.151041666667
0.0516648065476,0.0622209821429,1,1470250007056,0.060546875,1,58,684194,0.166410900298
0.0451311383929,0.0533621651786,1,1470250007056,0.0541759672619,2,58,686235,0.14611235119
0.0402018229167,0.0479445684524,1,1470250007056,0.0491071428571,3,58,688330,0.124651227679
0.0560360863095,0.0649181547619,0,1470250007109,0.0608956473214,0,58,765239,0.16222563244
0.0657784598214,0.0861235119048,0,1470250007109,0.0794038318452,1,58,767265,0.206566220238
0.0526646205357,0.06298828125,0,1470250007160,0.0623372395833,2,58,769257,0.164783296131
0.0566173735119,0.066150483631,0,1470250007160,0.0601050967262,3,58,771239,0.166271391369
0.0649181547619,0.0824032738095,0,1470250007160,0.0739164806548,4,58,773219,0.207124255952
0.0738467261905,0.0946103050595,0,1470250007160,0.0840308779762,5,58,775268,0.239536830357
0.0501999627976,0.063732328869,0,1470250007160,0.0564546130952,6,58,777306,0.14685639881
0.0668712797619,0.0777297247024,0,1470250007160,0.0703590029762,7,58,779328,0.206635974702
0.0526413690476,0.0606863839286,1,1470250007160,0.0548967633929,0,58,781786,0.151134672619
0.0516880580357,0.062267485119,1,1470250007160,0.0605701264881,1,58,783808,0.166527157738
0.0438290550595,0.0522228422619,1,1470250007160,0.052734375,2,58,785910,0.143856956845
0.0412016369048,0.048828125,1,1470250007160,0.0501999627976,3,58,787911,0.126023065476
0.0560593377976,0.0649646577381,0,1470250007212,0.0609188988095,0,58,865485,0.162341889881
0.0658017113095,0.0861467633929,0,1470250007212,0.0793805803571,1,58,867532,0.206589471726
0.0526878720238,0.0629650297619,0,1470250007212,0.0623372395833,2,58,869539,0.164806547619
0.0564778645833,0.0659644717262,0,1470250007212,0.0600120907738,3,58,871568,0.166038876488
