blue,green,groupId,received,red,sensorId,time1,time2,white
0.023181733631,0.0309477306548,1,1469131124831,0.0351097470238,2,48,195300,0.0921921502976
0.0298549107143,0.0401553199405,1,1469131124831,0.0441080729167,3,48,197317,0.132765997024
0.030017671131,0.0364118303571,0,1469131124831,0.0364815848214,0,48,274678,0.109351748512
0.0408993675595,0.0604771205357,0,1469131124831,0.0543852306548,1,48,276736,0.160365513393
0.0255998883929,0.0341564360119,0,1469131124831,0.0344587053571,2,48,278836,0.10535249256
0.026134672619,0.035412016369,0,1469131124832,0.0370628720238,3,48,280852,0.103841145833
0.0426199776786,0.0603376116071,0,1469131124832,0.0532691592262,4,48,282888,0.165318080357
0.0318777901786,0.043689546131,0,1469131124832,0.03857421875,5,48,285006,0.115769159226
0.0255068824405,0.0332728794643,0,1469131124832,0.039806547619,6,48,287033,0.105747767857
0.0473167782738,0.0595005580357,0,1469131124832,0.0537806919643,7,48,289040,0.170642671131
0.0248325892857,0.0330868675595,1,1469131124832,0.0356212797619,0,48,291490,0.101585751488
0.0331566220238,0.0426897321429,1,1469131124832,0.0426432291667,1,48,293506,0.130650111607
0.023181733631,0.0309477306548,1,1469131124832,0.0351097470238,2,48,295547,0.0921921502976
0.02978515625,0.0400390625,1,1469131124832,0.0440383184524,3,48,297556,0.132626488095
0.030017671131,0.0364118303571,0,1469131124832,0.0365280877976,0,48,374914,0.109421502976
0.0408993675595,0.0604771205357,0,1469131124940,0.0543852306548,1,48,376989,0.160388764881
0.0255766369048,0.0341331845238,0,1469131124940,0.034435453869,2,48,378993,0.105282738095
0.0261579241071,0.0354352678571,0,1469131124940,0.0370861235119,3,48,381065,0.103980654762
0.0426199776786,0.0603376116071,0,1469131124941,0.0532691592262,4,48,383068,0.165341331845
0.0318777901786,0.043689546131,0,1469131124942,0.03857421875,5,48,385103,0.115815662202
0.0255533854167,0.0333426339286,0,1469131124943,0.0398297991071,6,48,387102,0.105864025298
0.0473167782738,0.0595238095238,0,1469131124943,0.0537806919643,7,48,389153,0.170665922619
0.0248558407738,0.0331101190476,1,1469131124943,0.0356212797619,0,48,391591,0.101492745536
0.0331798735119,0.0426897321429,1,1469131124943,0.0426664806548,1,48,393584,0.130719866071
0.0230654761905,0.03076171875,1,1469131124943,0.034923735119,2,48,395590,0.0916806175595
0.0297154017857,0.0399460565476,1,1469131124943,0.0439918154762,3,48,397577,0.132463727679
0.030017671131,0.0364350818452,0,1469131124945,0.0365513392857,0,48,475069,0.10949125744
0.0409226190476,0.0605003720238,0,1469131124945,0.0543852306548,1,48,477198,0.160412016369
0.0255766369048,0.0341564360119,0,1469131124946,0.0344587053571,2,48,479237,0.105305989583
0.0261579241071,0.0354585193452,0,1469131124946,0.037109375,3,48,481258,0.104073660714
0.0426664806548,0.0603841145833,0,1469131125043,0.0532924107143,4,48,483278,0.165434337798
0.0319242931548,0.0437360491071,0,1469131125043,0.0386207217262,5,48,485337,0.115955171131
0.0255998883929,0.0333891369048,0,1469131125044,0.0398297991071,6,48,487351,0.105933779762
0.0473167782738,0.0595470610119,0,1469131125044,0.0538039434524,7,48,489349,0.170689174107
0.0248558407738,0.0331101190476,1,1469131125044,0.0356212797619,0,48,491798,0.101492745536
0.0331798735119,0.042712983631,1,1469131125044,0.0426897321429,1,48,493838,0.130719866071
0.0229724702381,0.0306222098214,1,1469131125044,0.0347842261905,2,48,495953,0.0912155877976
0.0296688988095,0.0398763020833,1,1469131125044,0.0438988095238,3,48,497985,0.132231212798
0.030017671131,0.0364118303571,0,1469131125044,0.0365978422619,0,48,575232,0.109537760417
0.0408993675595,0.0604538690476,0,1469131125044,0.0543852306548,1,48,577287,0.160412016369
0.0255998883929,0.0341331845238,0,1469131125044,0.0344587053571,2,48,579309,0.105282738095
0.0261811755952,0.0354585193452,0,1469131125044,0.0371326264881,3,48,581347,0.10412016369
0.0426432291667,0.0603608630952,0,1469131125044,0.0532924107143,4,48,583379,0.16541108631
0.0319475446429,0.0437593005952,0,1469131125044,0.0386439732143,5,48,585486,0.116001674107
0.025646391369,0.033458891369,0,1469131125044,0.0398530505952,6,48,587504,0.106026785714
0.0473167782738,0.0595470610119,0,1469131125150,0.0538271949405,7,48,589522,0.170665922619
0.0248325892857,0.0331101190476,1,1469131125150,0.0355980282738,0,48,591993,0.101376488095
0.0331798735119,0.0426897321429,1,1469131125150,0.0426664806548,1,48,594092,0.130719866071
0.0228562127976,0.0304827008929,1,1469131125153,0.03466796875,2,48,596123,0.0907970610119
0.0296223958333,0.039806547619,1,1469131125153,0.0438523065476,3,48,598158,0.132114955357
0.030017671131,0.036388578869,0,1469131125153,0.0365978422619,0,48,675413,0.109561011905
0.0408993675595,0.0604538690476,0,1469131125153,0.0543852306548,1,48,677488,0.160365513393
0.0255766369048,0.0341331845238,0,1469131125153,0.0344587053571,2,48,679510,0.105236235119
0.0261811755952,0.0354585193452,0,1469131125153,0.0371326264881,3,48,681519,0.104143415179
0.0426199776786,0.0603376116071,0,1469131125153,0.0532691592262,4,48,683537,0.165294828869
0.0319010416667,0.043712797619,0,1469131125153,0.0386207217262,5,48,685595,0.115955171131
0.0256696428571,0.0334821428571,0,1469131125154,0.0398530505952,6,48,687599,0.106026785714
0.0473167782738,0.0595470610119,0,1469131125154,0.0538271949405,7,48,689602,0.170665922619
0.0248325892857,0.0331101190476,1,1469131125154,0.0355747767857,0,48,692060,0.101283482143
0.0331566220238,0.0426664806548,1,1469131125154,0.0426664806548,1,48,694145,0.130650111607
0.0227632068452,0.0303664434524,1,1469131125330,0.0345982142857,2,48,696179,0.0904947916667
0.029529389881,0.0397135416667,1,1469131125330,0.0437593005952,3,48,698198,0.131882440476
0.0299944196429,0.0363420758929,0,1469131125330,0.0365978422619,0,48,775627,0.109537760417
0.0408761160714,0.0604538690476,0,1469131125330,0.0543619791667,1,48,777682,0.160319010417
0.0255766369048,0.0341099330357,0,1469131125331,0.034435453869,2,48,779703,0.105189732143
0.0262044270833,0.0354817708333,0,1469131125331,0.0371558779762,3,48,781736,0.104213169643
0.0426432291667,0.0603376116071,0,1469131125331,0.0532691592262,4,48,783758,0.165294828869
0.0319010416667,0.0437360491071,0,1469131125331,0.03857421875,5,48,785798,0.115955171131
0.0256928943452,0.0335053943452,0,1469131125331,0.0398530505952,6,48,787810,0.10607328869
0.0472935267857,0.0595005580357,0,1469131125331,0.0538039434524,7,48,789812,0.170596168155
0.0248093377976,0.0331101190476,1,1469131125331,0.0355515252976,0,48,792287,0.101167224702
0.0331566220238,0.0426664806548,1,1469131125331,0.0426664806548,1,48,794330,0.130603608631
0.0226702008929,0.0302036830357,1,1469131125331,0.0345517113095,2,48,796346,0.0901925223214
0.0294596354167,0.0395972842262,1,1469131125331,0.0436662946429,3,48,798432,0.131696428571
0.030017671131,0.0363420758929,0,1469131125331,0.03662109375,0,48,875753,0.109607514881
0.0408761160714,0.0604306175595,0,1469131125439,0.0543619791667,1,48,877816,0.160319010417
0.0255533854167,0.0341099330357,0,1469131125439,0.034435453869,2,48,879839,0.105143229167
0.0262276785714,0.0355515252976,0,1469131125439,0.0372023809524,3,48,881856,0.104352678571
0.0426432291667,0.0603376116071,0,1469131125439,0.0532691592262,4,48,883873,0.165341331845
0.0319475446429,0.0437593005952,0,1469131125439,0.0386439732143,5,48,885994,0.116071428571
0.0257161458333,0.0335518973214,0,1469131125439,0.0398530505952,6,48,888005,0.106143043155
0.0472935267857,0.0595005580357,0,1469131125443,0.0538039434524,7,48,890005,0.170596168155
0.0248093377976,0.0331333705357,1,1469131125443,0.0355747767857,0,48,892466,0.101097470238
0.0331566220238,0.0426664806548,1,1469131125443,0.0426664806548,1,48,894545,0.130650111607
0.0225771949405,0.0300641741071,1,1469131125443,0.0345284598214,2,48,896556,0.0899600074405
0.0293666294643,0.0394810267857,1,1469131125443,0.0435267857143,3,48,898573,0.131440662202
0.030017671131,0.0363188244048,0,1469131125444,0.0366675967262,0,48,975990,0.109654017857
0.0408993675595,0.0604306175595,0,1469131125444,0.0543619791667,1,48,978039,0.160342261905
0.0255533854167,0.0340866815476,0,1469131125444,0.034435453869,2,48,980058,0.105119977679
0.0262276785714,0.0355747767857,0,1469131125444,0.0372023809524,3,48,982087,0.10437593006
0.0426432291667,0.060314360119,0,1469131125545,0.0532691592262,4,48,984183,0.165294828869
0.0319475446429,0.0437593005952,0,1469131125545,0.0386439732143,5,48,986214,0.116071428571
0.0257393973214,0.0335518973214,0,1469131125545,0.0398763020833,6,48,988224,0.106143043155
0.0473167782738,0.0595005580357,0,1469131125546,0.0538271949405,7,48,990242,0.170619419643
0.0248325892857,0.0331798735119,1,1469131125546,0.0355747767857,0,48,992703,0.10107421875
0.0331566220238,0.0426897321429,1,1469131125546,0.0426897321429,1,48,994751,0.130673363095
0.0225306919643,0.0299711681548,1,1469131125546,0.0345749627976,2,48,996769,0.0899135044643
0.0292736235119,0.0393880208333,1,1469131125546,0.0434337797619,3,48,998873,0.131161644345
0.030017671131,0.0362955729167,0,1469131125546,0.0366908482143,0,49,76110,0.109723772321
0.0408993675595,0.0604538690476,0,1469131125546,0.0543852306548,1,49,78170,0.160342261905
0.0255533854167,0.0340866815476,0,1469131125546,0.034412202381,2,49,80178,0.105119977679
0.0262276785714,0.0355980282738,0,1469131125546,0.0372023809524,3,49,82200,0.10437593006
0.0426199776786,0.060291108631,0,1469131125546,0.0532459077381,4,49,84273,0.165248325893
0.0319475446429,0.0437593005952,0,1469131125546,0.0386439732143,5,49,86364,0.116071428571
0.0257393973214,0.0335751488095,0,1469131125546,0.0398763020833,6,49,88370,0.106189546131
0.0473167782738,0.0595005580357,0,1469131125651,0.0538504464286,7,49,90343,0.170689174107
0.0248325892857,0.0331798735119,1,1469131125651,0.0355747767857,0,49,92803,0.101027715774
0.0331566220238,0.0426432291667,1,1469131125651,0.0426897321429,1,49,94939,0.130626860119
0.0225074404762,0.0299246651786,1,1469131125651,0.03466796875,2,49,96949,0.0900297619048
0.0292503720238,0.0393647693452,1,1469131125651,0.0433872767857,3,49,98947,0.131022135417
0.0299944196429,0.0362258184524,0,1469131125651,0.0367140997024,0,49,176288,0.109700520833
0.0408761160714,0.0604306175595,0,1469131125652,0.0543387276786,1,49,178338,0.160295758929
0.0255533854167,0.0340866815476,0,1469131125652,0.0343889508929,2,49,180359,0.105073474702
0.0262044270833,0.0356212797619,0,1469131125652,0.0371791294643,3,49,182463,0.104259672619
0.0426199776786,0.060291108631,0,1469131125652,0.0532691592262,4,49,184504,0.165271577381
0.0319242931548,0.0437360491071,0,1469131125652,0.0386207217262,5,49,186531,0.116001674107
0.0257161458333,0.0335518973214,0,1469131125652,0.0398530505952,6,49,188535,0.106119791667
0.0473167782738,0.0595005580357,0,1469131125652,0.0538736979167,7,49,190558,0.170712425595
0.0248325892857,0.033203125,1,1469131125652,0.0355980282738,0,49,193026,0.10095796131
0.0331333705357,0.0426432291667,1,1469131125652,0.0426897321429,1,49,195061,0.130626860119
0.0225306919643,0.0299246651786,1,1469131125836,0.0348772321429,2,49,197159,0.0904017857143
0.0292271205357,0.0393415178571,1,1469131125836,0.0433640252976,3,49,199186,0.13097563244
0.0299246651786,0.0360863095238,0,1469131125836,0.0367373511905,0,49,276473,0.109584263393
0.0408063616071,0.060314360119,0,1469131125836,0.0542457217262,1,49,278575,0.159946986607
0.0255068824405,0.0340401785714,0,1469131125836,0.0343191964286,2,49,280590,0.104840959821
0.026599702381,0.0369001116071,0,1469131125836,0.0374348958333,3,49,282597,0.104957217262
0.0425502232143,0.0601981026786,0,1469131125837,0.0531994047619,4,49,284635,0.165062313988
0.0319242931548,0.0437360491071,0,1469131125837,0.0386207217262,5,49,286666,0.116001674107
0.0257161458333,0.0335518973214,0,1469131125838,0.0398530505952,6,49,288672,0.106119791667
0.0472935267857,0.0594773065476,0,1469131125838,0.0538504464286,7,49,290671,0.170642671131
0.0248093377976,0.033203125,1,1469131125838,0.0355515252976,0,49,293211,0.100748697917
0.0330403645833,0.0425037202381,1,1469131125838,0.0426199776786,1,49,295265,0.130301339286
0.0225771949405,0.0299246651786,1,1469131125838,0.0352260044643,2,49,297288,0.091052827381
0.0291108630952,0.0392020089286,1,1469131125838,0.043201264881,3,49,299301,0.130510602679
0.0299479166667,0.0361095610119,0,1469131125838,0.0369466145833,0,49,376836,0.109793526786
0.0407366071429,0.0602213541667,0,1469131125938,0.0541759672619,1,49,378873,0.159714471726
0.0254836309524,0.0340634300595,0,1469131125938,0.0342726934524,2,49,380863,0.104259672619
0.0270182291667,0.0378999255952,0,1469131125938,0.0377604166667,3,49,382941,0.106026785714
0.04248046875,0.0601283482143,0,1469131125938,0.0531529017857,4,49,384966,0.164876302083
0.0319010416667,0.043689546131,0,1469131125938,0.03857421875,5,49,386980,0.115908668155
0.0257393973214,0.0335751488095,0,1469131125938,0.0399228050595,6,49,388982,0.106166294643
0.0472470238095,0.0594075520833,0,1469131125938,0.0538271949405,7,49,390997,0.17052641369
0.0248093377976,0.033203125,1,1469131125938,0.0355980282738,0,49,393424,0.100609188988
0.0329008556548,0.0422944568452,1,1469131125938,0.04248046875,1,49,395562,0.129836309524
0.022693452381,0.030040922619,1,1469131125939,0.0358537946429,2,49,397565,0.0922386532738
0.0284830729167,0.038318452381,1,1469131125939,0.043201264881,3,49,399562,0.130510602679
0.0300641741071,0.0362025669643,0,1469131125939,0.0371326264881,0,49,476842,0.110188802083
0.0406436011905,0.0600353422619,0,1469131125939,0.0539899553571,1,49,478983,0.159458705357
0.0255998883929,0.0342494419643,0,1469131125939,0.0345517113095,2,49,481006,0.10595703125
0.0271809895833,0.0382952008929,0,1469131125939,0.0378766741071,3,49,483028,0.106422061012
0.0424572172619,0.06005859375,0,1469131125941,0.0531296502976,4,49,485142,0.164760044643
0.0318545386905,0.0436430431548,0,1469131126047,0.03857421875,5,49,487228,0.115792410714
0.0257161458333,0.0335286458333,0,1469131126047,0.0399460565476,6,49,489247,0.106119791667
0.0472005208333,0.0593610491071,0,1469131126047,0.0538271949405,7,49,491258,0.17041015625
0.0247860863095,0.033203125,1,1469131126047,0.0356910342262,0,49,493745,0.1005859375
0.0328311011905,0.0420851934524,1,1469131126047,0.0424339657738,1,49,495782,0.129696800595
0.0228329613095,0.0301571800595,1,1469131126047,0.0365513392857,2,49,497793,0.0934709821429
0.0284830729167,0.038318452381,1,1469131126047,0.0425967261905,3,49,499809,0.128371465774
0.0301339285714,0.0362955729167,0,1469131126047,0.0372953869048,0,49,577025,0.110491071429
0.0405505952381,0.0598958333333,0,1469131126047,0.0538504464286,1,49,579083,0.159133184524
0.0259021577381,0.0345517113095,0,1469131126047,0.0348539806548,2,49,581185,0.106980096726
0.0272972470238,0.0385277157738,0,1469131126048,0.0378999255952,3,49,583217,0.106584821429
0.0424107142857,0.0599423363095,0,1469131126048,0.0530598958333,4,49,585246,0.164527529762
0.0318312872024,0.0436197916667,0,1469131126048,0.0385509672619,5,49,587271,0.11572265625
0.0256696428571,0.0334821428571,0,1469131126048,0.0399693080357,6,49,589341,0.106050037202
0.0471772693452,0.059337797619,0,1469131126048,0.0538039434524,7,49,591352,0.170317150298
0.0247860863095,0.033203125,1,1469131126154,0.0356910342262,0,49,593819,0.100492931548
0.0328311011905,0.0419921875,1,1469131126155,0.0424107142857,1,49,595936,0.129813058036
0.0228794642857,0.0301339285714,1,1469131126155,0.0370861235119,2,49,597979,0.0942150297619
0.02880859375,0.0388764880952,1,1469131126155,0.0432710193452,3,49,599999,0.129975818452
0.0302036830357,0.036388578869,0,1469131126155,0.037341889881,0,49,677272,0.11072358631
0.0405970982143,0.0599423363095,0,1469131126155,0.0538969494048,1,49,679351,0.159249441964
0.0259254092262,0.0345749627976,0,1469131126155,0.0348539806548,2,49,681365,0.107073102679
0.0271344866071,0.0382486979167,0,1469131126155,0.0375046502976,3,49,683384,0.105864025298
0.0423642113095,0.0599190848214,0,1469131126155,0.0530598958333,4,49,685499,0.16443452381
0.0318312872024,0.0436197916667,0,1469131126155,0.0385509672619,5,49,687531,0.115745907738
0.0255998883929,0.0333891369048,0,1469131126155,0.0398995535714,6,49,689529,0.105864025298
0.0471772693452,0.059337797619,0,1469131126155,0.0538039434524,7,49,691532,0.170270647321
0.0247628348214,0.033203125,1,1469131126155,0.0356212797619,0,49,694091,0.100353422619
0.0327845982143,0.0419224330357,1,1469131126155,0.0422944568452,1,49,696127,0.129650297619
0.0228562127976,0.0301106770833,1,1469131126155,0.0375279017857,2,49,698144,0.0946568080357
0.0291573660714,0.0394577752976,1,1469131126347,0.0437825520833,3,49,700159,0.13097563244
0.0302269345238,0.036388578869,0,1469131126347,0.0373186383929,0,49,777386,0.110770089286
0.0405970982143,0.0599888392857,0,1469131126347,0.0539202008929,1,49,779446,0.159272693452
0.02587890625,0.0345517113095,0,1469131126347,0.0348539806548,2,49,781478,0.106980096726
0.0269019717262,0.0377836681548,0,1469131126347,0.0373186383929,3,49,783506,0.105119977679
0.0423874627976,0.0599423363095,0,1469131126347,0.0530598958333,4,49,785545,0.164481026786
0.0318312872024,0.0435965401786,0,1469131126347,0.0385509672619,5,49,787570,0.115699404762
0.0255533854167,0.0333426339286,0,1469131126347,0.0398530505952,6,49,789575,0.105724516369
0.047130766369,0.059314546131,0,1469131126347,0.0537806919643,7,49,791589,0.170224144345
0.0246930803571,0.0331566220238,1,1469131126347,0.0354585193452,0,49,794136,0.10009765625
0.0326915922619,0.0417829241071,1,1469131126350,0.0420619419643,1,49,796172,0.129162016369
0.0228329613095,0.0300641741071,1,1469131126350,0.0377604166667,2,49,798198,0.0948428199405
0.0293201264881,0.0397135416667,1,1469131126352,0.0441313244048,3,49,800211,0.131533668155
0.0302269345238,0.036388578869,0,1469131126352,0.0372953869048,0,49,877571,0.110770089286
0.0406436011905,0.06005859375,0,1469131126352,0.0539899553571,1,49,879629,0.159412202381
0.02587890625,0.0345517113095,0,1469131126441,0.0348307291667,2,49,881639,0.106980096726
0.0267624627976,0.0374116443452,0,1469131126441,0.0372488839286,3,49,883651,0.104910714286
0.0423874627976,0.0599655877976,0,1469131126441,0.0530598958333,4,49,885691,0.164481026786
0.0318080357143,0.0435965401786,0,1469131126441,0.0385277157738,5,49,887712,0.115652901786
0.0255068824405,0.0332961309524,0,1469131126441,0.039783296131,6,49,889735,0.10558500744
0.047130766369,0.059314546131,0,1469131126441,0.0537806919643,7,49,891748,0.170200892857
0.024669828869,0.0330868675595,1,1469131126441,0.0353422619048,0,49,894305,0.0999581473214
0.0326450892857,0.0417131696429,1,1469131126441,0.0419456845238,1,49,896344,0.128766741071
0.0228329613095,0.030040922619,1,1469131126441,0.0378766741071,2,49,898361,0.0949358258929
0.0293898809524,0.039806547619,1,1469131126441,0.0442940848214,3,49,900373,0.13171968006
0.0302036830357,0.036365327381,0,1469131126441,0.0372953869048,0,49,977758,0.110746837798
0.0406203497024,0.06005859375,0,1469131126441,0.053966703869,1,49,979814,0.159342447917
0.02587890625,0.0345517113095,0,1469131126441,0.0348307291667,2,49,981838,0.10693359375
0.0267159598214,0.0373186383929,0,1469131126441,0.0372256324405,3,49,983859,0.104910714286
0.0423874627976,0.0600120907738,0,1469131126441,0.0531063988095,4,49,985962,0.16455078125
0.0318080357143,0.0435965401786,0,1469131126550,0.0385509672619,5,49,987975,0.115699404762
0.0255301339286,0.0333426339286,0,1469131126551,0.039806547619,6,49,989982,0.105654761905
0.047130766369,0.059314546131,0,1469131126551,0.0537806919643,7,49,991994,0.170177641369
0.0246233258929,0.0330171130952,1,1469131126551,0.0352725074405,0,49,994484,0.099841889881
0.0326218377976,0.0416899181548,1,1469131126551,0.0419224330357,1,49,996509,0.128696986607
0.0228329613095,0.030040922619,1,1469131126551,0.0378766741071,2,49,998579,0.0949358258929
0.0293898809524,0.0398297991071,1,1469131126551,0.0443405877976,3,50,646,0.131742931548
0.0301804315476,0.0363420758929,0,1469131126551,0.0372953869048,0,50,77944,0.11072358631
0.0405970982143,0.0600353422619,0,1469131126551,0.053943452381,1,50,80006,0.15929594494
0.0258556547619,0.0345284598214,0,1469131126551,0.0348307291667,2,50,82027,0.106863839286
0.0267159598214,0.037341889881,0,1469131126551,0.0372023809524,3,50,84122,0.104910714286
0.0423874627976,0.0600120907738,0,1469131126551,0.0530831473214,4,50,86180,0.16455078125
0.0318080357143,0.0435965401786,0,1469131126551,0.0385277157738,5,50,88186,0.115676153274
0.0255301339286,0.0333426339286,0,1469131126551,0.0397600446429,6,50,90187,0.105608258929
0.047107514881,0.059314546131,0,1469131126551,0.0537806919643,7,50,92191,0.170177641369
0.0246233258929,0.0329938616071,1,1469131126655,0.0352260044643,0,50,94687,0.0997721354167
0.0326218377976,0.0416899181548,1,1469131126655,0.0419456845238,1,50,96702,0.128743489583
0.0228329613095,0.0299944196429,1,1469131126655,0.0379929315476,2,50,98716,0.0950288318452
0.0293433779762,0.0397600446429,1,1469131126655,0.0442708333333,3,50,100731,0.131533668155
0.0301804315476,0.0363420758929,0,1469131126655,0.0373186383929,0,50,178141,0.110700334821
0.0405738467262,0.0599888392857,0,1469131126655,0.0538969494048,1,50,180196,0.159202938988
0.0258556547619,0.0345052083333,0,1469131126655,0.0347842261905,2,50,182225,0.106794084821
0.0267392113095,0.037341889881,0,1469131126655,0.0372256324405,3,50,184307,0.104933965774
0.0423874627976,0.0599655877976,0,1469131126655,0.0530598958333,4,50,186336,0.164457775298
0.0318080357143,0.0435732886905,0,1469131126655,0.0385277157738,5,50,188344,0.115676153274
0.0255766369048,0.0333658854167,0,1469131126655,0.0397600446429,6,50,190351,0.105631510417
0.047107514881,0.0592447916667,0,1469131126655,0.0537109375,7,50,192364,0.170061383929
0.0246000744048,0.0330171130952,1,1469131126655,0.0352260044643,0,50,194859,0.0997256324405
0.0326450892857,0.0417131696429,1,1469131126655,0.0419689360119,1,50,196880,0.128859747024
0.0227632068452,0.0299014136905,1,1469131126655,0.0378766741071,2,50,198928,0.0947498139881
0.029296875,0.0396902901786,1,1469131126835,0.0441545758929,3,50,200944,0.13134765625
0.0301804315476,0.0363420758929,0,1469131126835,0.0373186383929,0,50,278319,0.110746837798
0.0405970982143,0.0600120907738,0,1469131126835,0.053943452381,1,50,280374,0.15929594494
0.0258556547619,0.0345052083333,0,1469131126835,0.0348074776786,2,50,282386,0.10681733631
0.0267392113095,0.037341889881,0,1469131126835,0.0372256324405,3,50,284434,0.104957217262
0.0423874627976,0.0599888392857,0,1469131126835,0.0530831473214,4,50,286503,0.164527529762
0.0318080357143,0.0435965401786,0,1469131126835,0.0385277157738,5,50,288516,0.115699404762
0.0255766369048,0.0333891369048,0,1469131126835,0.039783296131,6,50,290512,0.105701264881
0.047107514881,0.0592680431548,0,1469131126835,0.0537341889881,7,50,292523,0.170131138393
0.0246233258929,0.0330171130952,1,1469131126835,0.0352492559524,0,50,295080,0.0997488839286
0.0326450892857,0.0417131696429,1,1469131126835,0.0419921875,1,50,297090,0.128882998512
0.022716703869,0.0298549107143,1,1469131126835,0.0377371651786,2,50,299084,0.094470796131
0.0292503720238,0.0396437872024,1,1469131126835,0.0441080729167,3,50,301174,0.131254650298
0.0301804315476,0.036365327381,0,1469131126836,0.0373186383929,0,50,378754,0.110746837798
0.0405738467262,0.0600120907738,0,1469131126836,0.0539202008929,1,50,380776,0.159226190476
0.0258556547619,0.0345052083333,0,1469131126942,0.0348074776786,2,50,382767,0.10681733631
0.0267392113095,0.037341889881,0,1469131126942,0.0372256324405,3,50,384792,0.104933965774
0.0423874627976,0.0599888392857,0,1469131126942,0.0530598958333,4,50,386788,0.164527529762
0.0318080357143,0.0435965401786,0,1469131126943,0.0385277157738,5,50,388773,0.115676153274
0.0255766369048,0.0333658854167,0,1469131126943,0.0397600446429,6,50,390748,0.105678013393
0.047130766369,0.0592912946429,0,1469131126943,0.0537574404762,7,50,392729,0.170200892857
0.0246233258929,0.0330171130952,1,1469131126943,0.0352260044643,0,50,395225,0.0997488839286
0.0326218377976,0.0416899181548,1,1469131126943,0.0419456845238,1,50,397308,0.128766741071
0.022716703869,0.0298549107143,1,1469131126943,0.0377139136905,2,50,399304,0.0944475446429
0.0292736235119,0.0396437872024,1,1469131126943,0.0441313244048,3,50,401296,0.131277901786
0.0301804315476,0.0363420758929,0,1469131126943,0.0372721354167,0,50,478993,0.110677083333
0.0405738467262,0.0599655877976,0,1469131126943,0.0538969494048,1,50,481047,0.159133184524
0.0258324032738,0.0344819568452,0,1469131126943,0.0347842261905,2,50,483066,0.106770833333
0.0267159598214,0.0373186383929,0,1469131126943,0.0371791294643,3,50,485167,0.104840959821
0.0423642113095,0.0599655877976,0,1469131126943,0.0530366443452,4,50,487178,0.164388020833
0.0318080357143,0.0435965401786,0,1469131127050,0.0385044642857,5,50,489192,0.115652901786
0.0255301339286,0.0333193824405,0,1469131127050,0.0397367931548,6,50,491192,0.105561755952
0.0470842633929,0.0592447916667,0,1469131127050,0.0536876860119,7,50,493286,0.169991629464
0.0246000744048,0.0330171130952,1,1469131127050,0.0352027529762,0,50,495788,0.0997023809524
0.0325985863095,0.0416666666667,1,1469131127050,0.0419224330357,1,50,497814,0.128720238095
0.0227399553571,0.0299014136905,1,1469131127050,0.0377604166667,2,50,499818,0.0945638020833
0.029296875,0.0396902901786,1,1469131127050,0.044201078869,3,50,501849,0.131417410714
0.0301804315476,0.0363420758929,0,1469131127050,0.0372721354167,0,50,579124,0.110700334821
0.0405738467262,0.0599888392857,0,1469131127050,0.0538969494048,1,50,581257,0.1591796875
0.0258324032738,0.0344819568452,0,1469131127050,0.0347842261905,2,50,583282,0.106770833333
0.0267159598214,0.0373186383929,0,1469131127050,0.0372023809524,3,50,585314,0.104840959821
0.0423642113095,0.0599655877976,0,1469131127050,0.0530366443452,4,50,587333,0.164457775298
0.0317847842262,0.0435732886905,0,1469131127050,0.0385044642857,5,50,589421,0.11560639881
0.0255068824405,0.0332961309524,0,1469131127050,0.0397367931548,6,50,591445,0.105515252976
0.0470610119048,0.0592215401786,0,1469131127051,0.0536644345238,7,50,593458,0.169898623512
0.0246000744048,0.0330171130952,1,1469131127157,0.0352027529762,0,50,595946,0.0997488839286
0.0325985863095,0.0416666666667,1,1469131127157,0.0419224330357,1,50,597988,0.128766741071
0.0227864583333,0.0299711681548,1,1469131127157,0.0377836681548,2,50,600014,0.0947265625
0.0293433779762,0.039783296131,1,1469131127157,0.0442475818452,3,50,602027,0.131556919643
0.0301804315476,0.036365327381,0,1469131127157,0.0372488839286,0,50,679329,0.110700334821
0.0405738467262,0.0599888392857,0,1469131127157,0.0538969494048,1,50,681381,0.159133184524
0.0258324032738,0.0344819568452,0,1469131127157,0.0347842261905,2,50,683387,0.106747581845
0.0267159598214,0.0373186383929,0,1469131127157,0.0371791294643,3,50,685520,0.104817708333
0.0423874627976,0.0599888392857,0,1469131127157,0.0530598958333,4,50,687521,0.164504278274
0.0317847842262,0.0435732886905,0,1469131127157,0.0385044642857,5,50,689534,0.115583147321
0.0254836309524,0.0332961309524,0,1469131127157,0.0397367931548,6,50,691547,0.105515252976
0.0470377604167,0.0591982886905,0,1469131127157,0.0536411830357,7,50,693576,0.16980561756
0.0246000744048,0.0329938616071,1,1469131127157,0.0351795014881,0,50,696066,0.0997023809524
0.0326218377976,0.0416666666667,1,1469131127157,0.0419456845238,1,50,698089,0.128766741071
0.0228329613095,0.030040922619,1,1469131127158,0.037853422619,2,50,700099,0.0948893229167
0.0294131324405,0.0398530505952,1,1469131127337,0.0443173363095,3,50,702126,0.131742931548
0.0301804315476,0.036365327381,0,1469131127337,0.0372256324405,0,50,779506,0.110677083333
0.0405738467262,0.0599888392857,0,1469131127337,0.0539202008929,1,50,781575,0.159156436012
0.0258324032738,0.0344819568452,0,1469131127337,0.0347842261905,2,50,783599,0.106794084821
0.0266927083333,0.0373186383929,0,1469131127337,0.0372023809524,3,50,785639,0.104794456845
0.0423874627976,0.0599888392857,0,1469131127337,0.0530598958333,4,50,787648,0.164504278274
0.0318080357143,0.0435732886905,0,1469131127337,0.0385277157738,5,50,789665,0.115629650298
0.0254836309524,0.0332728794643,0,1469131127337,0.0397367931548,6,50,791679,0.105492001488
0.0470377604167,0.0592215401786,0,1469131127337,0.0536644345238,7,50,793695,0.169828869048
0.0246000744048,0.032970610119,1,1469131127337,0.0351795014881,0,50,796182,0.0997256324405
0.0326218377976,0.0416666666667,1,1469131127337,0.0419456845238,1,50,798217,0.128766741071
0.0228794642857,0.0301106770833,1,1469131127337,0.0378766741071,2,50,800242,0.0950288318452
0.0294363839286,0.0398995535714,1,1469131127337,0.0443638392857,3,50,802257,0.131859188988
0.0301804315476,0.036365327381,0,1469131127337,0.0372256324405,0,50,879677,0.110677083333
0.0405970982143,0.0599888392857,0,1469131127337,0.0539202008929,1,50,881720,0.159156436012
0.0258324032738,0.0344819568452,0,1469131127444,0.0347842261905,2,50,883719,0.106794084821
0.0267159598214,0.0373186383929,0,1469131127444,0.0372256324405,3,50,885766,0.104817708333
0.0423642113095,0.0599655877976,0,1469131127444,0.0530366443452,4,50,887777,0.164411272321
0.0318080357143,0.0435732886905,0,1469131127444,0.0385277157738,5,50,889789,0.115629650298
0.0254836309524,0.0332961309524,0,1469131127444,0.0397600446429,6,50,891790,0.105538504464
0.0470842633929,0.0592680431548,0,1469131127444,0.0536876860119,7,50,893805,0.170014880952
0.0246000744048,0.0329938616071,1,1469131127444,0.0352027529762,0,50,896364,0.0997721354167
0.0326218377976,0.0416899181548,1,1469131127444,0.0419456845238,1,50,898393,0.128813244048
0.0229027157738,0.0301339285714,1,1469131127444,0.0378766741071,2,50,900404,0.0950288318452
0.0294828869048,0.0399460565476,1,1469131127444,0.0444103422619,3,50,902436,0.131998697917
0.0302269345238,0.0364118303571,0,1469131127444,0.0372721354167,0,50,979872,0.110816592262
0.0406436011905,0.06005859375,0,1469131127445,0.053966703869,1,50,981941,0.159319196429
0.0258556547619,0.0345052083333,0,1469131127445,0.0348074776786,2,50,984025,0.106840587798
0.0267159598214,0.0372953869048,0,1469131127445,0.0372488839286,3,50,986062,0.104887462798
0.0424107142857,0.0600120907738,0,1469131127445,0.0530831473214,4,50,988066,0.164527529762
0.0318545386905,0.0436197916667,0,1469131127561,0.0385509672619,5,50,990087,0.115745907738
0.0255068824405,0.0333193824405,0,1469131127561,0.039783296131,6,50,992103,0.105608258929
0.0471772693452,0.059337797619,0,1469131127561,0.0538039434524,7,50,994193,0.17029389881
0.0246233258929,0.0330171130952,1,1469131127561,0.0352260044643,0,50,996683,0.099865141369
0.0326683407738,0.041736421131,1,1469131127561,0.0419921875,1,50,998740,0.128929501488
0.0229027157738,0.0301339285714,1,1469131127561,0.0378069196429,2,51,741,0.094959077381
0.029529389881,0.0399460565476,1,1469131127561,0.0444103422619,3,51,2746,0.132091703869
0.0302501860119,0.0364350818452,0,1469131127561,0.0372721354167,0,51,80039,0.110863095238
0.0406436011905,0.06005859375,0,1469131127561,0.053943452381,1,51,82094,0.159342447917
0.02587890625,0.0345284598214,0,1469131127561,0.0348074776786,2,51,84172,0.106863839286
0.0267392113095,0.0372953869048,0,1469131127561,0.0372488839286,3,51,86215,0.104910714286
0.0424572172619,0.0600818452381,0,1469131127561,0.0531063988095,4,51,88219,0.164713541667
0.0318545386905,0.0436430431548,0,1469131127561,0.03857421875,5,51,90228,0.115792410714
0.0255533854167,0.0333426339286,0,1469131127561,0.0398297991071,6,51,92235,0.105701264881
0.0471772693452,0.0593843005952,0,1469131127561,0.0538039434524,7,51,94328,0.170270647321
0.024646577381,0.0330171130952,1,1469131127561,0.0352260044643,0,51,96813,0.0999116443452
0.0326915922619,0.041759672619,1,1469131127660,0.0420154389881,1,51,98833,0.128999255952
0.0229027157738,0.0301571800595,1,1469131127660,0.0377836681548,2,51,100847,0.0948893229167
0.029529389881,0.0399460565476,1,1469131127660,0.0444103422619,3,51,102870,0.132091703869
0.0302501860119,0.0364350818452,0,1469131127660,0.0372721354167,0,51,180227,0.110863095238
0.0406436011905,0.0600818452381,0,1469131127660,0.0539899553571,1,51,182292,0.159412202381
0.02587890625,0.0345284598214,0,1469131127660,0.0348307291667,2,51,184326,0.106910342262
0.0267392113095,0.0372953869048,0,1469131127660,0.0372488839286,3,51,186346,0.104933965774
0.0424572172619,0.0601050967262,0,1469131127660,0.0531296502976,4,51,188333,0.164736793155
0.0318777901786,0.0436662946429,0,1469131127660,0.0385974702381,5,51,190365,0.115862165179
0.0255301339286,0.0333426339286,0,1469131127660,0.0398297991071,6,51,192377,0.105701264881
0.0472005208333,0.0593843005952,0,1469131127660,0.0538271949405,7,51,194408,0.170363653274
0.024646577381,0.0330171130952,1,1469131127660,0.0352260044643,0,51,196897,0.0998883928571
0.0326915922619,0.041759672619,1,1469131127660,0.0420154389881,1,51,198919,0.129045758929
0.0229027157738,0.0301571800595,1,1469131127660,0.0377604166667,2,51,200937,0.0948660714286
0.0295061383929,0.0399460565476,1,1469131127660,0.0444103422619,3,51,202950,0.132068452381
0.0302269345238,0.0364350818452,0,1469131127839,0.0372488839286,0,51,280412,0.110816592262
0.0406203497024,0.0600353422619,0,1469131127840,0.053943452381,1,51,282466,0.159272693452
0.02587890625,0.0345284598214,0,1469131127840,0.0348307291667,2,51,284497,0.106910342262
0.0267159598214,0.0372721354167,0,1469131127840,0.0372488839286,3,51,286554,0.104887462798
0.0424572172619,0.0601050967262,0,1469131127840,0.0531529017857,4,51,288556,0.164736793155
0.0319010416667,0.043689546131,0,1469131127840,0.0386207217262,5,51,290566,0.115908668155
0.0255301339286,0.0333658854167,0,1469131127840,0.039806547619,6,51,292577,0.105701264881
0.0471772693452,0.0593610491071,0,1469131127840,0.0538039434524,7,51,294656,0.170270647321
0.024646577381,0.0330171130952,1,1469131127840,0.0352260044643,0,51,297134,0.0998883928571
0.0326683407738,0.041736421131,1,1469131127840,0.0419921875,1,51,299159,0.128952752976
0.0228794642857,0.0301339285714,1,1469131127840,0.0377139136905,2,51,301214,0.0947730654762
0.0294828869048,0.0399228050595,1,1469131127840,0.0444103422619,3,51,303275,0.132045200893
0.0302501860119,0.0364350818452,0,1469131127840,0.0372488839286,0,51,380560,0.11083984375
0.0406436011905,0.0600818452381,0,1469131127840,0.053966703869,1,51,382622,0.159342447917
0.02587890625,0.0345052083333,0,1469131127840,0.0348074776786,2,51,384648,0.106863839286
0.0267392113095,0.0372721354167,0,1469131127947,0.0372488839286,3,51,386650,0.104933965774
0.04248046875,0.0600818452381,0,1469131127947,0.0531296502976,4,51,388609,0.164713541667
0.0318777901786,0.0436430431548,0,1469131127948,0.03857421875,5,51,390681,0.115815662202
0.0255301339286,0.0333426339286,0,1469131127948,0.039806547619,6,51,392668,0.105701264881
0.0471772693452,0.0593610491071,0,1469131127948,0.0538039434524,7,51,394672,0.170317150298
0.0246233258929,0.0330171130952,1,1469131127948,0.0352260044643,0,51,397107,0.0998883928571
0.0326915922619,0.041736421131,1,1469131127948,0.0419921875,1,51,399187,0.128999255952
0.0228562127976,0.0301106770833,1,1469131127948,0.0376441592262,2,51,401178,0.0946335565476
0.0295061383929,0.0399228050595,1,1469131127948,0.0443870907738,3,51,403159,0.132045200893
0.0302269345238,0.0364350818452,0,1469131127948,0.0372256324405,0,51,480772,0.110793340774
0.0406436011905,0.0600818452381,0,1469131127948,0.053966703869,1,51,482826,0.159342447917
0.02587890625,0.0345284598214,0,1469131127948,0.0348307291667,2,51,484859,0.106863839286
0.0267159598214,0.0372953869048,0,1469131127948,0.0372488839286,3,51,486874,0.104910714286
0.0424572172619,0.0600818452381,0,1469131127948,0.0531296502976,4,51,488879,0.16466703869
0.0318545386905,0.0436430431548,0,1469131127948,0.03857421875,5,51,490890,0.115815662202
0.0255301339286,0.0333426339286,0,1469131128054,0.039806547619,6,51,492879,0.105701264881
0.0471772693452,0.0593610491071,0,1469131128054,0.0538039434524,7,51,494914,0.170270647321
0.0246233258929,0.0330171130952,1,1469131128054,0.0352260044643,0,51,497398,0.0998883928571
0.0326683407738,0.041736421131,1,1469131128054,0.0419921875,1,51,499415,0.128952752976
0.0228329613095,0.0300641741071,1,1469131128054,0.0375744047619,2,51,501508,0.0944475446429
0.0294828869048,0.0398995535714,1,1469131128054,0.0443870907738,3,51,503511,0.132021949405
0.0302269345238,0.0364350818452,0,1469131128054,0.0372023809524,0,51,580962,0.11083984375
0.0406203497024,0.0600353422619,0,1469131128054,0.053943452381,1,51,583075,0.15929594494
0.0258556547619,0.0345284598214,0,1469131128054,0.0348307291667,2,51,585110,0.106863839286
0.0267392113095,0.0372953869048,0,1469131128054,0.0372721354167,3,51,587103,0.104910714286
0.0424572172619,0.0600818452381,0,1469131128054,0.0531296502976,4,51,589100,0.164690290179
0.0318777901786,0.0436662946429,0,1469131128054,0.0385974702381,5,51,591186,0.11583891369
0.0255301339286,0.0333426339286,0,1469131128055,0.039806547619,6,51,593202,0.105678013393
0.0471772693452,0.0593610491071,0,1469131128055,0.0538039434524,7,51,595238,0.170270647321
0.0246233258929,0.0329938616071,1,1469131128055,0.0352260044643,0,51,597725,0.0998883928571
0.0326450892857,0.0417131696429,1,1469131128161,0.0419689360119,1,51,599757,0.128929501488
0.0228097098214,0.030040922619,1,1469131128161,0.0375744047619,2,51,601775,0.0944475446429
0.0294596354167,0.0398763020833,1,1469131128161,0.0443638392857,3,51,603780,0.13195219494
0.0302269345238,0.0364350818452,0,1469131128161,0.0372023809524,0,51,681123,0.110816592262
0.0406203497024,0.06005859375,0,1469131128161,0.053966703869,1,51,683174,0.159319196429
0.0258556547619,0.0345052083333,0,1469131128161,0.0348074776786,2,51,685255,0.106840587798
0.0267392113095,0.0372953869048,0,1469131128161,0.0372721354167,3,51,687319,0.104933965774
0.04248046875,0.0601050967262,0,1469131128161,0.0531296502976,4,51,689329,0.164713541667
0.0318777901786,0.0436662946429,0,1469131128161,0.0385974702381,5,51,691347,0.115815662202
0.0255301339286,0.0333426339286,0,1469131128161,0.039783296131,6,51,693438,0.105654761905
0.0471540178571,0.059337797619,0,1469131128161,0.0537806919643,7,51,695521,0.170200892857
0.0246233258929,0.032970610119,1,1469131128161,0.0352260044643,0,51,698001,0.099841889881
0.0326683407738,0.0417131696429,1,1469131128161,0.0419689360119,1,51,700021,0.128882998512
0.0228329613095,0.030040922619,1,1469131128161,0.0376209077381,2,51,702049,0.094494047619
0.0294363839286,0.0398297991071,1,1469131128161,0.0443173363095,3,51,704123,0.131882440476
0.0302269345238,0.0364118303571,0,1469131128341,0.0372023809524,0,51,781392,0.110863095238
0.0406203497024,0.0600353422619,0,1469131128341,0.053943452381,1,51,783459,0.159272693452
0.0258556547619,0.0345284598214,0,1469131128341,0.0348074776786,2,51,785500,0.106840587798
0.0267392113095,0.0372953869048,0,1469131128341,0.0372721354167,3,51,787502,0.10498046875
0.0424572172619,0.06005859375,0,1469131128342,0.0531063988095,4,51,789585,0.164643787202
0.0318545386905,0.0436430431548,0,1469131128342,0.03857421875,5,51,791644,0.115792410714
0.0255301339286,0.0333426339286,0,1469131128342,0.039806547619,6,51,793676,0.105654761905
0.0471540178571,0.059314546131,0,1469131128342,0.0537574404762,7,51,795710,0.170177641369
0.0246233258929,0.032970610119,1,1469131128342,0.0352260044643,0,51,798179,0.0998883928571
0.0326450892857,0.0417131696429,1,1469131128342,0.0419456845238,1,51,800208,0.128882998512
0.0228329613095,0.030040922619,1,1469131128342,0.0376209077381,2,51,802225,0.094494047619
0.0294131324405,0.0398297991071,1,1469131128342,0.0443173363095,3,51,804290,0.131812686012
0.0302269345238,0.0364118303571,0,1469131128342,0.0372023809524,0,51,881497,0.11083984375
0.0406203497024,0.0600353422619,0,1469131128342,0.053943452381,1,51,883550,0.15929594494
0.02587890625,0.0345052083333,0,1469131128342,0.0348074776786,2,51,885619,0.106863839286
0.0267624627976,0.0373186383929,0,1469131128449,0.0372488839286,3,51,887630,0.104957217262
0.0424339657738,0.0600818452381,0,1469131128449,0.0531063988095,4,51,889616,0.16466703869
0.0318545386905,0.0436430431548,0,1469131128449,0.03857421875,5,51,891639,0.115745907738
0.0255068824405,0.0333193824405,0,1469131128449,0.0397600446429,6,51,893689,0.105608258929
0.047130766369,0.059314546131,0,1469131128449,0.0537574404762,7,51,895728,0.170154389881
0.0246000744048,0.032970610119,1,1469131128449,0.0352027529762,0,51,898209,0.0998186383929
0.0326450892857,0.0416899181548,1,1469131128449,0.0419456845238,1,51,900227,0.128813244048
0.0228097098214,0.030017671131,1,1469131128449,0.0376441592262,2,51,902261,0.0945172991071
0.0294131324405,0.0398530505952,1,1469131128449,0.0443405877976,3,51,904331,0.131859188988
0.0302269345238,0.0364350818452,0,1469131128449,0.0372023809524,0,51,981711,0.110863095238
0.0406203497024,0.0600353422619,0,1469131128449,0.053943452381,1,51,983766,0.159272693452
0.02587890625,0.0345052083333,0,1469131128449,0.0348074776786,2,51,985796,0.106840587798
0.0267624627976,0.037341889881,0,1469131128449,0.0372721354167,3,51,987805,0.10498046875
0.0424572172619,0.0600818452381,0,1469131128449,0.0531296502976,4,51,989819,0.16466703869
0.0318545386905,0.0436430431548,0,1469131128449,0.0385974702381,5,51,991841,0.115815662202
0.0255068824405,0.0333193824405,0,1469131128559,0.039806547619,6,51,993861,0.105631510417
0.0471540178571,0.059337797619,0,1469131128559,0.0537574404762,7,51,995963,0.170200892857
0.0246233258929,0.032970610119,1,1469131128559,0.0352260044643,0,51,998452,0.099865141369
0.0326450892857,0.0416899181548,1,1469131128559,0.0419456845238,1,52,478,0.128859747024
0.0228329613095,0.030040922619,1,1469131128559,0.0376906622024,2,52,2499,0.0945870535714
0.0294596354167,0.0398763020833,1,1469131128559,0.0443405877976,3,52,4514,0.13195219494
0.0302501860119,0.0364350818452,0,1469131128559,0.0372256324405,0,52,81855,0.110909598214
0.0406203497024,0.0600353422619,0,1469131128559,0.053943452381,1,52,83910,0.159319196429
0.02587890625,0.0345284598214,0,1469131128559,0.0348074776786,2,52,86021,0.106863839286
0.0267857142857,0.0374348958333,0,1469131128559,0.0372953869048,3,52,88041,0.105026971726
0.0424339657738,0.06005859375,0,1469131128559,0.0531296502976,4,52,90045,0.164643787202
0.0318545386905,0.0436430431548,0,1469131128559,0.0386207217262,5,52,92077,0.11583891369
0.0255068824405,0.0333193824405,0,1469131128559,0.039806547619,6,52,94177,0.105631510417
0.0471540178571,0.0593610491071,0,1469131128559,0.0538039434524,7,52,96207,0.170270647321
0.0246233258929,0.032970610119,1,1469131128559,0.0352260044643,0,52,98672,0.0998883928571
0.0326915922619,0.041759672619,1,1469131128559,0.0420154389881,1,52,100683,0.129069010417
0.0228562127976,0.0300874255952,1,1469131128737,0.0377371651786,2,52,102780,0.0947265625
0.0294363839286,0.0398763020833,1,1469131128737,0.0443173363095,3,52,104789,0.131882440476
0.0302269345238,0.0364118303571,0,1469131128737,0.0372256324405,0,52,182041,0.11083984375
0.0405970982143,0.0600120907738,0,1469131128737,0.0539202008929,1,52,184166,0.159249441964
0.0258556547619,0.0345052083333,0,1469131128737,0.0348074776786,2,52,186196,0.106840587798
0.02685546875,0.03759765625,0,1469131128737,0.037341889881,3,52,188215,0.105073474702
0.0424339657738,0.06005859375,0,1469131128737,0.0531063988095,4,52,190230,0.164643787202
0.0318312872024,0.0436197916667,0,1469131128737,0.03857421875,5,52,192235,0.11572265625
0.0255068824405,0.0332961309524,0,1469131128737,0.039806547619,6,52,194303,0.105608258929
0.0471772693452,0.0593610491071,0,1469131128737,0.0537806919643,7,52,196323,0.170270647321
0.0246233258929,0.0329938616071,1,1469131128738,0.0352492559524,0,52,198842,0.0998883928571
0.03271484375,0.0417829241071,1,1469131128738,0.0421084449405,1,52,200873,0.129255022321
0.0229027157738,0.0301339285714,1,1469131128738,0.0377836681548,2,52,202895,0.0948660714286
0.0293898809524,0.039806547619,1,1469131128738,0.044201078869,3,52,204914,0.131673177083
0.0302269345238,0.0364350818452,0,1469131128738,0.0372721354167,0,52,282202,0.110886346726
0.0405505952381,0.0599190848214,0,1469131128844,0.0538271949405,1,52,284307,0.159040178571
0.0258556547619,0.0345052083333,0,1469131128844,0.0348074776786,2,52,286348,0.106840587798
0.0269484747024,0.0377836681548,0,1469131128844,0.0374813988095,3,52,288350,0.105259486607
0.0424572172619,0.0600818452381,0,1469131128844,0.0531296502976,4,52,290326,0.164690290179
0.0318545386905,0.0436430431548,0,1469131128844,0.0385509672619,5,52,292345,0.115745907738
0.0255301339286,0.0333193824405,0,1469131128844,0.0398297991071,6,52,294382,0.105724516369
0.0471772693452,0.0593610491071,0,1469131128844,0.0537806919643,7,52,296411,0.17029389881
0.024646577381,0.032970610119,1,1469131128844,0.0352957589286,0,52,298880,0.0999813988095
0.0327613467262,0.0418526785714,1,1469131128844,0.0422712053571,1,52,300882,0.12951078869
0.0229724702381,0.0302269345238,1,1469131128844,0.0380161830357,2,52,302920,0.0953078497024
0.0293201264881,0.0397135416667,1,1469131128844,0.0440383184524,3,52,304926,0.131417410714
0.0301571800595,0.0363420758929,0,1469131128844,0.0372023809524,0,52,382386,0.11072358631
0.0404343377976,0.0597098214286,0,1469131128844,0.0536411830357,1,52,384521,0.158598400298
0.0258556547619,0.0344819568452,0,1469131128844,0.0347609747024,2,52,386525,0.106770833333
0.0268787202381,0.03759765625,0,1469131128844,0.0374348958333,3,52,388494,0.105329241071
0.0424572172619,0.0600818452381,0,1469131128951,0.0531063988095,4,52,390466,0.16466703869
0.0318545386905,0.0436430431548,0,1469131128951,0.0385974702381,5,52,392469,0.115792410714
0.0255301339286,0.0332961309524,0,1469131128951,0.0398530505952,6,52,394476,0.105747767857
0.0471772693452,0.059337797619,0,1469131128951,0.0538039434524,7,52,396472,0.17029389881
0.0246233258929,0.0329241071429,1,1469131128951,0.0352725074405,0,52,398924,0.100074404762
0.0327613467262,0.0419456845238,1,1469131128951,0.0423642113095,1,52,400925,0.129603794643
0.0231119791667,0.0304594494048,1,1469131128951,0.0383882068452,2,52,402905,0.0961681547619
0.0292038690476,0.0395042782738,1,1469131128951,0.0437360491071,3,52,404897,0.130882626488
0.030017671131,0.0362025669643,0,1469131128951,0.0370628720238,0,52,482568,0.110374813988
0.0403878348214,0.0596865699405,0,1469131128952,0.0535946800595,1,52,484639,0.158365885417
0.0258091517857,0.034412202381,0,1469131128952,0.0347144717262,2,52,486703,0.10656156994
0.0267392113095,0.0372721354167,0,1469131128953,0.0372488839286,3,52,488712,0.105073474702
0.04248046875,0.0601515997024,0,1469131128953,0.0531296502976,4,52,490712,0.164783296131
0.0318312872024,0.0435965401786,0,1469131128953,0.0385044642857,5,52,492734,0.115629650298
0.0255301339286,0.0333193824405,0,1469131128953,0.0398763020833,6,52,494840,0.105817522321
0.0471540178571,0.059314546131,0,1469131129058,0.0537574404762,7,52,496848,0.170200892857
0.024669828869,0.032947358631,1,1469131129058,0.0352957589286,0,52,499319,0.100260416667
0.0328311011905,0.0421549479167,1,1469131129058,0.0424339657738,1,52,501412,0.129603794643
0.0232979910714,0.0307384672619,1,1469131129058,0.0383882068452,2,52,503426,0.0967029389881
0.0293201264881,0.03955078125,1,1469131129058,0.04345703125,3,52,505486,0.130836123512
0.0299479166667,0.0361095610119,0,1469131129058,0.036876860119,0,52,582795,0.110095796131
0.0406203497024,0.0600818452381,0,1469131129058,0.053966703869,1,52,584870,0.15929594494
0.0255766369048,0.0342029389881,0,1469131129059,0.034435453869,2,52,586869,0.105492001488
0.0263904389881,0.0365048363095,0,1469131129059,0.0369001116071,3,52,588860,0.104073660714
0.0425502232143,0.0601981026786,0,1469131129059,0.0531761532738,4,52,590886,0.164992559524
0.0318545386905,0.0436430431548,0,1469131129059,0.0385509672619,5,52,592920,0.115769159226
0.0255301339286,0.0333658854167,0,1469131129059,0.0398763020833,6,52,594946,0.10584077381
0.0472237723214,0.0594075520833,0,1469131129059,0.0538271949405,7,52,596961,0.170433407738
0.0246930803571,0.0330403645833,1,1469131129059,0.0352957589286,0,52,599445,0.100399925595
0.0329938616071,0.0424572172619,1,1469131129059,0.0425734747024,1,52,601471,0.130161830357
0.0232282366071,0.0307384672619,1,1469131129238,0.0373883928571,2,52,603469,0.0954008556548
0.0296223958333,0.0399460565476,1,1469131129238,0.0437593005952,3,52,605561,0.131882440476
0.030017671131,0.0361793154762,0,1469131129238,0.0368303571429,0,52,682922,0.110188802083
0.0408528645833,0.0604306175595,0,1469131129238,0.0543387276786,1,52,684984,0.160202752976
0.0255766369048,0.0341331845238,0,1469131129238,0.0343656994048,2,52,687006,0.105026971726
0.026134672619,0.0354585193452,0,1469131129238,0.0368303571429,3,52,689008,0.103934151786
0.0425502232143,0.0601981026786,0,1469131129238,0.0531761532738,4,52,691002,0.164992559524
0.0319242931548,0.043712797619,0,1469131129238,0.0386207217262,5,52,693025,0.116001674107
0.0255766369048,0.0333891369048,0,1469131129239,0.0399228050595,6,52,695068,0.10595703125
0.0472702752976,0.0594773065476,0,1469131129239,0.0538504464286,7,52,697088,0.170596168155
0.0247860863095,0.033203125,1,1469131129239,0.0353422619048,0,52,699567,0.1005859375
0.033203125,0.042736235119,1,1469131129239,0.0427594866071,1,52,701665,0.130882626488
0.0229957217262,0.030505952381,1,1469131129239,0.0362490699405,2,52,703680,0.0933314732143
0.0295758928571,0.0398297991071,1,1469131129239,0.0438058035714,3,52,705681,0.131882440476
0.0300641741071,0.0362723214286,0,1469131129239,0.0369001116071,0,52,783111,0.110258556548
