blue,green,groupId,received,red,sensorId,time1,time2,white
0.0380626860119,0.0478515625,0,1470074296744,0.0446428571429,0,25,987545,0.138485863095
0.0481538318452,0.071033296131,0,1470074296792,0.0626860119048,1,25,989614,0.1904296875
0.0385044642857,0.0534319196429,0,1470074296792,0.0493396577381,2,25,991909,0.154924665179
0.03466796875,0.0485491071429,0,1470074296792,0.0408761160714,3,25,994051,0.132486979167
0.0451311383929,0.0638253348214,0,1470074296792,0.0549665178571,4,25,996095,0.171921502976
0.0565011160714,0.0780319940476,0,1470074296793,0.0682896205357,5,25,998179,0.209309895833
0.0350167410714,0.0493396577381,0,1470074296793,0.0424572172619,6,26,190,0.127906436012
0.0521530877976,0.0673130580357,0,1470074296793,0.059337797619,7,26,2177,0.188988095238
0.0366908482143,0.0514555431548,1,1470074296793,0.0443173363095,0,26,4699,0.1396484375
0.0374813988095,0.0491768973214,1,1470074296793,0.047130766369,1,26,6703,0.146019345238
0.0486188616071,0.0645228794643,1,1470074296793,0.0629185267857,2,26,8687,0.196940104167
0.0286923363095,0.0401785714286,1,1470074296793,0.0405738467262,3,26,10678,0.122698102679
0.0380161830357,0.0478283110119,0,1470074296842,0.0445963541667,0,26,87734,0.138416108631
0.0481538318452,0.0710100446429,0,1470074296894,0.0626627604167,1,26,89790,0.190406436012
0.0385044642857,0.0534319196429,0,1470074296894,0.04931640625,2,26,91785,0.154947916667
0.03466796875,0.0485258556548,0,1470074296894,0.0408761160714,3,26,93864,0.132533482143
0.0451078869048,0.0638253348214,0,1470074296894,0.0549665178571,4,26,95950,0.171875
0.0565011160714,0.0780319940476,0,1470074296894,0.0682896205357,5,26,97933,0.209333147321
0.0350167410714,0.0493629092262,0,1470074296894,0.04248046875,6,26,99911,0.12804594494
0.0521530877976,0.0673130580357,0,1470074296894,0.0593610491071,7,26,101906,0.18896484375
0.0366908482143,0.0514322916667,1,1470074296895,0.0443173363095,0,26,104511,0.1396484375
0.0375046502976,0.0492001488095,1,1470074296895,0.047130766369,1,26,106557,0.146042596726
0.0486188616071,0.0645926339286,1,1470074296895,0.0629417782738,2,26,108658,0.196916852679
0.0287388392857,0.0402018229167,1,1470074296895,0.0406436011905,3,26,110679,0.122907366071
0.0380161830357,0.0478050595238,0,1470074296945,0.0445963541667,0,26,187944,0.138392857143
0.0481538318452,0.0710100446429,0,1470074296945,0.0626627604167,1,26,190013,0.1904296875
0.0385044642857,0.0534086681548,0,1470074296995,0.0493396577381,2,26,192029,0.154947916667
0.03466796875,0.0485258556548,0,1470074296995,0.0408761160714,3,26,194111,0.132556733631
0.0451311383929,0.0638485863095,0,1470074296996,0.0549897693452,4,26,196152,0.171968005952
0.0564778645833,0.0780087425595,0,1470074296996,0.0682431175595,5,26,198247,0.209193638393
0.0350167410714,0.0493629092262,0,1470074296997,0.0425502232143,6,26,200246,0.128231956845
0.0521298363095,0.0673130580357,0,1470074296997,0.059337797619,7,26,202240,0.18896484375
0.0366675967262,0.0514322916667,1,1470074296997,0.0443173363095,0,26,204746,0.1396484375
0.0375046502976,0.0492001488095,1,1470074296997,0.047130766369,1,26,206801,0.146065848214
0.0486188616071,0.0646158854167,1,1470074296997,0.0629185267857,2,26,208814,0.196754092262
0.0287388392857,0.0402018229167,1,1470074296997,0.0406436011905,3,26,210826,0.122907366071
0.0380161830357,0.0477818080357,0,1470074297046,0.0445265997024,0,26,288146,0.138323102679
0.0481305803571,0.0710100446429,0,1470074297046,0.0626860119048,1,26,290205,0.190406436012
0.0385044642857,0.0534086681548,0,1470074297098,0.0492931547619,2,26,292221,0.154924665179
0.03466796875,0.0485026041667,0,1470074297098,0.0408528645833,3,26,294348,0.132533482143
0.0451078869048,0.0638253348214,0,1470074297098,0.054943266369,4,26,296364,0.171875
0.0564546130952,0.0779854910714,0,1470074297098,0.0682431175595,5,26,298377,0.209077380952
0.0350167410714,0.0493396577381,0,1470074297098,0.0425037202381,6,26,300450,0.128231956845
0.0521298363095,0.0672898065476,0,1470074297098,0.059314546131,7,26,302449,0.188941592262
0.0366675967262,0.0513857886905,1,1470074297099,0.0442940848214,0,26,304934,0.139601934524
0.0374813988095,0.0491768973214,1,1470074297099,0.047107514881,1,26,306955,0.146019345238
0.0486188616071,0.0646158854167,1,1470074297099,0.0629185267857,2,26,308982,0.196754092262
0.0287620907738,0.0402018229167,1,1470074297099,0.0406668526786,3,26,311002,0.123070126488
0.0379929315476,0.0477585565476,0,1470074297150,0.0445033482143,0,26,388368,0.138253348214
0.048107328869,0.0709867931548,0,1470074297150,0.0626395089286,1,26,390468,0.19031343006
0.0385044642857,0.0534086681548,0,1470074297150,0.04931640625,2,26,392490,0.15490141369
0.0346447172619,0.0485026041667,0,1470074297150,0.0408528645833,3,26,394506,0.132510230655
0.0450846354167,0.0638020833333,0,1470074297200,0.054943266369,4,26,396595,0.171781994048
0.0564778645833,0.0780087425595,0,1470074297200,0.0682431175595,5,26,398625,0.209123883929
0.0350167410714,0.0493396577381,0,1470074297200,0.0425734747024,6,26,400625,0.128348214286
0.0521298363095,0.0672665550595,0,1470074297200,0.059314546131,7,26,402624,0.188918340774
0.0366675967262,0.0513857886905,1,1470074297200,0.0443173363095,0,26,405119,0.139625186012
0.0374813988095,0.0491536458333,1,1470074297200,0.047107514881,1,26,407152,0.145972842262
0.048595610119,0.0646623883929,1,1470074297200,0.0629185267857,2,26,409175,0.196684337798
0.02880859375,0.0402250744048,1,1470074297200,0.0407133556548,3,26,411185,0.123325892857
0.0379696800595,0.0477353050595,0,1470074297250,0.0444800967262,0,26,488519,0.138206845238
0.0481305803571,0.0709867931548,0,1470074297250,0.0626395089286,1,26,490571,0.190336681548
0.0384579613095,0.0533854166667,0,1470074297250,0.0492931547619,2,26,492681,0.154854910714
0.0346447172619,0.0485026041667,0,1470074297250,0.0408528645833,3,26,494727,0.132510230655
0.0450846354167,0.0638253348214,0,1470074297300,0.054943266369,4,26,496742,0.171875
0.0564313616071,0.0779622395833,0,1470074297300,0.0681966145833,5,26,498763,0.209007626488
0.0350167410714,0.0493396577381,0,1470074297300,0.0425269717262,6,26,500795,0.128371465774
0.0521065848214,0.0672433035714,0,1470074297300,0.0592912946429,7,26,502807,0.18884858631
0.0366443452381,0.0513625372024,1,1470074297300,0.0442940848214,0,26,505292,0.13953218006
0.0374581473214,0.0491536458333,1,1470074297300,0.0470842633929,1,26,507288,0.145949590774
0.0486188616071,0.0647321428571,1,1470074297300,0.0629417782738,2,26,509296,0.196707589286
0.0288318452381,0.0402483258929,1,1470074297300,0.040783110119,3,26,511334,0.123465401786
0.0379696800595,0.0477353050595,0,1470074297351,0.0444568452381,0,26,588774,0.13818359375
0.048107328869,0.0709635416667,0,1470074297351,0.0626395089286,1,26,590838,0.190290178571
0.0384812127976,0.0533854166667,0,1470074297351,0.0492931547619,2,26,592867,0.154854910714
0.0346447172619,0.0485026041667,0,1470074297351,0.0408528645833,3,26,594901,0.132510230655
0.0450846354167,0.0638020833333,0,1470074297402,0.054920014881,4,26,596938,0.171805245536
0.056408110119,0.0779389880952,0,1470074297402,0.0681966145833,5,26,598976,0.208984375
0.0350167410714,0.0493629092262,0,1470074297402,0.0425502232143,6,26,600990,0.128487723214
0.0521065848214,0.0672433035714,0,1470074297402,0.0592912946429,7,26,602991,0.18884858631
0.0366443452381,0.0513857886905,1,1470074297402,0.0442940848214,0,26,605555,0.139578683036
0.0374813988095,0.0491536458333,1,1470074297402,0.0470842633929,1,26,607591,0.145949590774
0.0486421130952,0.0647553943452,1,1470074297402,0.0629417782738,2,26,609608,0.196684337798
0.0288783482143,0.040294828869,1,1470074297402,0.0408063616071,3,26,611614,0.12365141369
0.0379929315476,0.0477353050595,0,1470074297453,0.0444568452381,0,26,688936,0.13818359375
0.0481305803571,0.0709867931548,0,1470074297453,0.0626395089286,1,26,690992,0.190359933036
0.0384579613095,0.0534086681548,0,1470074297453,0.0492931547619,2,26,693023,0.154878162202
0.0346447172619,0.0485258556548,0,1470074297453,0.0408528645833,3,26,695058,0.132533482143
0.0450613839286,0.0637788318452,0,1470074297453,0.0548967633929,4,26,697074,0.17175874256
0.0564313616071,0.0779389880952,0,1470074297503,0.0682198660714,5,26,699090,0.209054129464
0.0349934895833,0.0493396577381,0,1470074297503,0.0425502232143,6,26,701093,0.128464471726
0.0521065848214,0.0672433035714,0,1470074297503,0.0592912946429,7,26,703108,0.18884858631
0.0366443452381,0.0513857886905,1,1470074297503,0.0442940848214,0,26,705605,0.139555431548
0.0374581473214,0.0491536458333,1,1470074297503,0.0470842633929,1,26,707622,0.145949590774
0.048595610119,0.0647321428571,1,1470074297503,0.0628952752976,2,26,709670,0.196568080357
0.0288550967262,0.040294828869,1,1470074297503,0.0408296130952,3,26,711672,0.123674665179
0.0379696800595,0.0477353050595,0,1470074297553,0.0444568452381,0,26,789139,0.13818359375
0.048107328869,0.0709635416667,0,1470074297553,0.0626395089286,1,26,791194,0.19031343006
0.0384579613095,0.0533854166667,0,1470074297553,0.0492931547619,2,26,793207,0.154854910714
0.0346447172619,0.0485026041667,0,1470074297553,0.0408528645833,3,26,795232,0.132510230655
0.0450846354167,0.0638253348214,0,1470074297553,0.054943266369,4,26,797264,0.171828497024
0.0564313616071,0.0779622395833,0,1470074297603,0.0682198660714,5,26,799286,0.209077380952
0.0350167410714,0.0493629092262,0,1470074297603,0.0425967261905,6,26,801292,0.128510974702
0.0521065848214,0.0672433035714,0,1470074297603,0.0592912946429,7,26,803303,0.18884858631
0.0366443452381,0.0513625372024,1,1470074297603,0.0442940848214,0,26,805835,0.139555431548
0.0374813988095,0.0491536458333,1,1470074297603,0.047107514881,1,26,807862,0.145972842262
0.048595610119,0.064708891369,1,1470074297603,0.0629185267857,2,26,809880,0.196544828869
0.0288318452381,0.040271577381,1,1470074297603,0.040783110119,3,26,811883,0.123558407738
0.0379696800595,0.0477585565476,0,1470074297653,0.0444800967262,0,26,889309,0.138230096726
0.0481305803571,0.0709635416667,0,1470074297653,0.0626627604167,1,26,891359,0.190336681548
0.0384579613095,0.0533854166667,0,1470074297653,0.0492931547619,2,26,893390,0.154854910714
0.0345749627976,0.0484095982143,0,1470074297653,0.0408063616071,3,26,895489,0.132370721726
0.0450613839286,0.0637788318452,0,1470074297653,0.054920014881,4,26,897512,0.171735491071
0.056408110119,0.0779157366071,0,1470074297705,0.0681733630952,5,26,899525,0.208914620536
0.0349934895833,0.04931640625,0,1470074297705,0.0425502232143,6,26,901568,0.12841796875
0.0520833333333,0.0672200520833,0,1470074297705,0.0592680431548,7,26,903583,0.188778831845
0.0366443452381,0.0513625372024,1,1470074297705,0.0442940848214,0,26,906057,0.139555431548
0.0374581473214,0.0491303943452,1,1470074297705,0.0470842633929,1,26,908077,0.145926339286
0.048572358631,0.064708891369,1,1470074297705,0.0628720238095,2,26,910104,0.196498325893
0.0288318452381,0.040271577381,1,1470074297705,0.040759858631,3,26,912117,0.123465401786
0.0379696800595,0.0477353050595,0,1470074297756,0.0445033482143,0,26,989540,0.138206845238
0.0481305803571,0.0709635416667,0,1470074297756,0.0626395089286,1,26,991583,0.19031343006
0.0384812127976,0.0534086681548,0,1470074297756,0.0492931547619,2,26,993602,0.15490141369
0.0344587053571,0.0482235863095,0,1470074297756,0.040759858631,3,26,995640,0.132184709821
0.0450613839286,0.0638020833333,0,1470074297756,0.054920014881,4,26,997654,0.171781994048
0.056384858631,0.0779157366071,0,1470074297756,0.0681733630952,5,26,999673,0.208937872024
0.0349934895833,0.0492699032738,0,1470074297808,0.04248046875,6,27,1681,0.128185453869
0.0520600818452,0.0671968005952,0,1470074297808,0.0592680431548,7,27,3698,0.188685825893
0.0366443452381,0.0513625372024,1,1470074297808,0.0442940848214,0,27,6225,0.13953218006
0.0374813988095,0.0491536458333,1,1470074297808,0.0470842633929,1,27,8224,0.145949590774
0.048595610119,0.0646158854167,1,1470074297808,0.0628952752976,2,27,10217,0.196568080357
0.0286923363095,0.0401785714286,1,1470074297808,0.0406203497024,3,27,12200,0.122860863095
0.0379696800595,0.0477818080357,0,1470074297859,0.0445731026786,0,27,89719,0.138253348214
0.0481305803571,0.0709867931548,0,1470074297859,0.0626395089286,1,27,91778,0.190383184524
0.0384812127976,0.0534086681548,0,1470074297859,0.04931640625,2,27,93845,0.154994419643
0.0347377232143,0.048572358631,0,1470074297859,0.0408993675595,3,27,95977,0.132579985119
0.0451078869048,0.0638253348214,0,1470074297859,0.054943266369,4,27,97965,0.171851748512
0.0564313616071,0.0779389880952,0,1470074297859,0.0681966145833,5,27,99949,0.209054129464
0.034923735119,0.0491071428571,0,1470074297859,0.0423642113095,6,27,101957,0.127720424107
0.0520368303571,0.0671968005952,0,1470074297910,0.0592447916667,7,27,103948,0.188639322917
0.0366675967262,0.0513160342262,1,1470074297910,0.0442708333333,0,27,106689,0.13953218006
0.0375046502976,0.0492234002976,1,1470074297910,0.0471540178571,1,27,108797,0.14611235119
0.0488513764881,0.0647553943452,1,1470074297910,0.063244047619,2,27,110819,0.197614397321
0.0284598214286,0.0399460565476,1,1470074297910,0.0402250744048,3,27,112831,0.121396019345
0.0380626860119,0.0479213169643,0,1470074297961,0.0447823660714,0,27,189997,0.138718377976
0.048107328869,0.0709635416667,0,1470074297961,0.0626395089286,1,27,192070,0.190359933036
0.0384579613095,0.0533854166667,0,1470074297961,0.04931640625,2,27,194153,0.15490141369
0.0352957589286,0.0493861607143,0,1470074297961,0.0411551339286,3,27,196189,0.133440290179
0.0451078869048,0.0638253348214,0,1470074297961,0.054920014881,4,27,198253,0.171898251488
0.0564313616071,0.0779389880952,0,1470074297961,0.0681966145833,5,27,200263,0.209054129464
0.0348772321429,0.0489443824405,0,1470074297961,0.042224702381,6,27,202258,0.12732514881
0.0520600818452,0.0672433035714,0,1470074297961,0.0592912946429,7,27,204332,0.188755580357
0.0366908482143,0.0513160342262,1,1470074298012,0.0442475818452,0,27,206897,0.139601934524
0.0375744047619,0.04931640625,1,1470074298012,0.0472702752976,1,27,208920,0.146344866071
0.0493396577381,0.065197172619,1,1470074298012,0.0640113467262,2,27,210922,0.19959077381
0.0281575520833,0.0396902901786,1,1470074298012,0.0396902901786,3,27,212944,0.119140625
0.0381556919643,0.048084077381,0,1470074298064,0.0450613839286,0,27,290236,0.139183407738
0.0481305803571,0.0709402901786,0,1470074298064,0.0626162574405,1,27,292290,0.190336681548
0.0384812127976,0.0534086681548,0,1470074298064,0.04931640625,2,27,294406,0.154971168155
0.0357840401786,0.0509207589286,0,1470074298064,0.0415969122024,3,27,296422,0.134486607143
0.0450613839286,0.0637555803571,0,1470074298064,0.0548967633929,4,27,298434,0.171828497024
0.0564313616071,0.0779157366071,0,1470074298064,0.0682198660714,5,27,300495,0.209054129464
0.0348307291667,0.048828125,0,1470074298064,0.0421316964286,6,27,302546,0.126929873512
0.0520833333333,0.0672665550595,0,1470074298064,0.0593610491071,7,27,304581,0.188802083333
0.0367373511905,0.0513392857143,1,1470074298115,0.044201078869,0,27,307058,0.139555431548
0.03759765625,0.0493396577381,1,1470074298115,0.0472702752976,1,27,309084,0.146414620536
0.0496186755952,0.0653599330357,1,1470074298115,0.0645228794643,2,27,311112,0.200776599702
0.0278785342262,0.0395275297619,1,1470074298115,0.0391555059524,3,27,313127,0.116001674107
0.0378999255952,0.0477353050595,0,1470074298166,0.044921875,0,27,390491,0.13829985119
0.0481305803571,0.0709402901786,0,1470074298166,0.0626395089286,1,27,392551,0.190406436012
0.0385277157738,0.0534319196429,0,1470074298166,0.04931640625,2,27,394593,0.155180431548
0.035900297619,0.0510602678571,0,1470074298166,0.0416666666667,3,27,396691,0.134533110119
0.0450613839286,0.063709077381,0,1470074298166,0.0548735119048,4,27,398707,0.171828497024
0.056408110119,0.077892485119,0,1470074298166,0.0682198660714,5,27,400718,0.209030877976
0.0348307291667,0.0487118675595,0,1470074298166,0.0420619419643,6,27,402725,0.126488095238
0.051990327381,0.067127046131,0,1470074298166,0.0592680431548,7,27,404839,0.18836030506
0.0367606026786,0.0513625372024,1,1470074298166,0.0441545758929,0,27,407320,0.139485677083
0.0371791294643,0.0486188616071,1,1470074298166,0.0469215029762,1,27,409325,0.14490327381
0.0492001488095,0.0646623883929,1,1470074298217,0.0640578497024,2,27,411341,0.198683965774
0.0277855282738,0.0395275297619,1,1470074298217,0.0387834821429,3,27,413369,0.113862537202
0.0378766741071,0.0477818080357,0,1470074298268,0.044921875,0,27,491086,0.138206845238
0.0481305803571,0.0709402901786,0,1470074298268,0.0626162574405,1,27,493159,0.190406436012
0.03857421875,0.0535016741071,0,1470074298268,0.0493861607143,2,27,495196,0.155412946429
0.0358072916667,0.0509440104167,0,1470074298268,0.0415969122024,3,27,497211,0.134184337798
0.0450148809524,0.0636625744048,0,1470074298268,0.0548502604167,4,27,499223,0.171805245536
0.0564313616071,0.0779157366071,0,1470074298268,0.0682431175595,5,27,501256,0.20910063244
0.0348772321429,0.0487118675595,0,1470074298268,0.0421084449405,6,27,503278,0.126627604167
0.0518508184524,0.0669642857143,0,1470074298268,0.0591750372024,7,27,505301,0.18798828125
0.0367838541667,0.0513160342262,1,1470074298268,0.0440615699405,0,27,507736,0.139415922619
0.0363420758929,0.0473167782738,1,1470074298268,0.0459914434524,1,27,509743,0.142252604167
0.0485491071429,0.0640578497024,1,1470074298319,0.0633370535714,2,27,512004,0.195545014881
0.0277390252976,0.0395042782738,1,1470074298319,0.0385974702381,3,27,514104,0.113374255952
0.0381789434524,0.0481538318452,0,1470074298370,0.0453636532738,0,27,590778,0.139555431548
0.048107328869,0.0709402901786,0,1470074298370,0.0626395089286,1,27,593068,0.190406436012
0.0386439732143,0.0536179315476,0,1470074298370,0.0495024181548,2,27,595120,0.155738467262
0.0358072916667,0.0509672619048,0,1470074298370,0.0416201636905,3,27,597136,0.133975074405
0.0449683779762,0.0635928199405,0,1470074298370,0.0548502604167,4,27,599151,0.171805245536
0.0564778645833,0.0779622395833,0,1470074298370,0.0683128720238,5,27,601167,0.209240141369
0.0349469866071,0.0488048735119,0,1470074298370,0.0423874627976,6,27,603178,0.127720424107
0.0518973214286,0.0670572916667,0,1470074298370,0.0592215401786,7,27,605227,0.188151041667
0.036853608631,0.0513392857143,1,1470074298370,0.0439918154762,0,27,607721,0.139485677083
0.0366443452381,0.0479445684524,1,1470074298370,0.047130766369,1,27,609754,0.143229166667
0.0488513764881,0.0645693824405,1,1470074298370,0.0636625744048,2,27,611772,0.196800595238
0.0282970610119,0.0405970982143,1,1470074298421,0.0391090029762,3,27,613799,0.114815848214
0.0382021949405,0.0482235863095,0,1470074298473,0.0455264136905,0,27,690954,0.139694940476
0.0480375744048,0.0708240327381,0,1470074298473,0.0625465029762,1,27,693032,0.190127418155
0.0386439732143,0.0536411830357,0,1470074298473,0.0495256696429,2,27,695143,0.155831473214
0.0359700520833,0.0512462797619,0,1470074298473,0.0418061755952,3,27,697196,0.134207589286
0.0449683779762,0.0635928199405,0,1470074298473,0.0548270089286,4,27,699201,0.171781994048
0.0564313616071,0.077892485119,0,1470074298473,0.0682431175595,5,27,701219,0.209123883929
0.0350167410714,0.0489443824405,0,1470074298473,0.0426664806548,6,27,703241,0.12878999256
0.0519205729167,0.0670340401786,0,1470074298473,0.0591982886905,7,27,705279,0.188220796131
0.0369001116071,0.0513625372024,1,1470074298473,0.0439918154762,0,27,707760,0.13953218006
0.0369233630952,0.0482235863095,1,1470074298473,0.0466657366071,1,27,709782,0.144461495536
0.0496419270833,0.0657319568452,1,1470074298473,0.0649646577381,2,27,711809,0.201567150298
0.0291573660714,0.042224702381,1,1470074298473,0.0402250744048,3,27,713825,0.117861793155
0.0379929315476,0.0479910714286,0,1470074298545,0.0454566592262,0,27,791167,0.138741629464
0.0478515625,0.0704985119048,0,1470074298598,0.0622209821429,1,27,793223,0.189197358631
0.0386439732143,0.0536179315476,0,1470074298598,0.0494791666667,2,27,795246,0.155668712798
0.0359933035714,0.0513625372024,0,1470074298598,0.0420619419643,3,27,797339,0.134044828869
0.044921875,0.0635463169643,0,1470074298598,0.0547572544643,4,27,799389,0.171735491071
0.056384858631,0.077892485119,0,1470074298598,0.0681966145833,5,27,801401,0.208984375
0.0350167410714,0.0490373883929,0,1470074298598,0.0428524925595,6,27,803415,0.129487537202
0.0518508184524,0.0669875372024,0,1470074298598,0.0591750372024,7,27,805718,0.188127790179
0.0369931175595,0.0513857886905,1,1470074298598,0.0440615699405,0,27,808207,0.1396484375
0.0369931175595,0.0486886160714,1,1470074298598,0.0459216889881,1,27,810237,0.145066034226
0.0510835193452,0.0671735491071,1,1470074298598,0.0662202380952,2,27,812250,0.206449962798
0.0294596354167,0.0429454985119,1,1470074298598,0.0409226190476,3,27,814328,0.119140625
0.037853422619,0.0477585565476,0,1470074298649,0.045154389881,0,27,891351,0.138230096726
0.0477120535714,0.0703357514881,0,1470074298649,0.0620582217262,1,27,893415,0.188778831845
0.0386207217262,0.0535946800595,0,1470074298701,0.0494559151786,2,27,895517,0.155598958333
0.0359700520833,0.05126953125,0,1470074298701,0.0420386904762,3,27,897539,0.134021577381
0.0448753720238,0.0635230654762,0,1470074298701,0.0547107514881,4,27,899545,0.171595982143
0.0563616071429,0.0778459821429,0,1470074298701,0.0681966145833,5,27,901577,0.208891369048
0.034923735119,0.0488978794643,0,1470074298707,0.0427594866071,6,27,903590,0.129627046131
0.0517810639881,0.06689453125,0,1470074298707,0.05908203125,7,27,905627,0.187848772321
0.0369466145833,0.0513625372024,1,1470074298707,0.0440615699405,0,27,908110,0.13953218006
0.0370396205357,0.048595610119,1,1470074298707,0.0460379464286,1,27,910144,0.14513578869
0.0516183035714,0.06787109375,1,1470074298707,0.0664295014881,2,27,912169,0.207054501488
0.0294596354167,0.0429454985119,1,1470074298707,0.0409226190476,3,27,914257,0.119140625
0.037830171131,0.0477585565476,0,1470074298752,0.0449683779762,0,27,991554,0.138276599702
0.0477353050595,0.0703590029762,0,1470074298752,0.0620582217262,1,27,993612,0.188802083333
0.0385974702381,0.0535946800595,0,1470074298752,0.0494791666667,2,27,995639,0.155575706845
0.0359933035714,0.0513857886905,0,1470074298803,0.0421549479167,3,27,997705,0.134114583333
0.0448986235119,0.0635463169643,0,1470074298803,0.0546875,4,27,999711,0.171642485119
0.0563151041667,0.0777762276786,0,1470074298803,0.068126860119,5,28,1719,0.208658854167
0.034923735119,0.0488978794643,0,1470074298803,0.0427594866071,6,28,3726,0.129580543155
0.0517578125,0.06689453125,0,1470074298803,0.05908203125,7,28,5753,0.187732514881
0.0369233630952,0.0514090401786,1,1470074298803,0.0441545758929,0,28,8195,0.139555431548
0.0370861235119,0.048572358631,1,1470074298803,0.046130952381,1,28,10191,0.145182291667
0.0518275669643,0.0681966145833,1,1470074298803,0.066638764881,2,28,12186,0.207659040179
0.0295991443452,0.0433407738095,1,1470074298803,0.0411318824405,3,28,14281,0.118861607143
0.037853422619,0.0478050595238,0,1470074298854,0.0450148809524,0,28,91763,0.13818359375
0.0477120535714,0.0703590029762,0,1470074298854,0.0620349702381,1,28,93831,0.188778831845
0.0386207217262,0.0535714285714,0,1470074298854,0.0494559151786,2,28,95928,0.155598958333
0.0360165550595,0.0513625372024,0,1470074298854,0.0420851934524,3,28,97920,0.134021577381
0.0448986235119,0.0634765625,0,1470074298905,0.0546177455357,4,28,99879,0.171595982143
0.0562918526786,0.0777297247024,0,1470074298905,0.0680803571429,5,28,101910,0.208542596726
0.034900483631,0.0488513764881,0,1470074298905,0.042712983631,6,28,103882,0.129487537202
0.0517345610119,0.0668480282738,0,1470074298905,0.0590355282738,7,28,106160,0.187639508929
0.036876860119,0.0513857886905,1,1470074298905,0.0441313244048,0,28,108705,0.139415922619
0.0370628720238,0.0485491071429,1,1470074298905,0.0461077008929,1,28,110740,0.145042782738
0.0518275669643,0.0681966145833,1,1470074298905,0.066638764881,2,28,112733,0.207659040179
0.0296921502976,0.0436197916667,1,1470074298905,0.0411318824405,3,28,114760,0.118396577381
0.037853422619,0.0478283110119,0,1470074298956,0.0450846354167,0,28,191948,0.138230096726
0.0477353050595,0.0703590029762,0,1470074298956,0.0620582217262,1,28,194087,0.188802083333
0.0386207217262,0.0535946800595,0,1470074298956,0.0494559151786,2,28,196115,0.155552455357
0.0360165550595,0.0513625372024,0,1470074298956,0.0421084449405,3,28,198165,0.133975074405
0.0448288690476,0.0634068080357,0,1470074298956,0.0545479910714,4,28,200168,0.171456473214
0.0563151041667,0.0777762276786,0,1470074299008,0.0681501116071,5,28,202187,0.208682105655
0.034900483631,0.0488513764881,0,1470074299008,0.042712983631,6,28,204278,0.129417782738
0.0517345610119,0.0668480282738,0,1470074299008,0.0590355282738,7,28,206318,0.187639508929
0.0369001116071,0.0514090401786,1,1470074299008,0.0441080729167,0,28,208792,0.139322916667
0.0369931175595,0.0485026041667,1,1470074299008,0.0461077008929,1,28,210820,0.144996279762
0.0519670758929,0.0682896205357,1,1470074299008,0.0667085193452,2,28,212897,0.207868303571
0.0296456473214,0.0436430431548,1,1470074299008,0.0409226190476,3,28,214930,0.117885044643
0.0378766741071,0.0478283110119,0,1470074299059,0.0450846354167,0,28,292192,0.138323102679
0.0477585565476,0.0704055059524,0,1470074299059,0.0621047247024,1,28,294320,0.188918340774
0.0386207217262,0.0535946800595,0,1470074299059,0.0494791666667,2,28,296332,0.155622209821
0.0360398065476,0.0514090401786,0,1470074299059,0.0421316964286,3,28,298338,0.134021577381
0.0448288690476,0.0634068080357,0,1470074299059,0.0545479910714,4,28,300336,0.17150297619
0.0563151041667,0.0777529761905,0,1470074299110,0.068126860119,5,28,302398,0.208728608631
0.0349469866071,0.0488746279762,0,1470074299110,0.0426897321429,6,28,304435,0.129138764881
0.0517345610119,0.0668712797619,0,1470074299110,0.0590587797619,7,28,306453,0.187662760417
0.0369466145833,0.0514555431548,1,1470074299110,0.0440848214286,0,28,308966,0.139415922619
0.0369931175595,0.0482700892857,1,1470074299110,0.0462239583333,1,28,310998,0.144833519345
0.0518973214286,0.068126860119,1,1470074299110,0.066662016369,2,28,313007,0.207938058036
0.0295758928571,0.0435732886905,1,1470074299110,0.0406436011905,3,28,315029,0.117327008929
0.0378766741071,0.0478748139881,0,1470074299160,0.0451311383929,0,28,392369,0.138509114583
0.0478283110119,0.0704752604167,0,1470074299161,0.0621744791667,1,28,394440,0.188918340774
0.0386439732143,0.0536179315476,0,1470074299161,0.0494791666667,2,28,396443,0.155668712798
0.0360863095238,0.051502046131,0,1470074299161,0.0421781994048,3,28,398539,0.13416108631
0.0448056175595,0.0633835565476,0,1470074299161,0.0545247395833,4,28,400544,0.171433221726
0.0562918526786,0.0777297247024,0,1470074299161,0.0680803571429,5,28,402553,0.20861235119
0.0349469866071,0.0488746279762,0,1470074299161,0.0426897321429,6,28,404683,0.129138764881
0.0517810639881,0.06689453125,0,1470074299211,0.0591052827381,7,28,406715,0.187755766369
0.0369931175595,0.051502046131,1,1470074299211,0.0440848214286,0,28,409186,0.139508928571
0.0369931175595,0.0477818080357,1,1470074299211,0.0466657366071,1,28,411202,0.144112723214
0.0516415550595,0.0676850818452,1,1470074299211,0.0664760044643,2,28,413235,0.207728794643
0.0294363839286,0.0433175223214,1,1470074299211,0.0402250744048,3,28,415257,0.116420200893
0.0379929315476,0.0479910714286,0,1470074299262,0.0452706473214,0,28,492612,0.13904389881
0.0478283110119,0.0704752604167,0,1470074299262,0.0621744791667,1,28,494728,0.189174107143
0.0385974702381,0.0535946800595,0,1470074299262,0.0495024181548,2,28,496749,0.155668712798
0.0360165550595,0.0514322916667,0,1470074299262,0.0419921875,3,28,498746,0.133975074405
0.0448056175595,0.0634068080357,0,1470074299262,0.0545712425595,4,28,500816,0.171456473214
0.0562918526786,0.0777762276786,0,1470074299262,0.068126860119,5,28,502846,0.208775111607
0.0349469866071,0.0488746279762,0,1470074299262,0.0426199776786,6,28,504874,0.128766741071
0.0518973214286,0.0670107886905,0,1470074299312,0.0591750372024,7,28,506869,0.188058035714
0.0369931175595,0.051502046131,1,1470074299312,0.0440848214286,0,28,509324,0.139508928571
0.0369233630952,0.0482933407738,1,1470074299312,0.0466889880952,1,28,511379,0.143810453869
0.0511532738095,0.0671037946429,1,1470074299312,0.0663597470238,2,28,513389,0.207542782738
0.0292038690476,0.0429920014881,1,1470074299312,0.0398297991071,3,28,515469,0.115071614583
0.0381556919643,0.0482235863095,0,1470074299363,0.0454799107143,0,28,592775,0.139904203869
0.0478050595238,0.0704752604167,0,1470074299363,0.0621512276786,1,28,594860,0.189150855655
0.0386439732143,0.0536179315476,0,1470074299363,0.049548921131,2,28,596951,0.155808221726
0.035900297619,0.0511300223214,0,1470074299363,0.0416434151786,3,28,598969,0.1337890625
0.0448986235119,0.0634998139881,0,1470074299363,0.0546875,4,28,600973,0.171688988095
0.0563616071429,0.0778227306548,0,1470074299363,0.0681733630952,5,28,602991,0.208961123512
0.0349702380952,0.0488746279762,0,1470074299363,0.0426432291667,6,28,605057,0.128650483631
0.052013578869,0.0671968005952,0,1470074299414,0.059314546131,7,28,607089,0.188546316964
0.0370163690476,0.0515485491071,1,1470074299414,0.0440848214286,0,28,609563,0.1396484375
0.0371558779762,0.048595610119,1,1470074299414,0.0468052455357,1,28,611582,0.144973028274
0.0509672619048,0.0669875372024,1,1470074299414,0.0664295014881,2,28,613613,0.207682291667
0.028576078869,0.0416434151786,1,1470074299414,0.0391555059524,3,28,615642,0.11279296875
0.0381789434524,0.0482003348214,0,1470074299466,0.0455496651786,0,28,693006,0.140159970238
0.0478050595238,0.0704520089286,0,1470074299466,0.0621512276786,1,28,695087,0.18908110119
0.0383649553571,0.0532691592262,0,1470074299466,0.0492466517857,2,28,697109,0.154599144345
0.0357840401786,0.0508277529762,0,1470074299466,0.0413643973214,3,28,699118,0.133882068452
0.0448521205357,0.0634533110119,0,1470074299466,0.0546409970238,4,28,701134,0.171456473214
0.0563383556548,0.0777762276786,0,1470074299466,0.068103608631,5,28,703161,0.208798363095
0.0349469866071,0.0488513764881,0,1470074299466,0.0425734747024,6,28,705192,0.12830171131
0.051990327381,0.0671735491071,0,1470074299466,0.0592680431548,7,28,707208,0.188383556548
0.0369233630952,0.0514787946429,1,1470074299466,0.0440150669643,0,28,709695,0.139462425595
0.0371326264881,0.048572358631,1,1470074299516,0.0468052455357,1,28,711717,0.144926525298
0.05078125,0.0670107886905,1,1470074299516,0.0662434895833,2,28,713728,0.205961681548
0.0276227678571,0.0400390625,1,1470074299516,0.0376674107143,3,28,715741,0.109630766369
0.0381324404762,0.0481538318452,0,1470074299566,0.0455496651786,0,28,793166,0.139973958333
0.0478748139881,0.0706380208333,0,1470074299566,0.0623372395833,1,28,795238,0.18933686756
0.0383882068452,0.0533156622024,0,1470074299566,0.0492001488095,2,28,797277,0.154506138393
0.0350632440476,0.0494791666667,0,1470074299566,0.0408063616071,3,28,799277,0.132045200893
0.0448056175595,0.0634533110119,0,1470074299566,0.0546409970238,4,28,801272,0.171316964286
0.0563151041667,0.0777762276786,0,1470074299566,0.068103608631,5,28,803302,0.208728608631
0.0348772321429,0.0488513764881,0,1470074299566,0.0423642113095,6,28,805354,0.127394903274
0.0518043154762,0.0669875372024,0,1470074299566,0.0591052827381,7,28,807384,0.187732514881
0.0367838541667,0.0513857886905,1,1470074299566,0.0439220610119,0,28,809868,0.138950892857
0.0374116443452,0.0490373883929,1,1470074299617,0.0470377604167,1,28,811887,0.145647321429
0.0508742559524,0.0667317708333,1,1470074299617,0.0661969866071,2,28,813919,0.206101190476
0.0275530133929,0.0399693080357,1,1470074299617,0.03759765625,3,28,816109,0.109700520833
0.0380394345238,0.0480143229167,0,1470074299669,0.0453404017857,0,28,893369,0.139253162202
0.0480375744048,0.0708937872024,0,1470074299669,0.0625697544643,1,28,895513,0.190011160714
0.0386207217262,0.0535946800595,0,1470074299669,0.0494326636905,2,28,897532,0.155552455357
0.0345284598214,0.0484561011905,0,1470074299669,0.0405738467262,3,28,899533,0.131161644345
0.0447823660714,0.0634765625,0,1470074299669,0.0546409970238,4,28,901546,0.171247209821
0.0563616071429,0.0777994791667,0,1470074299669,0.0681501116071,5,28,903571,0.208821614583
0.0348772321429,0.0489443824405,0,1470074299669,0.0420154389881,6,28,905607,0.125999813988
0.0517113095238,0.0668480282738,0,1470074299669,0.0590355282738,7,28,907620,0.187406994048
0.0366675967262,0.0514322916667,1,1470074299669,0.0438523065476,0,28,910158,0.138485863095
0.0375744047619,0.0492466517857,1,1470074299669,0.0471772693452,1,28,912180,0.146205357143
0.0503394717262,0.065197172619,1,1470074299721,0.065197172619,2,28,914273,0.204543340774
0.02783203125,0.0400158110119,1,1470074299721,0.0385509672619,3,28,916280,0.112769717262
0.0380626860119,0.0480608258929,0,1470074299772,0.0452938988095,0,28,993638,0.139299665179
0.0481538318452,0.0709867931548,0,1470074299772,0.0626860119048,1,28,995730,0.190452938988
0.03857421875,0.0535481770833,0,1470074299772,0.0494094122024,2,28,997761,0.1552734375
0.0343424479167,0.0482933407738,0,1470074299772,0.0405040922619,3,28,999766,0.130278087798
0.0447358630952,0.0633370535714,0,1470074299772,0.0545479910714,4,29,1767,0.17101469494
0.0563616071429,0.0777994791667,0,1470074299772,0.0681501116071,5,29,3780,0.208821614583
0.0349469866071,0.0491536458333,0,1470074299772,0.0418759300595,6,29,5814,0.125348772321
0.0518275669643,0.0669642857143,0,1470074299772,0.0591285342262,7,29,7814,0.187779017857
0.0365745907738,0.0513392857143,1,1470074299772,0.0438290550595,0,29,10250,0.138323102679
0.0375511532738,0.0492234002976,1,1470074299772,0.047130766369,1,29,12227,0.146065848214
0.0496884300595,0.0640578497024,1,1470074299772,0.0642903645833,2,29,14334,0.202427455357
0.028064546131,0.0399925595238,1,1470074299822,0.0388532366071,3,29,16348,0.114676339286
0.0380859375,0.048084077381,0,1470074299875,0.0452241443452,0,29,93721,0.139392671131
0.048107328869,0.0709170386905,0,1470074299875,0.0626395089286,1,29,95852,0.19031343006
0.0385509672619,0.0535016741071,0,1470074299875,0.0493629092262,2,29,97873,0.155087425595
0.0345052083333,0.0484561011905,0,1470074299875,0.0405970982143,3,29,99842,0.130510602679
0.0447591145833,0.0633370535714,0,1470074299875,0.0545944940476,4,29,101834,0.171037946429
0.0563151041667,0.0777529761905,0,1470074299875,0.068103608631,5,29,103852,0.208635602679
0.0349469866071,0.0491536458333,0,1470074299875,0.0418526785714,6,29,106141,0.125186011905
0.0519205729167,0.0670805431548,0,1470074299875,0.0591982886905,7,29,108172,0.188127790179
0.0365978422619,0.0513625372024,1,1470074299875,0.0438755580357,0,29,110692,0.138439360119
0.0375511532738,0.0492234002976,1,1470074299875,0.047130766369,1,29,112716,0.146019345238
0.0492466517857,0.0635695684524,1,1470074299875,0.0637555803571,2,29,114744,0.200846354167
0.0280412946429,0.0398297991071,1,1470074299875,0.0388764880952,3,29,116820,0.115025111607
0.0380859375,0.048084077381,0,1470074299948,0.0452473958333,0,29,193914,0.139346168155
0.048107328869,0.0709170386905,0,1470074300001,0.0626162574405,1,29,196060,0.190243675595
0.03857421875,0.0535016741071,0,1470074300001,0.0493861607143,2,29,198111,0.155180431548
0.0342959449405,0.048107328869,0,1470074300001,0.0405970982143,3,29,200183,0.130719866071
0.0448521205357,0.0634765625,0,1470074300001,0.0547107514881,4,29,202204,0.171316964286
0.0563151041667,0.0777762276786,0,1470074300001,0.068103608631,5,29,204300,0.208682105655
0.0349469866071,0.0492001488095,0,1470074300001,0.0418991815476,6,29,206336,0.125325520833
0.0519438244048,0.067150297619,0,1470074300001,0.0592680431548,7,29,208366,0.188337053571
0.0365745907738,0.0513392857143,1,1470074300001,0.0438755580357,0,29,210853,0.138509114583
0.0375279017857,0.0492234002976,1,1470074300001,0.047130766369,1,29,212960,0.146065848214
0.0492699032738,0.063732328869,1,1470074300001,0.0637555803571,2,29,214973,0.200613839286
0.0280412946429,0.0396670386905,1,1470074300001,0.0389927455357,3,29,216975,0.115443638393
0.0380626860119,0.0480375744048,0,1470074300052,0.0452241443452,0,29,294221,0.139206659226
0.048107328869,0.0709402901786,0,1470074300052,0.0626162574405,1,29,296302,0.190266927083
0.0385974702381,0.0535249255952,0,1470074300103,0.0493861607143,2,29,298304,0.155250186012
0.0345284598214,0.0484793526786,0,1470074300103,0.0407133556548,3,29,300300,0.131487165179
0.0448753720238,0.0635463169643,0,1470074300103,0.0547572544643,4,29,302295,0.171409970238
0.056384858631,0.077869233631,0,1470074300103,0.0681966145833,5,29,304339,0.209007626488
0.034923735119,0.0491536458333,0,1470074300103,0.0419456845238,6,29,306360,0.12548828125
0.0519670758929,0.067150297619,0,1470074300103,0.0592912946429,7,29,308361,0.18836030506
0.03662109375,0.0513160342262,1,1470074300103,0.0438755580357,0,29,310839,0.138602120536
0.0375279017857,0.0492234002976,1,1470074300103,0.047130766369,1,29,312862,0.14611235119
0.0494094122024,0.0640811011905,1,1470074300103,0.06396484375,2,29,314884,0.200962611607
0.0279947916667,0.0395740327381,1,1470074300103,0.0390392485119,3,29,316961,0.115745907738
0.0380626860119,0.0480143229167,0,1470074300153,0.0451311383929,0,29,394344,0.139253162202
0.048084077381,0.0709402901786,0,1470074300153,0.0626162574405,1,29,396407,0.190220424107
0.03857421875,0.053478422619,0,1470074300203,0.0493629092262,2,29,398422,0.155133928571
0.0344819568452,0.0483863467262,0,1470074300203,0.0406668526786,3,29,400444,0.131277901786
0.0449683779762,0.0636393229167,0,1470074300203,0.0548735119048,4,29,402449,0.171595982143
0.056408110119,0.0779157366071,0,1470074300203,0.0682198660714,5,29,404497,0.20910063244
0.0349469866071,0.0492001488095,0,1470074300203,0.0419921875,6,29,406577,0.125627790179
0.051990327381,0.067150297619,0,1470074300203,0.0592912946429,7,29,408592,0.188383556548
0.0366675967262,0.0514090401786,1,1470074300203,0.0439453125,0,29,411079,0.138881138393
0.0375279017857,0.0492001488095,1,1470074300203,0.047130766369,1,29,413135,0.14611235119
0.0495256696429,0.0643833705357,1,1470074300203,0.0640811011905,2,29,415162,0.201125372024
0.0279482886905,0.0394810267857,1,1470074300203,0.0390625,3,29,417168,0.116001674107
0.0381091889881,0.0480608258929,0,1470074300253,0.045154389881,0,29,494507,0.139415922619
0.048084077381,0.0709170386905,0,1470074300253,0.0626162574405,1,29,496559,0.190150669643
0.0385509672619,0.053478422619,0,1470074300305,0.0493629092262,2,29,498564,0.155087425595
0.0344587053571,0.04833984375,0,1470074300305,0.0406668526786,3,29,500559,0.131324404762
0.0450148809524,0.0636858258929,0,1470074300305,0.054920014881,4,29,502643,0.171688988095
0.056408110119,0.077869233631,0,1470074300305,0.0682198660714,5,29,504687,0.209030877976
0.0349469866071,0.0492001488095,0,1470074300305,0.0420619419643,6,29,506690,0.12586030506
0.0519670758929,0.067150297619,0,1470074300305,0.0592680431548,7,29,508702,0.18836030506
0.0366908482143,0.0514090401786,1,1470074300305,0.0439918154762,0,29,511283,0.139090401786
0.0375279017857,0.0492001488095,1,1470074300305,0.047130766369,1,29,513297,0.146135602679
0.0495954241071,0.0646158854167,1,1470074300305,0.0641741071429,2,29,515303,0.20128813244
0.0279715401786,0.0394810267857,1,1470074300305,0.0391322544643,3,29,517297,0.116443452381
0.0381091889881,0.0480608258929,0,1470074300357,0.045154389881,0,29,594682,0.139392671131
0.0480608258929,0.0708937872024,0,1470074300357,0.0625930059524,1,29,596819,0.190104166667
0.0385509672619,0.053478422619,0,1470074300357,0.0493629092262,2,29,598846,0.155087425595
0.0344587053571,0.0483165922619,0,1470074300357,0.0406668526786,3,29,600866,0.131301153274
0.0449916294643,0.0636393229167,0,1470074300407,0.0548735119048,4,29,602871,0.171595982143
0.056384858631,0.077892485119,0,1470074300407,0.0682198660714,5,29,604994,0.209030877976
0.034923735119,0.0491768973214,0,1470074300407,0.0420619419643,6,29,607030,0.125953311012
0.0519670758929,0.067127046131,0,1470074300407,0.0592447916667,7,29,609033,0.18836030506
0.0366908482143,0.0514090401786,1,1470074300407,0.0440150669643,0,29,611503,0.139113653274
0.0375279017857,0.0492001488095,1,1470074300407,0.0471540178571,1,29,613538,0.146158854167
0.0495954241071,0.064685639881,1,1470074300407,0.0641508556548,2,29,615569,0.201171875
0.0279715401786,0.0394810267857,1,1470074300407,0.0391322544643,3,29,617578,0.116443452381
0.0381091889881,0.0480608258929,0,1470074300457,0.045154389881,0,29,694909,0.139346168155
0.0480608258929,0.0709170386905,0,1470074300457,0.0626162574405,1,29,696967,0.190150669643
0.0385277157738,0.053478422619,0,1470074300457,0.0493629092262,2,29,698976,0.155040922619
0.034435453869,0.0483165922619,0,1470074300457,0.0406436011905,3,29,701060,0.131208147321
0.0449916294643,0.0636393229167,0,1470074300508,0.0548735119048,4,29,703067,0.171595982143
0.0564313616071,0.0779157366071,0,1470074300508,0.0682431175595,5,29,705110,0.209147135417
0.034923735119,0.0491536458333,0,1470074300508,0.0420619419643,6,29,707125,0.125999813988
0.0519670758929,0.067127046131,0,1470074300508,0.0592447916667,7,29,709177,0.18836030506
0.0366675967262,0.0514090401786,1,1470074300508,0.0440150669643,0,29,711654,0.139067150298
0.0375511532738,0.0492001488095,1,1470074300508,0.0471540178571,1,29,713695,0.146158854167
0.0495954241071,0.0647553943452,1,1470074300508,0.0641741071429,2,29,715724,0.201102120536
0.0279715401786,0.0394577752976,1,1470074300508,0.0391787574405,3,29,717741,0.116722470238
0.0381324404762,0.048084077381,0,1470074300558,0.045177641369,0,29,795073,0.139369419643
0.0480608258929,0.0708937872024,0,1470074300558,0.0625697544643,1,29,797181,0.190080915179
0.0385509672619,0.053478422619,0,1470074300558,0.0493396577381,2,29,799187,0.155064174107
0.034435453869,0.0482933407738,0,1470074300558,0.0406436011905,3,29,801190,0.131208147321
0.0449916294643,0.0636625744048,0,1470074300610,0.0548735119048,4,29,803192,0.171665736607
0.056408110119,0.077892485119,0,1470074300610,0.0682198660714,5,29,805257,0.209077380952
0.034923735119,0.0491536458333,0,1470074300610,0.0420851934524,6,29,807280,0.12609281994
0.0519670758929,0.067150297619,0,1470074300610,0.0592680431548,7,29,809284,0.188383556548
0.0366908482143,0.0514090401786,1,1470074300610,0.0440150669643,0,29,811756,0.13904389881
0.0375279017857,0.0492001488095,1,1470074300610,0.047130766369,1,29,813797,0.146135602679
0.049572172619,0.0647321428571,1,1470074300610,0.0641276041667,2,29,815897,0.20105561756
0.0279715401786,0.0394577752976,1,1470074300610,0.0392020089286,3,29,817900,0.116861979167
0.0381324404762,0.0480608258929,0,1470074300661,0.0452008928571,0,29,895250,0.139322916667
0.048084077381,0.0709170386905,0,1470074300661,0.0625930059524,1,29,897283,0.190150669643
0.0385277157738,0.053478422619,0,1470074300661,0.0493396577381,2,29,899288,0.155040922619
0.034435453869,0.0482933407738,0,1470074300661,0.0406203497024,3,29,901305,0.131138392857
0.0449683779762,0.0636393229167,0,1470074300661,0.0548270089286,4,29,903317,0.171595982143
0.056384858631,0.077869233631,0,1470074300661,0.0681733630952,5,29,905369,0.208961123512
0.034923735119,0.0491768973214,0,1470074300712,0.0420851934524,6,29,907397,0.126046316964
0.0519670758929,0.067150297619,0,1470074300712,0.0592680431548,7,29,909427,0.18836030506
0.0366908482143,0.0514090401786,1,1470074300712,0.0440150669643,0,29,911915,0.139020647321
0.0375046502976,0.0491768973214,1,1470074300712,0.047107514881,1,29,913940,0.146065848214
0.049572172619,0.0647321428571,1,1470074300712,0.0641276041667,2,29,916014,0.20105561756
0.0279715401786,0.0394345238095,1,1470074300712,0.0392252604167,3,29,918021,0.116722470238
0.0380859375,0.048084077381,0,1470074300763,0.045177641369,0,29,995505,0.139136904762
0.0480608258929,0.0708705357143,0,1470074300763,0.0625930059524,1,29,997582,0.19005766369
0.0385509672619,0.053455171131,0,1470074300763,0.0493396577381,2,29,999590,0.155017671131
0.034435453869,0.0482933407738,0,1470074300763,0.0406203497024,3,30,1574,0.13123139881
0.0449451264881,0.0635928199405,0,1470074300763,0.0548037574405,4,30,3579,0.17150297619
0.056408110119,0.077892485119,0,1470074300763,0.0681966145833,5,30,5640,0.209077380952
0.034900483631,0.0491303943452,0,1470074300813,0.0419921875,6,30,7638,0.125790550595
0.0519438244048,0.067150297619,0,1470074300813,0.0592447916667,7,30,9628,0.18836030506
0.0366675967262,0.0514090401786,1,1470074300813,0.0440150669643,0,30,12055,0.138997395833
0.0374813988095,0.0491768973214,1,1470074300813,0.0470842633929,1,30,14147,0.14599609375
0.0494326636905,0.0644996279762,1,1470074300813,0.0639183407738,2,30,16171,0.20056733631
0.0279715401786,0.0394345238095,1,1470074300813,0.0392252604167,3,30,18168,0.116443452381
0.0380394345238,0.0480143229167,0,1470074300865,0.0450846354167,0,30,95638,0.138927641369
0.0480375744048,0.0708705357143,0,1470074300865,0.0625697544643,1,30,97672,0.190011160714
0.0385277157738,0.053455171131,0,1470074300865,0.04931640625,2,30,99647,0.154971168155
0.034435453869,0.0482700892857,0,1470074300865,0.0406668526786,3,30,101629,0.131324404762
0.0449683779762,0.0636393229167,0,1470074300865,0.0548502604167,4,30,103621,0.171572730655
0.0564313616071,0.077892485119,0,1470074300865,0.0682198660714,5,30,105714,0.209123883929
0.0348539806548,0.0491071428571,0,1470074300865,0.0419224330357,6,30,107740,0.125511532738
0.0519670758929,0.067127046131,0,1470074300915,0.0592447916667,7,30,109762,0.18836030506
0.0366443452381,0.0513392857143,1,1470074300915,0.0439918154762,0,30,112247,0.138927641369
0.0374813988095,0.0491768973214,1,1470074300915,0.0470842633929,1,30,114338,0.145926339286
0.0491768973214,0.0641508556548,1,1470074300915,0.0636160714286,2,30,116352,0.199869791667
0.0280180431548,0.0395042782738,1,1470074300915,0.0393647693452,3,30,118386,0.116722470238
0.0380394345238,0.0479910714286,0,1470074300965,0.0449451264881,0,30,195835,0.138834635417
0.0480143229167,0.0708472842262,0,1470074300965,0.0625465029762,1,30,197906,0.189871651786
0.0385277157738,0.053455171131,0,1470074300965,0.04931640625,2,30,199909,0.154947916667
0.0344587053571,0.04833984375,0,1470074300965,0.0407366071429,3,30,201906,0.131580171131
0.0450148809524,0.063709077381,0,1470074300965,0.054920014881,4,30,203906,0.171642485119
0.0564313616071,0.0779389880952,0,1470074300966,0.0682431175595,5,30,206037,0.209240141369
0.0348539806548,0.0491536458333,0,1470074300966,0.0418991815476,6,30,208066,0.125511532738
