blue,green,groupId,received,red,sensorId,time1,time2,white
0.018322172619,0.0219029017857,1,1469806624371,0.0217633928571,2,10,60225,0.0770089285714
0.021740141369,0.0317150297619,1,1469806624371,0.0298549107143,3,10,62253,0.0913783482143
0.0265764508929,0.0338541666667,0,1469806624371,0.0287155877976,0,10,139555,0.0954938616071
0.0372256324405,0.0562686011905,0,1469806624371,0.0513625372024,1,10,141616,0.149832589286
0.0255301339286,0.035412016369,0,1469806624371,0.0335984002976,2,10,143642,0.108258928571
0.0267392113095,0.0371791294643,0,1469806624371,0.0292503720238,3,10,145676,0.099841889881
0.0358305431548,0.0521065848214,0,1469806624371,0.046619233631,4,10,147714,0.143298921131
0.0260416666667,0.0372023809524,0,1469806624371,0.0333193824405,5,10,149763,0.0987723214286
0.0252046130952,0.0358537946429,0,1469806624371,0.0298084077381,6,10,151779,0.095447358631
0.0366908482143,0.04833984375,0,1469806624371,0.0433407738095,7,10,153801,0.137021019345
0.027111235119,0.0407366071429,1,1469806624371,0.0336449032738,0,10,156361,0.103492373512
0.0261579241071,0.0357840401786,1,1469806624371,0.0352027529762,1,10,158389,0.10302734375
0.018298921131,0.0218563988095,1,1469806624371,0.021740141369,2,10,160414,0.0769391741071
0.0216703869048,0.0315987723214,1,1469806624372,0.0297154017857,3,10,162439,0.0911690848214
0.026599702381,0.0338309151786,0,1469806624372,0.0287155877976,0,10,239719,0.0955171130952
0.0371791294643,0.0562220982143,0,1469806624476,0.0513392857143,1,10,241764,0.149762834821
0.0255301339286,0.035388764881,0,1469806624476,0.0335984002976,2,10,243803,0.108258928571
0.0267392113095,0.037109375,0,1469806624476,0.0292503720238,3,10,245924,0.099841889881
0.0358305431548,0.0520833333333,0,1469806624476,0.046619233631,4,10,247962,0.143275669643
0.0260184151786,0.0372023809524,0,1469806624476,0.0333193824405,5,10,249998,0.0987955729167
0.0252046130952,0.035900297619,0,1469806624476,0.0298549107143,6,10,252076,0.095447358631
0.0366675967262,0.04833984375,0,1469806624476,0.0433407738095,7,10,254170,0.136997767857
0.027111235119,0.0406901041667,1,1469806624476,0.0336449032738,0,10,256611,0.103445870536
0.026134672619,0.0357840401786,1,1469806624476,0.0351795014881,1,10,258651,0.102934337798
0.018298921131,0.0218563988095,1,1469806624476,0.0217633928571,2,10,260697,0.0769856770833
0.0216006324405,0.031505766369,1,1469806624476,0.029552641369,3,10,262700,0.0908435639881
0.026599702381,0.0338309151786,0,1469806624476,0.0287155877976,0,10,339892,0.0954938616071
0.0371791294643,0.0561988467262,0,1469806624476,0.0513160342262,1,10,341924,0.149716331845
0.0255301339286,0.035388764881,0,1469806624476,0.0335984002976,2,10,343922,0.108235677083
0.0267392113095,0.0370861235119,0,1469806624477,0.0292503720238,3,10,346211,0.0998883928571
0.0358305431548,0.0521298363095,0,1469806624584,0.046642485119,4,10,348268,0.143322172619
0.0260416666667,0.0372256324405,0,1469806624584,0.0333658854167,5,10,350306,0.0988420758929
0.0252278645833,0.0359468005952,0,1469806624584,0.0298781622024,6,10,352329,0.095470610119
0.0366675967262,0.04833984375,0,1469806624584,0.0433407738095,7,10,354359,0.136997767857
0.027087983631,0.0406668526786,1,1469806624584,0.0336216517857,0,10,356824,0.103352864583
0.0260881696429,0.0357607886905,1,1469806624584,0.03515625,1,10,358849,0.102818080357
0.0183686755952,0.0218796502976,1,1469806624584,0.0218098958333,2,10,360866,0.0771484375
0.0215773809524,0.0314592633929,1,1469806624584,0.0294596354167,3,10,362983,0.0906343005952
0.026599702381,0.0338309151786,0,1469806624585,0.0287155877976,0,10,440056,0.095470610119
0.0372023809524,0.0562220982143,0,1469806624586,0.0513392857143,1,10,442109,0.149739583333
0.0255068824405,0.035388764881,0,1469806624586,0.0335751488095,2,10,444278,0.108212425595
0.0267392113095,0.037109375,0,1469806624586,0.029296875,3,10,447282,0.0999581473214
0.0358537946429,0.0521530877976,0,1469806624586,0.046642485119,4,10,449788,0.143391927083
0.0260649181548,0.0372256324405,0,1469806624586,0.0333658854167,5,10,451854,0.098865327381
0.0252278645833,0.0359468005952,0,1469806624586,0.0298781622024,6,10,453881,0.095470610119
0.0366675967262,0.04833984375,0,1469806624689,0.0433407738095,7,10,455987,0.136997767857
0.027087983631,0.0407366071429,1,1469806624689,0.0336681547619,0,10,458459,0.103376116071
0.0260649181548,0.0357607886905,1,1469806624689,0.03515625,1,10,460555,0.102748325893
0.0184151785714,0.0218796502976,1,1469806624690,0.0218563988095,2,10,462582,0.0772181919643
0.0216006324405,0.031482514881,1,1469806624690,0.0294828869048,3,10,464623,0.0906575520833
0.026622953869,0.0338541666667,0,1469806624691,0.0287155877976,0,10,540269,0.0954938616071
0.0371558779762,0.0561755952381,0,1469806624691,0.0512927827381,1,10,542336,0.149623325893
0.0255068824405,0.0353655133929,0,1469806624693,0.0335751488095,2,10,544379,0.108165922619
0.0267392113095,0.037109375,0,1469806624693,0.029296875,3,10,546404,0.0999348958333
0.0358072916667,0.0521065848214,0,1469806624693,0.046619233631,4,10,548484,0.143275669643
0.0260649181548,0.0372256324405,0,1469806624693,0.0333658854167,5,10,550529,0.098865327381
0.0252278645833,0.0359700520833,0,1469806624693,0.0299014136905,6,10,552559,0.0954938616071
0.0366675967262,0.04833984375,0,1469806624693,0.0433640252976,7,10,554624,0.137021019345
0.0271344866071,0.0408296130952,1,1469806624693,0.0337146577381,0,10,557127,0.10339936756
0.0260881696429,0.0357607886905,1,1469806624694,0.03515625,1,10,559165,0.102794828869
0.018322172619,0.0218331473214,1,1469806624694,0.0217866443452,2,10,561185,0.0769391741071
0.0215541294643,0.0314360119048,1,1469806624872,0.0294596354167,3,10,563224,0.0906575520833
0.0266462053571,0.0338774181548,0,1469806624873,0.0287388392857,0,10,640427,0.0955868675595
0.0371791294643,0.0561988467262,0,1469806624873,0.0512927827381,1,10,642474,0.149669828869
0.0255068824405,0.0353655133929,0,1469806624874,0.0335751488095,2,10,644588,0.108165922619
0.0267392113095,0.0371326264881,0,1469806624874,0.0293201264881,3,10,646620,0.0999348958333
0.0358072916667,0.0521065848214,0,1469806624874,0.046619233631,4,10,648638,0.143275669643
0.0260416666667,0.0372023809524,0,1469806624874,0.0333426339286,5,10,650753,0.0988188244048
0.0252278645833,0.0359700520833,0,1469806624874,0.0299014136905,6,10,652795,0.0954938616071
0.0366908482143,0.0483630952381,0,1469806624874,0.0433872767857,7,10,654827,0.137114025298
0.027111235119,0.0408761160714,1,1469806624874,0.0337379092262,0,10,657297,0.103352864583
0.0260881696429,0.0357607886905,1,1469806624874,0.03515625,1,10,659335,0.102864583333
0.0181826636905,0.021716889881,1,1469806624874,0.0216703869048,2,10,661361,0.0765206473214
0.0215308779762,0.0313430059524,1,1469806624874,0.0294363839286,3,10,663385,0.0907040550595
0.0266462053571,0.0339006696429,0,1469806624874,0.0287388392857,0,10,740661,0.0956333705357
0.0371558779762,0.0561755952381,0,1469806624875,0.05126953125,1,10,742721,0.149623325893
0.0255068824405,0.035388764881,0,1469806624983,0.0335751488095,2,10,744757,0.108212425595
0.0267392113095,0.0371558779762,0,1469806624983,0.0293201264881,3,10,747558,0.0999581473214
0.0358072916667,0.0520833333333,0,1469806624983,0.046619233631,4,10,749640,0.143275669643
0.0260416666667,0.0372256324405,0,1469806624983,0.0333658854167,5,10,751672,0.098865327381
0.0252511160714,0.0359933035714,0,1469806624987,0.0299246651786,6,10,753693,0.0954938616071
0.0367140997024,0.0483630952381,0,1469806624987,0.0433872767857,7,10,755726,0.137137276786
0.0271344866071,0.0408993675595,1,1469806624987,0.0337611607143,0,10,758178,0.103329613095
0.0260881696429,0.0357375372024,1,1469806624987,0.03515625,1,10,760198,0.102794828869
0.0180896577381,0.0216471354167,1,1469806624987,0.0216006324405,2,10,762195,0.0762881324405
0.0215308779762,0.0312965029762,1,1469806624987,0.0294131324405,3,10,764328,0.0906808035714
0.0266694568452,0.0339006696429,0,1469806624987,0.0287620907738,0,10,840775,0.0956333705357
0.0371558779762,0.0561755952381,0,1469806624987,0.0512927827381,1,10,842917,0.149646577381
0.0255068824405,0.0353655133929,0,1469806624987,0.0335751488095,2,10,845049,0.108165922619
0.0266694568452,0.0370628720238,0,1469806624987,0.029296875,3,10,847079,0.099865141369
0.0357840401786,0.0520368303571,0,1469806624987,0.0465727306548,4,10,849100,0.143136160714
0.0260649181548,0.0372256324405,0,1469806625085,0.0333658854167,5,10,851143,0.098888578869
0.0252278645833,0.0359933035714,0,1469806625085,0.0299014136905,6,10,853159,0.095447358631
0.0367140997024,0.0483630952381,0,1469806625085,0.0433872767857,7,10,855187,0.13709077381
0.027111235119,0.0408761160714,1,1469806625085,0.0337379092262,0,10,857651,0.103259858631
0.0260416666667,0.0357375372024,1,1469806625085,0.0351097470238,1,10,859690,0.102678571429
0.0181129092262,0.0216471354167,1,1469806625085,0.0216471354167,2,10,861700,0.0763346354167
0.0215308779762,0.0313197544643,1,1469806625086,0.0294131324405,3,10,863730,0.090564546131
0.0266462053571,0.0338774181548,0,1469806625086,0.0287388392857,0,10,940962,0.0956333705357
0.0371558779762,0.05615234375,0,1469806625086,0.05126953125,1,10,943030,0.149553571429
0.0255068824405,0.0353655133929,0,1469806625086,0.0335751488095,2,10,945051,0.108142671131
0.0264136904762,0.0365513392857,0,1469806625086,0.0291108630952,3,10,947113,0.0993071056548
0.0358072916667,0.0520833333333,0,1469806625086,0.0465959821429,4,10,949153,0.143229166667
0.0260416666667,0.0372023809524,0,1469806625086,0.0333193824405,5,10,951183,0.0988420758929
0.0252278645833,0.0359933035714,0,1469806625086,0.0299246651786,6,10,953194,0.0954241071429
0.0366908482143,0.04833984375,0,1469806625086,0.0433640252976,7,10,955234,0.137067522321
0.027087983631,0.0408528645833,1,1469806625199,0.0337379092262,0,10,957710,0.103236607143
0.0259951636905,0.0356910342262,1,1469806625200,0.0350864955357,1,10,959725,0.102446056548
0.0181594122024,0.0216703869048,1,1469806625200,0.021716889881,2,10,961746,0.0764741443452
0.0215773809524,0.0314127604167,1,1469806625200,0.0294363839286,3,10,963785,0.0904250372024
0.0266462053571,0.0338309151786,0,1469806625200,0.0287388392857,0,11,41130,0.0955636160714
0.0371326264881,0.0561290922619,0,1469806625201,0.05126953125,1,11,43198,0.149437313988
0.0254836309524,0.0353422619048,0,1469806625201,0.0335518973214,2,11,45258,0.108049665179
0.0262741815476,0.0360863095238,0,1469806625203,0.0289015997024,3,11,47296,0.0985630580357
0.0357840401786,0.0520368303571,0,1469806625203,0.0465727306548,4,11,49310,0.143136160714
0.0260184151786,0.0372023809524,0,1469806625203,0.0333193824405,5,11,51348,0.0987723214286
0.0252278645833,0.0359933035714,0,1469806625204,0.0299014136905,6,11,53371,0.0954008556548
0.0366675967262,0.0483165922619,0,1469806625204,0.0433407738095,7,11,55466,0.137021019345
0.0270182291667,0.0408063616071,1,1469806625208,0.03369140625,0,11,57943,0.10302734375
0.0259254092262,0.0356677827381,1,1469806625208,0.0350399925595,1,11,60008,0.10216703869
0.018298921131,0.0217633928571,1,1469806625208,0.0218563988095,2,11,62040,0.0767996651786
0.0215773809524,0.031505766369,1,1469806625375,0.0294131324405,3,11,64114,0.0899832589286
0.026622953869,0.0338076636905,0,1469806625375,0.0286923363095,0,11,141316,0.0954938616071
0.0371326264881,0.0561290922619,0,1469806625375,0.05126953125,1,11,143379,0.149437313988
0.0254371279762,0.0352957589286,0,1469806625375,0.0335286458333,2,11,145474,0.107956659226
0.026622953869,0.0369233630952,0,1469806625375,0.0291341145833,3,11,147515,0.0987723214286
0.0357142857143,0.0519438244048,0,1469806625375,0.0465029761905,4,11,149543,0.142926897321
0.0260184151786,0.0371791294643,0,1469806625376,0.0332961309524,5,11,151572,0.0987258184524
0.0252046130952,0.0359933035714,0,1469806625376,0.0299014136905,6,11,153588,0.0953078497024
0.0366443452381,0.0482933407738,0,1469806625376,0.0433175223214,7,11,155632,0.136928013393
0.0267159598214,0.0400390625,1,1469806625376,0.0333193824405,0,11,158109,0.101957775298
0.0258556547619,0.0356212797619,1,1469806625376,0.0349702380952,1,11,160138,0.101864769345
0.0184616815476,0.0218563988095,1,1469806625376,0.0219959077381,2,11,162156,0.0771484375
0.0215308779762,0.031505766369,1,1469806625376,0.0293201264881,3,11,164322,0.0894019717262
0.0266694568452,0.0338541666667,0,1469806625376,0.0287155877976,0,11,241487,0.0956101190476
0.0371326264881,0.0561058407738,0,1469806625376,0.05126953125,1,11,243566,0.149507068452
0.0254371279762,0.0352957589286,0,1469806625480,0.0335053943452,2,11,245624,0.107886904762
0.0269252232143,0.0381556919643,0,1469806625480,0.0294363839286,3,11,247647,0.0992373511905
0.0356910342262,0.0518973214286,0,1469806625480,0.0464797247024,4,11,249680,0.142857142857
0.0259951636905,0.0371326264881,0,1469806625480,0.0332728794643,5,11,251715,0.0986328125
0.0251813616071,0.0360165550595,0,1469806625480,0.0299246651786,6,11,253741,0.0952845982143
0.0366443452381,0.0482933407738,0,1469806625480,0.0433175223214,7,11,255751,0.136928013393
0.0267624627976,0.0403180803571,1,1469806625480,0.0335053943452,0,11,258193,0.102097284226
0.0258091517857,0.0355980282738,1,1469806625480,0.034923735119,1,11,260273,0.101702008929
0.0185081845238,0.0218563988095,1,1469806625480,0.0220191592262,2,11,262273,0.0771251860119
0.0214611235119,0.0314127604167,1,1469806625480,0.0291806175595,3,11,264349,0.0889136904762
0.0267159598214,0.033947172619,0,1469806625480,0.0287620907738,0,11,341644,0.0957961309524
0.0371558779762,0.05615234375,0,1469806625480,0.0512927827381,1,11,343687,0.149669828869
0.0254603794643,0.0353190104167,0,1469806625480,0.0335286458333,2,11,345737,0.10802641369
0.0271809895833,0.0386439732143,0,1469806625480,0.0296456473214,3,11,347791,0.0997488839286
0.03564453125,0.0518043154762,0,1469806625480,0.0464332217262,4,11,349826,0.142740885417
0.0259486607143,0.037109375,0,1469806625587,0.0332496279762,5,11,351865,0.0984933035714
0.0251813616071,0.0360165550595,0,1469806625587,0.0299246651786,6,11,353883,0.0952380952381
0.0366908482143,0.04833984375,0,1469806625587,0.0433407738095,7,11,356275,0.137044270833
0.0269717261905,0.0408761160714,1,1469806625587,0.0338309151786,0,11,358789,0.102818080357
0.0258091517857,0.0356212797619,1,1469806625588,0.0349469866071,1,11,360832,0.101748511905
0.0183686755952,0.0217633928571,1,1469806625588,0.0219029017857,2,11,362926,0.0767531622024
0.0214611235119,0.0314127604167,1,1469806625588,0.0291806175595,3,11,364985,0.0889136904762
0.0267392113095,0.0340401785714,0,1469806625588,0.02880859375,0,11,441845,0.095958891369
0.0371558779762,0.0561755952381,0,1469806625588,0.0512927827381,1,11,443942,0.149693080357
0.0254836309524,0.0353422619048,0,1469806625588,0.0335286458333,2,11,446051,0.108165922619
0.0274832589286,0.0391322544643,0,1469806625588,0.0298781622024,3,11,448074,0.100423177083
0.0356212797619,0.0517810639881,0,1469806625588,0.0464099702381,4,11,451018,0.142717633929
0.0259486607143,0.0371326264881,0,1469806625588,0.0332728794643,5,11,453306,0.0985630580357
0.0251813616071,0.0360630580357,0,1469806625588,0.0299711681548,6,11,455333,0.0952380952381
0.0367140997024,0.0483863467262,0,1469806625588,0.0433872767857,7,11,457344,0.13720703125
0.0271809895833,0.041271391369,1,1469806625693,0.0341099330357,0,11,459837,0.103469122024
0.0258556547619,0.0356677827381,1,1469806625693,0.0349934895833,1,11,461867,0.101911272321
0.0181361607143,0.0215541294643,1,1469806625693,0.021716889881,2,11,463893,0.0761021205357
0.0213448660714,0.0312034970238,1,1469806625693,0.029041108631,3,11,466015,0.0884719122024
0.0267624627976,0.0341099330357,0,1469806625693,0.0288550967262,0,11,542023,0.0961216517857
0.0371558779762,0.0561290922619,0,1469806625693,0.0512230282738,1,11,544170,0.14953031994
0.0255068824405,0.0353655133929,0,1469806625693,0.0335053943452,2,11,546206,0.108258928571
0.0276925223214,0.0394577752976,0,1469806625693,0.030017671131,3,11,548328,0.10095796131
0.03564453125,0.0517810639881,0,1469806625693,0.0464332217262,4,11,550358,0.142787388393
0.0259719122024,0.0371558779762,0,1469806625694,0.0332961309524,5,11,552393,0.0986560639881
0.0251813616071,0.0360630580357,0,1469806625694,0.0299479166667,6,11,554424,0.0951450892857
0.0367140997024,0.0483863467262,0,1469806625694,0.0433872767857,7,11,556455,0.13720703125
0.0272507440476,0.0413876488095,1,1469806625694,0.0342029389881,0,11,558927,0.103655133929
0.0259254092262,0.0356910342262,1,1469806625694,0.0350399925595,1,11,560955,0.102190290179
0.017833891369,0.0213216145833,1,1469806625694,0.0214378720238,2,11,563054,0.0752418154762
0.021251860119,0.031017485119,1,1469806625874,0.0289248511905,3,11,565105,0.0882393973214
0.0267624627976,0.0341099330357,0,1469806625874,0.0288783482143,0,11,642214,0.0963309151786
0.0371326264881,0.0561058407738,0,1469806625875,0.0511532738095,1,11,644363,0.149344308036
0.0255301339286,0.035388764881,0,1469806625875,0.0335286458333,2,11,646386,0.10828218006
0.0277855282738,0.0395275297619,0,1469806625875,0.030040922619,3,11,648401,0.101260230655
0.03564453125,0.0517810639881,0,1469806625876,0.0464332217262,4,11,650425,0.142764136905
0.0259719122024,0.0371326264881,0,1469806625876,0.0332728794643,5,11,652473,0.0986095610119
0.0251813616071,0.0360398065476,0,1469806625876,0.0299014136905,6,11,654505,0.0950985863095
0.0367838541667,0.0484561011905,0,1469806625876,0.0434337797619,7,11,656512,0.137393043155
0.0273204985119,0.0414341517857,1,1469806625876,0.0342261904762,0,11,659068,0.103794642857
0.0260416666667,0.0357840401786,1,1469806625877,0.0351329985119,1,11,661126,0.102632068452
0.017833891369,0.0213216145833,1,1469806625877,0.0214378720238,2,11,663141,0.0752418154762
0.0212751116071,0.0309244791667,1,1469806625877,0.0289015997024,3,11,665182,0.0882626488095
0.0267392113095,0.0340401785714,0,1469806625877,0.0288783482143,0,11,742379,0.096447172619
0.0370628720238,0.0560128348214,0,1469806625877,0.0510835193452,1,11,744448,0.148995535714
0.0255766369048,0.0354352678571,0,1469806625981,0.0335751488095,2,11,746482,0.108421688988
0.0274367559524,0.0387137276786,0,1469806625981,0.0296921502976,3,11,748529,0.100748697917
0.03564453125,0.0517810639881,0,1469806625981,0.0464332217262,4,11,750557,0.142764136905
0.0259951636905,0.0371791294643,0,1469806625981,0.0333193824405,5,11,752594,0.0987025669643
0.025158110119,0.0359933035714,0,1469806625981,0.0298781622024,6,11,754615,0.0950520833333
0.0368303571429,0.0485026041667,0,1469806625981,0.0434802827381,7,11,756661,0.137602306548
0.0272972470238,0.0413876488095,1,1469806625981,0.0342494419643,0,11,759101,0.103794642857
0.026111421131,0.0357607886905,1,1469806625981,0.0351795014881,1,11,761101,0.102957589286
0.0175316220238,0.0210890997024,1,1469806625981,0.0211588541667,2,11,763140,0.0744280133929
0.0214146205357,0.0311104910714,1,1469806625981,0.0290876116071,3,11,765166,0.0889369419643
0.0266927083333,0.033923921131,0,1469806625981,0.0288550967262,0,11,842550,0.096423921131
0.0370163690476,0.0559895833333,0,1469806625981,0.0510602678571,1,11,844674,0.148739769345
0.0255766369048,0.0354585193452,0,1469806625981,0.0335751488095,2,11,846714,0.108351934524
0.0272739955357,0.0381789434524,0,1469806625981,0.0294596354167,3,11,848742,0.100678943452
0.0356910342262,0.0518508184524,0,1469806625981,0.0464797247024,4,11,850803,0.142903645833
0.0260416666667,0.0372256324405,0,1469806626087,0.0333426339286,5,11,852888,0.0988188244048
0.025158110119,0.0359933035714,0,1469806626087,0.0298781622024,6,11,854922,0.0950520833333
0.036853608631,0.0485258556548,0,1469806626087,0.0435267857143,7,11,856937,0.137672061012
0.0272972470238,0.0413876488095,1,1469806626087,0.0342494419643,0,11,859423,0.10388764881
0.0262276785714,0.0356910342262,1,1469806626087,0.0352027529762,1,11,861454,0.103562127976
0.017322358631,0.0209495907738,1,1469806626087,0.0209728422619,2,11,863482,0.0739397321429
0.0218331473214,0.0316220238095,1,1469806626087,0.0296456473214,3,11,865521,0.0905180431548
0.0266462053571,0.0338541666667,0,1469806626087,0.0288550967262,0,11,942745,0.096447172619
0.0369001116071,0.0558500744048,0,1469806626087,0.0509207589286,1,11,944832,0.148367745536
0.0255766369048,0.035412016369,0,1469806626087,0.0335286458333,2,11,946951,0.108189174107
0.02734375,0.0381091889881,0,1469806626087,0.0294363839286,3,11,948986,0.100864955357
0.0357607886905,0.0519670758929,0,1469806626087,0.0465727306548,4,11,951005,0.143112909226
0.0260649181548,0.0372488839286,0,1469806626087,0.0333426339286,5,11,953032,0.098865327381
0.0251813616071,0.0359700520833,0,1469806626088,0.0298084077381,6,11,955131,0.0950985863095
0.036853608631,0.048572358631,0,1469806626088,0.0435500372024,7,11,957150,0.137718563988
0.0272042410714,0.0411783854167,1,1469806626196,0.0341564360119,0,11,959605,0.103724888393
0.0263904389881,0.0356677827381,1,1469806626196,0.0352492559524,1,11,961642,0.104585193452
0.01708984375,0.0208565848214,1,1469806626196,0.0208333333333,2,11,963678,0.073474702381
0.0220656622024,0.0318777901786,1,1469806626196,0.0302501860119,3,11,965727,0.0922619047619
0.026622953869,0.0337844122024,0,1469806626196,0.0288550967262,0,12,42989,0.0965634300595
0.036853608631,0.0557105654762,0,1469806626196,0.0508045014881,1,12,45091,0.148135230655
0.0255533854167,0.035388764881,0,1469806626196,0.0335053943452,2,12,47130,0.10802641369
0.0272042410714,0.0379464285714,0,1469806626196,0.0293898809524,3,12,49142,0.1005859375
0.0357840401786,0.0520368303571,0,1469806626197,0.0465959821429,4,12,51204,0.143205915179
0.0260416666667,0.0372488839286,0,1469806626197,0.0333426339286,5,12,53243,0.0988420758929
0.0252046130952,0.0359468005952,0,1469806626197,0.0297386532738,6,12,55273,0.0951218377976
0.036876860119,0.048572358631,0,1469806626197,0.0436197916667,7,12,57281,0.137834821429
0.0271809895833,0.0410388764881,1,1469806626197,0.0341796875,0,12,59775,0.103841145833
0.0265066964286,0.0356212797619,1,1469806626197,0.0352027529762,1,12,61815,0.10546875
0.016834077381,0.020740327381,1,1469806626197,0.0206240699405,2,12,63846,0.0722888764881
0.0221819196429,0.0321335565476,1,1469806626197,0.0312732514881,3,12,65955,0.0944010416667
0.0265764508929,0.0337146577381,0,1469806626376,0.0288318452381,0,12,143092,0.0965169270833
0.0368071056548,0.0556408110119,0,1469806626376,0.05078125,1,12,145167,0.148135230655
0.0255533854167,0.0353655133929,0,1469806626376,0.0334821428571,2,12,147247,0.107956659226
0.0270182291667,0.0376906622024,0,1469806626377,0.0293433779762,3,12,149272,0.100120907738
0.0358305431548,0.0521530877976,0,1469806626377,0.0467122395833,4,12,151292,0.143415178571
0.0260649181548,0.0372721354167,0,1469806626377,0.0333891369048,5,12,153319,0.098865327381
0.0252278645833,0.035877046131,0,1469806626377,0.0296456473214,6,12,155357,0.0951218377976
0.036876860119,0.048595610119,0,1469806626377,0.0436430431548,7,12,157372,0.137858072917
0.0271344866071,0.0409226190476,1,1469806626377,0.0342494419643,0,12,159848,0.104143415179
0.026599702381,0.0356677827381,1,1469806626377,0.0352260044643,1,12,161874,0.106259300595
0.0166015625,0.0207170758929,1,1469806626377,0.0203450520833,2,12,163911,0.0706147693452
0.0223446800595,0.0323195684524,1,1469806626377,0.0327613467262,3,12,166030,0.0971214657738
0.0264834449405,0.0336216517857,0,1469806626377,0.02880859375,0,12,243306,0.0963309151786
0.0369001116071,0.0557570684524,0,1469806626377,0.0509207589286,1,12,245443,0.148530505952
0.0255068824405,0.0353190104167,0,1469806626377,0.033435639881,2,12,247476,0.107770647321
0.0270414806548,0.0377604166667,0,1469806626483,0.0294131324405,3,12,249502,0.10021391369
0.035900297619,0.0522228422619,0,1469806626483,0.0467819940476,4,12,251546,0.143647693452
0.0260649181548,0.0372953869048,0,1469806626483,0.0333891369048,5,12,253586,0.098888578869
0.0252046130952,0.0357607886905,0,1469806626483,0.029529389881,6,12,255608,0.0950753348214
0.0368303571429,0.0485258556548,0,1469806626483,0.0436197916667,7,12,257594,0.137741815476
0.027087983631,0.0408063616071,1,1469806626483,0.0343424479167,0,12,260058,0.104468936012
0.0267159598214,0.0358072916667,1,1469806626483,0.0353655133929,1,12,262077,0.107189360119
0.0164388020833,0.020763578869,1,1469806626483,0.0200892857143,2,12,264161,0.0688709077381
0.0223214285714,0.0323428199405,1,1469806626483,0.0332961309524,3,12,266199,0.0980747767857
0.0264369419643,0.0336449032738,0,1469806626483,0.0287853422619,0,12,343424,0.0961681547619
0.0369698660714,0.0558500744048,0,1469806626483,0.051013764881,1,12,345720,0.148763020833
0.0254138764881,0.03515625,0,1469806626483,0.0333658854167,2,12,347760,0.107445126488
0.0272042410714,0.0381091889881,0,1469806626484,0.0295991443452,3,12,349773,0.100725446429
0.0358072916667,0.0521298363095,0,1469806626484,0.0467122395833,4,12,351797,0.143461681548
0.0260649181548,0.0372953869048,0,1469806626484,0.0333891369048,5,12,353819,0.098888578869
0.0252046130952,0.03564453125,0,1469806626591,0.0294131324405,6,12,355923,0.094959077381
0.0367838541667,0.0484793526786,0,1469806626591,0.0436197916667,7,12,357948,0.137648809524
0.0270647321429,0.0406901041667,1,1469806626591,0.034412202381,0,12,360428,0.104701450893
0.02685546875,0.0360165550595,1,1469806626591,0.0355282738095,1,12,362458,0.107979910714
0.016345796131,0.0209030877976,1,1469806626592,0.0199497767857,2,12,364513,0.0674758184524
0.0223214285714,0.0321800595238,1,1469806626592,0.0335984002976,3,12,366540,0.0973772321429
0.0262741815476,0.033458891369,0,1469806626592,0.0287155877976,0,12,443616,0.0956566220238
0.0370163690476,0.055919828869,0,1469806626592,0.0510835193452,1,12,445701,0.14892578125
0.025390625,0.0351329985119,0,1469806626592,0.0333658854167,2,12,447720,0.10730561756
0.0272972470238,0.0384579613095,0,1469806626592,0.0297619047619,3,12,449724,0.101050967262
0.0357142857143,0.0519670758929,0,1469806626592,0.0465959821429,4,12,451763,0.143136160714
0.0260649181548,0.0372721354167,0,1469806626592,0.0333891369048,5,12,454678,0.098865327381
0.025134858631,0.0354817708333,0,1469806626592,0.0292736235119,6,12,456730,0.0947963169643
0.0366675967262,0.04833984375,0,1469806626592,0.0435965401786,7,12,458741,0.13732328869
0.0269949776786,0.0405505952381,1,1469806626592,0.0344587053571,0,12,461314,0.104887462798
0.0269949776786,0.0362490699405,1,1469806626697,0.0356910342262,1,12,463352,0.10851469494
0.016369047619,0.0210658482143,1,1469806626697,0.0199032738095,2,12,465456,0.066662016369
0.0224376860119,0.0322963169643,1,1469806626697,0.0340401785714,3,12,467502,0.0989815848214
0.0259486607143,0.0331566220238,0,1469806626697,0.0290876116071,0,12,543792,0.0954008556548
0.0370396205357,0.0559663318452,0,1469806626697,0.0511300223214,1,12,545959,0.14904203869
0.0254603794643,0.0352492559524,0,1469806626697,0.0334821428571,2,12,548012,0.10753813244
0.0273204985119,0.0387137276786,0,1469806626698,0.0299014136905,3,12,550049,0.101260230655
0.0358072916667,0.0521530877976,0,1469806626698,0.0467122395833,4,12,552079,0.143345424107
0.0260416666667,0.0372488839286,0,1469806626698,0.0333891369048,5,12,554171,0.0988188244048
0.0250651041667,0.0352957589286,0,1469806626698,0.0291573660714,6,12,556209,0.0945638020833
0.0365513392857,0.0481305803571,0,1469806626698,0.0435965401786,7,12,558231,0.137137276786
0.0269252232143,0.0404343377976,1,1469806626698,0.0344819568452,0,12,560715,0.104957217262
0.0273204985119,0.037109375,1,1469806626698,0.0360630580357,1,12,562745,0.109468005952
0.016369047619,0.0211821056548,1,1469806626698,0.0199032738095,2,12,564878,0.0661969866071
0.0225539434524,0.0325055803571,1,1469806626698,0.0343889508929,3,12,566898,0.0997721354167
0.0263439360119,0.0337844122024,0,1469806626877,0.0304361979167,0,12,644050,0.0968424479167
0.0370628720238,0.0559663318452,0,1469806626877,0.0511300223214,1,12,646121,0.149135044643
0.0253673735119,0.03515625,0,1469806626877,0.0333426339286,2,12,648146,0.10730561756
0.0272739955357,0.0386439732143,0,1469806626877,0.0298781622024,3,12,650173,0.10119047619
0.0358537946429,0.0522925967262,0,1469806626877,0.0468284970238,4,12,652214,0.143601190476
0.0259719122024,0.0371326264881,0,1469806626878,0.0332961309524,5,12,654305,0.0985863095238
0.0250186011905,0.03515625,0,1469806626878,0.029064360119,6,12,656330,0.0943777901786
0.0365048363095,0.048084077381,0,1469806626878,0.0435965401786,7,12,658330,0.137114025298
0.0268322172619,0.0403413318452,1,1469806626878,0.0344819568452,0,12,660883,0.104817708333
0.0272972470238,0.037365141369,1,1469806626878,0.036853608631,1,12,662921,0.110305059524
0.0163225446429,0.0211588541667,1,1469806626878,0.0198335193452,2,12,664958,0.0658249627976
0.0227632068452,0.0328776041667,1,1469806626878,0.0347842261905,3,12,667058,0.100934709821
0.0262509300595,0.0336449032738,0,1469806626878,0.0304827008929,0,12,744196,0.0957961309524
0.0370628720238,0.0559663318452,0,1469806626878,0.0511300223214,1,12,746268,0.149135044643
0.0252743675595,0.0350167410714,0,1469806626878,0.0331798735119,2,12,748352,0.106724330357
0.0272042410714,0.0384812127976,0,1469806626984,0.0298316592262,3,12,750372,0.101004464286
0.0359468005952,0.0524321056548,0,1469806626984,0.0469447544643,4,12,752399,0.14392671131
0.0258556547619,0.0369698660714,0,1469806626984,0.0331566220238,5,12,754437,0.0982142857143
0.0249488467262,0.0350399925595,0,1469806626984,0.0289946056548,6,12,756461,0.0942150297619
0.0364583333333,0.048084077381,0,1469806626984,0.0435732886905,7,12,758464,0.136951264881
0.0268089657738,0.040294828869,1,1469806626984,0.0345517113095,0,12,760909,0.10486421131
0.0268322172619,0.0360398065476,1,1469806626984,0.0366908482143,1,12,762952,0.10949125744
0.0163225446429,0.0211356026786,1,1469806626984,0.0198335193452,2,12,765034,0.0660342261905
0.0228329613095,0.0330171130952,1,1469806626984,0.0349469866071,3,12,767066,0.101329985119
0.02587890625,0.033203125,0,1469806626984,0.0302036830357,0,12,844401,0.0956333705357
0.0369931175595,0.055896577381,0,1469806626984,0.0510602678571,1,12,846476,0.14892578125
0.0252976190476,0.0350864955357,0,1469806626984,0.0332961309524,2,12,848501,0.106980096726
0.0271809895833,0.0383882068452,0,1469806626985,0.0298316592262,3,12,850515,0.101027715774
0.0359700520833,0.052478608631,0,1469806626985,0.0470145089286,4,12,852551,0.144066220238
0.0258324032738,0.0369233630952,0,1469806626985,0.0331333705357,5,12,854589,0.0981212797619
0.02490234375,0.0349702380952,0,1469806627092,0.0290178571429,6,12,856604,0.0941917782738
0.0364815848214,0.048107328869,0,1469806627092,0.0435732886905,7,12,858618,0.136904761905
0.0267624627976,0.0402250744048,1,1469806627092,0.0345284598214,0,12,861103,0.104701450893
0.0264601934524,0.0355747767857,1,1469806627092,0.0357142857143,1,12,863141,0.107840401786
0.016345796131,0.0211123511905,1,1469806627092,0.0199497767857,2,12,865180,0.0667782738095
0.0228097098214,0.0330636160714,1,1469806627092,0.034900483631,3,12,867282,0.100981212798
0.0259021577381,0.0332728794643,0,1469806627092,0.0301571800595,0,12,944516,0.0964006696429
0.0369931175595,0.0558733258929,0,1469806627092,0.0510602678571,1,12,946579,0.14892578125
0.0253208705357,0.0351329985119,0,1469806627092,0.0333426339286,2,12,948617,0.107096354167
0.027111235119,0.0382952008929,0,1469806627092,0.0298084077381,3,12,950648,0.100888206845
0.0359468005952,0.052501860119,0,1469806627092,0.0470145089286,4,12,952672,0.144066220238
0.0258556547619,0.0369466145833,0,1469806627092,0.0331333705357,5,12,954708,0.0981910342262
0.0248093377976,0.034900483631,0,1469806627092,0.029041108631,6,12,956776,0.0940755208333
0.0365745907738,0.0482700892857,0,1469806627092,0.0435500372024,7,12,958794,0.137067522321
0.0267624627976,0.0402483258929,1,1469806627092,0.0345749627976,0,12,961276,0.104678199405
0.0268089657738,0.0360165550595,1,1469806627198,0.0355282738095,1,12,963344,0.108189174107
0.0165318080357,0.0212751116071,1,1469806627198,0.0202985491071,2,12,965443,0.068359375
0.0228562127976,0.0332728794643,1,1469806627198,0.0348772321429,3,12,967467,0.100678943452
0.0263206845238,0.03369140625,0,1469806627198,0.0299711681548,0,13,44692,0.0971214657738
0.0369698660714,0.0558268229167,0,1469806627198,0.051013764881,1,13,46755,0.14880952381
0.0253208705357,0.0351329985119,0,1469806627198,0.0333426339286,2,13,48784,0.107096354167
0.0270647321429,0.0382254464286,0,1469806627198,0.0297619047619,3,13,50806,0.100678943452
0.0359933035714,0.0525251116071,0,1469806627198,0.0470842633929,4,13,52913,0.144182477679
0.0259021577381,0.0369931175595,0,1469806627198,0.0331566220238,5,13,54950,0.0983305431548
0.0247860863095,0.0348539806548,0,1469806627199,0.029041108631,6,13,56949,0.0940290178571
0.0365745907738,0.0482700892857,0,1469806627199,0.0435500372024,7,13,59054,0.137067522321
0.0267392113095,0.040294828869,1,1469806627199,0.0346214657738,0,13,61549,0.104515438988
0.0269252232143,0.0360863095238,1,1469806627199,0.0354817708333,1,13,63576,0.108328683036
0.0167178199405,0.0213448660714,1,1469806627199,0.0206008184524,2,13,65625,0.0700334821429
0.0228562127976,0.0332728794643,1,1469806627199,0.0348772321429,3,13,67665,0.100678943452
0.0262044270833,0.0335751488095,0,1469806627378,0.0299246651786,0,13,144870,0.0965169270833
0.0369931175595,0.0558733258929,0,1469806627378,0.0510602678571,1,13,146957,0.148879278274
0.0253208705357,0.0351329985119,0,1469806627378,0.0333426339286,2,13,149096,0.107142857143
0.0270647321429,0.0382486979167,0,1469806627378,0.0296921502976,3,13,151131,0.100353422619
0.035900297619,0.0523856026786,0,1469806627378,0.0469912574405,4,13,153131,0.143694196429
0.0259486607143,0.0370396205357,0,1469806627378,0.0332263764881,5,13,155253,0.0985165550595
0.0247860863095,0.0348307291667,0,1469806627378,0.0289946056548,6,13,157275,0.0939592633929
0.0366675967262,0.04833984375,0,1469806627378,0.0434802827381,7,13,159291,0.137183779762
0.0266694568452,0.0403878348214,1,1469806627378,0.0345982142857,0,13,161764,0.104096912202
0.0269019717262,0.0360398065476,1,1469806627378,0.0354585193452,1,13,163808,0.108235677083
0.0169038318452,0.0214146205357,1,1469806627378,0.0208798363095,2,13,165927,0.0717075892857
0.0230189732143,0.03369140625,1,1469806627378,0.0350864955357,3,13,167951,0.100911458333
0.0260649181548,0.0332263764881,0,1469806627378,0.029041108631,0,13,245093,0.0947498139881
0.0370163690476,0.0559430803571,0,1469806627378,0.0511067708333,1,13,247152,0.149018787202
0.0253208705357,0.03515625,0,1469806627378,0.0333658854167,2,13,249174,0.107166108631
0.0270647321429,0.038318452381,0,1469806627485,0.0296456473214,3,13,251287,0.10009765625
0.0357375372024,0.0522693452381,0,1469806627486,0.0468517485119,4,13,253312,0.143136160714
0.0259951636905,0.0371558779762,0,1469806627486,0.0333193824405,5,13,255345,0.0987025669643
0.0247628348214,0.0347609747024,0,1469806627486,0.0289015997024,6,13,257338,0.0939127604167
0.0366443452381,0.0483165922619,0,1469806627486,0.0434337797619,7,13,259374,0.137114025298
0.0264369419643,0.0402483258929,1,1469806627486,0.0343656994048,0,13,261839,0.102957589286
0.0269019717262,0.0360165550595,1,1469806627486,0.0354352678571,1,13,263850,0.108119419643
0.017345610119,0.0219959077381,1,1469806627486,0.0213681175595,2,13,265963,0.0740559895833
0.0232282366071,0.0341796875,1,1469806627486,0.035388764881,3,13,268007,0.101306733631
0.0258556547619,0.0328776041667,0,1469806627486,0.0283203125,0,13,345234,0.0937034970238
0.0370861235119,0.0560360863095,0,1469806627486,0.0511997767857,1,13,347353,0.149251302083
0.0252976190476,0.0351329985119,0,1469806627486,0.0333658854167,2,13,349382,0.107142857143
0.0271577380952,0.0384812127976,0,1469806627486,0.0296921502976,3,13,351405,0.100306919643
0.0359700520833,0.052478608631,0,1469806627486,0.0470145089286,4,13,353413,0.144066220238
0.0260649181548,0.0372721354167,0,1469806627486,0.0334123883929,5,13,355520,0.098865327381
0.0247628348214,0.0347377232143,0,1469806627593,0.0289015997024,6,13,357527,0.0939127604167
0.0366443452381,0.0483165922619,0,1469806627593,0.0434337797619,7,13,359543,0.137044270833
0.0263439360119,0.0401785714286,1,1469806627593,0.0341796875,0,13,362016,0.102190290179
0.02685546875,0.0359468005952,1,1469806627593,0.035388764881,1,13,364130,0.107607886905
0.017810639881,0.0223214285714,1,1469806627593,0.0218331473214,2,13,366157,0.0765671502976
0.0232514880952,0.0342494419643,1,1469806627593,0.0351795014881,3,13,368177,0.100678943452
0.0258324032738,0.0327613467262,0,1469806627593,0.0281575520833,0,13,445402,0.0936569940476
0.037109375,0.0560825892857,0,1469806627593,0.0512462797619,1,13,447472,0.149344308036
0.0252511160714,0.0350864955357,0,1469806627593,0.0333426339286,2,13,449492,0.107003348214
0.0272274925595,0.0385044642857,0,1469806627594,0.0296921502976,3,13,451531,0.100423177083
0.0360398065476,0.0525716145833,0,1469806627594,0.0470842633929,4,13,453555,0.144345238095
0.0260649181548,0.0372721354167,0,1469806627594,0.0333891369048,5,13,456374,0.098865327381
0.0247628348214,0.0347842261905,0,1469806627594,0.0289481026786,6,13,459142,0.0940290178571
0.0365978422619,0.0482700892857,0,1469806627594,0.0433872767857,7,13,461199,0.136928013393
0.0265299479167,0.0404110863095,1,1469806627594,0.0345052083333,0,13,463678,0.10339936756
0.0268089657738,0.0359235491071,1,1469806627699,0.0353655133929,1,13,465735,0.107235863095
0.017810639881,0.0223214285714,1,1469806627699,0.0218331473214,2,13,467770,0.0765671502976
0.0231352306548,0.0339704241071,1,1469806627699,0.0345517113095,3,13,469769,0.0992140997024
0.0258556547619,0.0328311011905,0,1469806627699,0.0281808035714,0,13,545584,0.0937965029762
0.037109375,0.0560825892857,0,1469806627699,0.0512230282738,1,13,547664,0.149344308036
0.0252511160714,0.0350632440476,0,1469806627699,0.0333193824405,2,13,549699,0.10693359375
0.0272507440476,0.0385277157738,0,1469806627699,0.0297154017857,3,13,551726,0.10046968006
0.0359933035714,0.052501860119,0,1469806627699,0.0470145089286,4,13,553739,0.144205729167
0.0260416666667,0.0372721354167,0,1469806627699,0.0333891369048,5,13,555792,0.0988188244048
0.0248325892857,0.034923735119,0,1469806627699,0.029064360119,6,13,557820,0.09423828125
0.0365978422619,0.0482700892857,0,1469806627699,0.0434105282738,7,13,559835,0.136904761905
0.0266694568452,0.04052734375,1,1469806627699,0.0345517113095,0,13,562312,0.103864397321
0.0267624627976,0.035900297619,1,1469806627699,0.0353190104167,1,13,564404,0.106840587798
0.0179966517857,0.0223679315476,1,1469806627699,0.0220424107143,2,13,566437,0.0779854910714
0.02294921875,0.0336216517857,1,1469806627699,0.0338774181548,3,13,568459,0.0978422619048
0.0259719122024,0.0329241071429,0,1469806627880,0.0282505580357,0,13,645762,0.0941220238095
0.037109375,0.0560593377976,0,1469806627880,0.0512462797619,1,13,647827,0.1494140625
0.0252511160714,0.0350632440476,0,1469806627880,0.0333193824405,2,13,649846,0.106910342262
0.0272739955357,0.0385974702381,0,1469806627881,0.0297619047619,3,13,651881,0.10070219494
0.0359933035714,0.0524321056548,0,1469806627881,0.0469680059524,4,13,653903,0.144135974702
0.0260881696429,0.0372953869048,0,1469806627881,0.0333891369048,5,13,656019,0.098888578869
0.0248790922619,0.0350399925595,0,1469806627881,0.0291573660714,6,13,658040,0.0944010416667
0.0365978422619,0.0482468377976,0,1469806627881,0.0433872767857,7,13,660067,0.136881510417
0.0267392113095,0.0405505952381,1,1469806627881,0.0345052083333,0,13,662602,0.103910900298
0.0267392113095,0.035900297619,1,1469806627881,0.0353422619048,1,13,664654,0.106422061012
0.01806640625,0.0222981770833,1,1469806627881,0.0220191592262,2,13,666689,0.0785900297619
0.022716703869,0.0331566220238,1,1469806627881,0.0330171130952,3,13,668734,0.096423921131
0.0260881696429,0.0330403645833,0,1469806627881,0.0283435639881,0,13,745988,0.0944242931548
0.0370861235119,0.0560593377976,0,1469806627881,0.0512230282738,1,13,748075,0.149390811012
0.0252511160714,0.0350632440476,0,1469806627881,0.0333193824405,2,13,750110,0.106910342262
0.0273204985119,0.0386439732143,0,1469806627987,0.02978515625,3,13,752120,0.100818452381
0.0359933035714,0.0524321056548,0,1469806627987,0.0469680059524,4,13,754190,0.144135974702
0.0260881696429,0.0372721354167,0,1469806627987,0.0333891369048,5,13,756200,0.098865327381
0.0249488467262,0.0351795014881,0,1469806627987,0.029296875,6,13,758182,0.0946103050595
0.0365978422619,0.0482700892857,0,1469806627987,0.0433872767857,7,13,760180,0.136904761905
0.0268787202381,0.040759858631,1,1469806627987,0.0345749627976,0,13,762610,0.104236421131
0.0266694568452,0.0358537946429,1,1469806627987,0.0352725074405,1,13,764651,0.105794270833
0.0180896577381,0.0221819196429,1,1469806627987,0.0219494047619,2,13,766664,0.078845796131
0.0224376860119,0.0327380952381,1,1469806627987,0.0320638020833,3,13,768661,0.0950055803571
0.026134672619,0.0331101190476,0,1469806627987,0.0283668154762,0,13,846111,0.0946335565476
0.0371326264881,0.0561058407738,0,1469806627987,0.0512462797619,1,13,848170,0.149460565476
0.0252743675595,0.0350864955357,0,1469806627987,0.0332961309524,2,13,850177,0.10693359375
0.0273670014881,0.0387137276786,0,1469806627987,0.0298084077381,3,13,852208,0.100934709821
0.035877046131,0.0522925967262,0,1469806627987,0.0468517485119,4,13,854299,0.143833705357
0.0260416666667,0.0372488839286,0,1469806627987,0.0333658854167,5,13,856342,0.0988188244048
0.0249720982143,0.0352725074405,0,1469806628094,0.0293201264881,6,13,858367,0.0947265625
0.0365978422619,0.0482700892857,0,1469806628094,0.0433872767857,7,13,860436,0.136881510417
0.0270647321429,0.0410388764881,1,1469806628094,0.0347144717262,0,13,862918,0.104794456845
0.0265764508929,0.0358072916667,1,1469806628094,0.0352260044643,1,13,864967,0.105236235119
0.0182291666667,0.022205171131,1,1469806628094,0.0220191592262,2,13,867037,0.0794503348214
0.0222981770833,0.0325753348214,1,1469806628094,0.0313895089286,3,13,869106,0.0939127604167
0.0262044270833,0.033203125,0,1469806628094,0.0283900669643,0,13,946305,0.0947033110119
0.0371558779762,0.05615234375,0,1469806628094,0.0512462797619,1,13,948380,0.14953031994
0.0252743675595,0.0350632440476,0,1469806628094,0.0332728794643,2,13,950398,0.106887090774
0.0273902529762,0.0387369791667,0,1469806628094,0.02978515625,3,13,952420,0.10095796131
0.0358537946429,0.0521995907738,0,1469806628094,0.0468052455357,4,13,954429,0.143717447917
0.0260416666667,0.0372488839286,0,1469806628094,0.0333658854167,5,13,956538,0.0988188244048
0.0249953497024,0.0353190104167,0,1469806628094,0.0293666294643,6,13,958559,0.0947963169643
0.0365978422619,0.0482700892857,0,1469806628094,0.0433640252976,7,13,960588,0.13683500744
0.0272739955357,0.0413643973214,1,1469806628094,0.0348307291667,0,13,963147,0.105305989583
0.0264834449405,0.0357607886905,1,1469806628277,0.0351795014881,1,13,965209,0.104654947917
0.0186011904762,0.0224144345238,1,1469806628277,0.0222749255952,2,13,967243,0.0806826636905
0.0223214285714,0.0326683407738,1,1469806628277,0.0310407366071,3,13,969259,0.0932384672619
0.0262741815476,0.0333193824405,0,1469806628277,0.0283900669643,0,14,46497,0.0947730654762
0.0371558779762,0.05615234375,0,1469806628277,0.0512462797619,1,14,48562,0.14953031994
0.0252743675595,0.0350399925595,0,1469806628277,0.0332263764881,2,14,50580,0.106840587798
0.0273670014881,0.0386439732143,0,1469806628277,0.0297386532738,3,14,52621,0.100888206845
0.035877046131,0.0521298363095,0,1469806628277,0.0467587425595,4,14,54646,0.14367094494
0.0260416666667,0.0372488839286,0,1469806628277,0.0333426339286,5,14,56676,0.0987955729167
0.0250186011905,0.0353655133929,0,1469806628277,0.0294131324405,6,14,58699,0.0948660714286
0.0365978422619,0.0482700892857,0,1469806628277,0.0433640252976,7,14,60734,0.13683500744
0.02734375,0.04150390625,1,1469806628277,0.0348772321429,0,14,63216,0.105422247024
0.0264136904762,0.0357375372024,1,1469806628277,0.03515625,1,14,65271,0.104236421131
0.01904296875,0.022693452381,1,1469806628278,0.0225539434524,2,14,67376,0.0818219866071
0.0223446800595,0.0328078497024,1,1469806628278,0.0307849702381,3,14,69408,0.092540922619
0.0263206845238,0.0333658854167,0,1469806628278,0.0284133184524,0,14,146673,0.0948893229167
