blue,green,groupId,received,red,sensorId,time1,time2,white
0.036876860119,0.0523158482143,0,1469554671922,0.0461077008929,4,55,328422,0.144740513393
0.0276925223214,0.0384347098214,0,1469554671922,0.0337844122024,5,55,330433,0.102632068452
0.0294596354167,0.0422014508929,0,1469554671922,0.0358305431548,6,55,332444,0.108235677083
0.0398763020833,0.0511067708333,0,1469554671922,0.0452241443452,7,55,334474,0.146089099702
0.0303199404762,0.042247953869,1,1469554671922,0.0358072916667,0,55,336960,0.115164620536
0.0284830729167,0.0379464285714,1,1469554671922,0.0368303571429,1,55,338970,0.111328125
0.0203218005952,0.0243210565476,1,1469554671922,0.0260184151786,2,55,340974,0.0931687127976
0.0229027157738,0.03271484375,1,1469554671922,0.0312965029762,3,55,343003,0.0963774181548
0.0301106770833,0.0372953869048,0,1469554671922,0.0340401785714,0,55,420455,0.1123046875
0.0362258184524,0.0541527157738,0,1469554671923,0.0487351190476,1,55,422527,0.142973400298
0.0239722842262,0.0335984002976,0,1469554671923,0.0299711681548,2,55,424566,0.100144159226
0.0308082217262,0.0404343377976,0,1469554671924,0.0344587053571,3,55,426576,0.117140997024
0.036853608631,0.0522693452381,0,1469554671924,0.0460844494048,4,55,428584,0.14464750744
0.0276460193452,0.0384347098214,0,1469554671924,0.0337611607143,5,55,430606,0.102585565476
0.0294828869048,0.042247953869,0,1469554671924,0.0358305431548,6,55,432615,0.108258928571
0.0398995535714,0.0511300223214,0,1469554672023,0.0452473958333,7,55,434635,0.146158854167
0.0303199404762,0.0422944568452,1,1469554672023,0.0358072916667,0,55,437109,0.115164620536
0.0284830729167,0.0379464285714,1,1469554672023,0.0368071056548,1,55,439158,0.111258370536
0.020252046131,0.0242280505952,1,1469554672023,0.0258556547619,2,55,441176,0.092517671131
0.0228794642857,0.0326450892857,1,1469554672023,0.03125,3,55,443176,0.0963076636905
0.0301339285714,0.0373186383929,0,1469554672023,0.0340634300595,0,55,520635,0.112397693452
0.0362258184524,0.0541294642857,0,1469554672023,0.0487118675595,1,55,522684,0.142926897321
0.0239955357143,0.0335984002976,0,1469554672023,0.0299711681548,2,55,524708,0.100144159226
0.0306687127976,0.0402250744048,0,1469554672023,0.0342959449405,3,55,526743,0.11669921875
0.036876860119,0.0523158482143,0,1469554672023,0.046130952381,4,55,528758,0.144740513393
0.0276692708333,0.0384347098214,0,1469554672023,0.0337844122024,5,55,530778,0.102585565476
0.0294828869048,0.042247953869,0,1469554672024,0.0358305431548,6,55,532774,0.108235677083
0.0399228050595,0.0511532738095,0,1469554672024,0.0452706473214,7,55,534811,0.146205357143
0.0302734375,0.042224702381,1,1469554672024,0.0357607886905,0,55,537288,0.114978608631
0.0284598214286,0.0379231770833,1,1469554672024,0.0368071056548,1,55,539308,0.111165364583
0.0201822916667,0.024158296131,1,1469554672204,0.0257393973214,2,55,541308,0.0921921502976
0.0228562127976,0.0326218377976,1,1469554672204,0.0312034970238,3,55,543328,0.0962844122024
0.0301106770833,0.0373186383929,0,1469554672204,0.0340634300595,0,55,620806,0.112397693452
0.0362258184524,0.0541294642857,0,1469554672204,0.0487583705357,1,55,622874,0.14295014881
0.0239955357143,0.0336216517857,0,1469554672204,0.0299711681548,2,55,624909,0.100167410714
0.0305989583333,0.0402018229167,0,1469554672204,0.0342494419643,3,55,626920,0.116559709821
0.036853608631,0.0522693452381,0,1469554672204,0.0460844494048,4,55,628920,0.144670758929
0.0276925223214,0.0384347098214,0,1469554672204,0.0337844122024,5,55,630935,0.102632068452
0.0294828869048,0.0422712053571,0,1469554672204,0.0358305431548,6,55,632931,0.10828218006
0.0399228050595,0.0511300223214,0,1469554672204,0.0452706473214,7,55,634961,0.146205357143
0.0302734375,0.042224702381,1,1469554672204,0.0357607886905,0,55,637430,0.114955357143
0.0284365699405,0.0378999255952,1,1469554672204,0.0368071056548,1,55,639514,0.111025855655
0.0202287946429,0.024158296131,1,1469554672204,0.0257393973214,2,55,641543,0.0924479166667
0.0228329613095,0.0325985863095,1,1469554672204,0.0311104910714,3,55,643554,0.0960518973214
0.0301106770833,0.0372953869048,0,1469554672204,0.0340401785714,0,55,720987,0.1123046875
0.0362258184524,0.0541527157738,0,1469554672311,0.0487351190476,1,55,723049,0.142996651786
0.0239955357143,0.0336216517857,0,1469554672311,0.0299711681548,2,55,725083,0.100167410714
0.0305989583333,0.0402250744048,0,1469554672316,0.0342726934524,3,55,727111,0.116606212798
0.0368303571429,0.0522693452381,0,1469554672316,0.0460844494048,4,55,729143,0.144670758929
0.0276692708333,0.0384579613095,0,1469554672316,0.0337844122024,5,55,731157,0.102632068452
0.0294596354167,0.0422712053571,0,1469554672316,0.0357840401786,6,55,733163,0.108189174107
0.0398995535714,0.0511300223214,0,1469554672316,0.0452473958333,7,55,735206,0.146182105655
0.0302734375,0.042247953869,1,1469554672320,0.0357840401786,0,55,737691,0.114978608631
0.0283668154762,0.037853422619,1,1469554672321,0.0367606026786,1,55,739715,0.110653831845
0.0204148065476,0.0242513020833,1,1469554672321,0.0259021577381,2,55,741726,0.093494233631
0.0227399553571,0.0325288318452,1,1469554672321,0.0309012276786,3,55,743745,0.0954008556548
0.0300874255952,0.0372721354167,0,1469554672321,0.0339704241071,0,55,821157,0.112165178571
0.0362490699405,0.0541527157738,0,1469554672321,0.0487351190476,1,55,823230,0.142973400298
0.0239955357143,0.0335984002976,0,1469554672321,0.0299711681548,2,55,825252,0.100144159226
0.030529203869,0.0401553199405,0,1469554672321,0.0341796875,3,55,827268,0.116443452381
0.036876860119,0.0523158482143,0,1469554672417,0.046130952381,4,55,829273,0.144740513393
0.0276692708333,0.0384114583333,0,1469554672417,0.0337611607143,5,55,831316,0.102562313988
0.0294596354167,0.042247953869,0,1469554672418,0.0357840401786,6,55,833328,0.108165922619
0.0398763020833,0.0510835193452,0,1469554672418,0.0452241443452,7,55,835358,0.146065848214
0.0302501860119,0.0422014508929,1,1469554672418,0.0357607886905,0,55,837850,0.114885602679
0.0282970610119,0.037830171131,1,1469554672418,0.0366908482143,1,55,839919,0.11023530506
0.0206705729167,0.0243908110119,1,1469554672418,0.0261579241071,2,55,841940,0.0948428199405
0.0226702008929,0.032482328869,1,1469554672418,0.0306687127976,3,55,843943,0.0946568080357
0.0300641741071,0.0372023809524,0,1469554672418,0.0339006696429,0,55,921647,0.111955915179
0.0362258184524,0.0541527157738,0,1469554672419,0.0487351190476,1,55,923710,0.142926897321
0.0239722842262,0.0335751488095,0,1469554672419,0.0299479166667,2,55,925707,0.100051153274
0.0303431919643,0.0399460565476,0,1469554672419,0.033947172619,3,55,927713,0.115885416667
0.0368303571429,0.0522693452381,0,1469554672419,0.0460844494048,4,55,929697,0.144601004464
0.0276692708333,0.0384347098214,0,1469554672419,0.0337844122024,5,55,931681,0.102562313988
0.0294131324405,0.042224702381,0,1469554672419,0.0357375372024,6,55,933654,0.108072916667
0.0398530505952,0.0510602678571,0,1469554672526,0.045177641369,7,55,935804,0.145926339286
0.0300874255952,0.0420154389881,1,1469554672526,0.0356212797619,0,55,938264,0.114467075893
0.0282040550595,0.0377836681548,1,1469554672526,0.0365978422619,1,55,940267,0.109793526786
0.02099609375,0.0245768229167,1,1469554672527,0.0264834449405,2,55,942331,0.0962379092262
0.0226004464286,0.0325055803571,1,1469554672527,0.0304827008929,3,55,944406,0.0939360119048
0.030017671131,0.0371558779762,0,1469554672527,0.0338309151786,0,56,21513,0.11181640625
0.0362258184524,0.0541294642857,0,1469554672527,0.0487118675595,1,56,23621,0.142857142857
0.0239722842262,0.0335751488095,0,1469554672527,0.0299246651786,2,56,25661,0.100027901786
0.0300641741071,0.039806547619,0,1469554672527,0.0337379092262,3,56,27682,0.115025111607
0.036853608631,0.0523158482143,0,1469554672527,0.046130952381,4,56,29693,0.144670758929
0.0276692708333,0.0384347098214,0,1469554672527,0.0337844122024,5,56,31714,0.102585565476
0.0293898809524,0.0422014508929,0,1469554672527,0.0357142857143,6,56,33728,0.10802641369
0.0398297991071,0.051037016369,0,1469554672527,0.045177641369,7,56,35747,0.14587983631
0.030017671131,0.0418991815476,1,1469554672527,0.0355515252976,0,56,38297,0.114164806548
0.0281343005952,0.0377371651786,1,1469554672527,0.0365513392857,1,56,40330,0.109375
0.0214378720238,0.0248558407738,1,1469554672527,0.0269484747024,2,56,42326,0.0979817708333
0.0226236979167,0.0326915922619,1,1469554672706,0.0304361979167,3,56,44353,0.0934477306548
0.0299944196429,0.0371326264881,0,1469554672706,0.0337844122024,0,56,121695,0.11170014881
0.0362258184524,0.0541294642857,0,1469554672706,0.0487118675595,1,56,123761,0.142833891369
0.0239722842262,0.0335751488095,0,1469554672706,0.0299479166667,2,56,125787,0.100027901786
0.030017671131,0.0398297991071,0,1469554672707,0.0337844122024,3,56,127819,0.114839099702
0.036876860119,0.0523623511905,0,1469554672707,0.046154203869,4,56,129824,0.144763764881
0.0276460193452,0.0384114583333,0,1469554672707,0.0337611607143,5,56,131838,0.102515811012
0.0293433779762,0.0421549479167,0,1469554672707,0.0355980282738,6,56,133852,0.107863653274
0.039806547619,0.051013764881,0,1469554672707,0.045154389881,7,56,136031,0.145786830357
0.030017671131,0.0418991815476,1,1469554672707,0.0355515252976,0,56,138515,0.11414155506
0.028064546131,0.0377139136905,1,1469554672707,0.0365048363095,1,56,140541,0.10900297619
0.0219959077381,0.0252046130952,1,1469554672707,0.0275297619048,2,56,142562,0.0999581473214
0.022693452381,0.0329241071429,1,1469554672707,0.0303896949405,3,56,144598,0.0931454613095
0.030017671131,0.0371326264881,0,1469554672707,0.0337611607143,0,56,221909,0.111653645833
0.0361560639881,0.0540597098214,0,1469554672707,0.0486653645833,1,56,224124,0.142601376488
0.0239025297619,0.0335053943452,0,1469554672820,0.0299014136905,2,56,226157,0.0998186383929
0.0300874255952,0.0398995535714,0,1469554672821,0.0338076636905,3,56,228175,0.115141369048
0.036853608631,0.0523623511905,0,1469554672821,0.046130952381,4,56,230247,0.14464750744
0.0276460193452,0.0384114583333,0,1469554672821,0.0337611607143,5,56,232272,0.102515811012
0.029296875,0.0420851934524,0,1469554672821,0.0355050223214,6,56,234345,0.107677641369
0.039806547619,0.051013764881,0,1469554672821,0.045154389881,7,56,236364,0.145833333333
0.0299711681548,0.0418526785714,1,1469554672821,0.0355050223214,0,56,238854,0.113978794643
0.0280180431548,0.0376906622024,1,1469554672821,0.0364815848214,1,56,240886,0.108816964286
0.0223679315476,0.0254603794643,1,1469554672821,0.0278785342262,2,56,242903,0.101050967262
0.0227399553571,0.0330636160714,1,1469554672821,0.0304361979167,3,56,244931,0.0930989583333
0.030040922619,0.0372256324405,0,1469554672821,0.0338541666667,0,56,322070,0.11181640625
0.0361560639881,0.0540364583333,0,1469554672821,0.0486188616071,1,56,324181,0.142485119048
0.0238327752976,0.033435639881,0,1469554672821,0.0298316592262,2,56,326297,0.0994698660714
0.0302734375,0.0401088169643,0,1469554672821,0.0340169270833,3,56,328327,0.115652901786
0.036876860119,0.0524088541667,0,1469554672821,0.0461774553571,4,56,330325,0.144787016369
0.0276460193452,0.0384114583333,0,1469554672920,0.0337379092262,5,56,332333,0.102515811012
0.0292503720238,0.0420851934524,0,1469554672920,0.0354585193452,6,56,334434,0.107491629464
0.0398297991071,0.051037016369,0,1469554672920,0.0452008928571,7,56,336458,0.145926339286
0.0299944196429,0.0418526785714,1,1469554672920,0.0355282738095,0,56,338929,0.11414155506
0.0279947916667,0.0376441592262,1,1469554672920,0.0364350818452,1,56,340952,0.10877046131
0.0223679315476,0.0254603794643,1,1469554672920,0.0278785342262,2,56,342980,0.101050967262
0.022716703869,0.032947358631,1,1469554672921,0.0304361979167,3,56,345002,0.0933547247024
0.0300874255952,0.037341889881,0,1469554672921,0.0341099330357,0,56,422347,0.112165178571
0.0360630580357,0.0539202008929,0,1469554672921,0.0484561011905,1,56,424432,0.14208984375
0.0239025297619,0.0335053943452,0,1469554672921,0.0299014136905,2,56,426454,0.0997953869048
0.0306454613095,0.0407366071429,0,1469554672921,0.034435453869,3,56,428468,0.116838727679
0.0369001116071,0.0523390997024,0,1469554672921,0.046130952381,4,56,430503,0.144763764881
0.0276460193452,0.0384114583333,0,1469554672921,0.0337379092262,5,56,432523,0.102515811012
0.0292503720238,0.0422014508929,0,1469554672921,0.0354352678571,6,56,434537,0.107421875
0.0398297991071,0.051037016369,0,1469554672921,0.0452008928571,7,56,436549,0.145926339286
0.0303896949405,0.0424107142857,1,1469554673027,0.0358537946429,0,56,439050,0.115280877976
0.028087797619,0.0377371651786,1,1469554673027,0.0365513392857,1,56,441063,0.109281994048
0.0221586681548,0.0253208705357,1,1469554673027,0.0276460193452,2,56,443086,0.100004650298
0.0226702008929,0.0326218377976,1,1469554673027,0.030505952381,3,56,445116,0.0942615327381
0.0301106770833,0.0373883928571,0,1469554673027,0.0342029389881,0,56,522436,0.112513950893
0.0361560639881,0.0540364583333,0,1469554673027,0.0485258556548,1,56,524507,0.142299107143
0.0239955357143,0.0335984002976,0,1469554673027,0.0299944196429,2,56,526559,0.100190662202
0.0309477306548,0.0411783854167,0,1469554673027,0.03466796875,3,56,528572,0.117652529762
0.0367838541667,0.0521530877976,0,1469554673027,0.0460379464286,4,56,530569,0.14453125
0.0276460193452,0.0384114583333,0,1469554673027,0.0337379092262,5,56,532575,0.102515811012
0.0290876116071,0.0421084449405,0,1469554673027,0.03515625,6,56,534611,0.106863839286
0.0399228050595,0.0511765252976,0,1469554673027,0.0453404017857,7,56,536637,0.146344866071
0.0303431919643,0.0423177083333,1,1469554673027,0.0357840401786,0,56,539116,0.115071614583
0.0281808035714,0.0378766741071,1,1469554673027,0.0366675967262,1,56,541129,0.109770275298
0.0214146205357,0.0248093377976,1,1469554673027,0.0269252232143,2,56,543160,0.0974469866071
0.0226702008929,0.0326218377976,1,1469554673207,0.030505952381,3,56,545173,0.0942615327381
0.0301571800595,0.0374581473214,0,1469554673207,0.0342494419643,0,56,622612,0.112862723214
0.0361328125,0.0540364583333,0,1469554673207,0.0485491071429,1,56,624692,0.142392113095
0.0240420386905,0.0336681547619,0,1469554673207,0.030017671131,2,56,626714,0.100306919643
0.0310639880952,0.0410621279762,0,1469554673207,0.0346912202381,3,56,628725,0.117885044643
0.0369001116071,0.0524088541667,0,1469554673207,0.0462007068452,4,56,630736,0.144856770833
0.0276460193452,0.0384114583333,0,1469554673207,0.0337611607143,5,56,632752,0.102492559524
0.029041108631,0.0420851934524,0,1469554673207,0.034923735119,6,56,634781,0.106468563988
0.0399925595238,0.0512462797619,0,1469554673207,0.0454334077381,7,56,636795,0.146670386905
0.0300874255952,0.041759672619,1,1469554673208,0.0355515252976,0,56,639297,0.114397321429
0.0282273065476,0.0378999255952,1,1469554673208,0.0367373511905,1,56,641320,0.110026041667
0.0209728422619,0.0244838169643,1,1469554673208,0.0265299479167,2,56,643328,0.0960053943452
0.0229027157738,0.0328078497024,1,1469554673208,0.0309012276786,3,56,645337,0.0959821428571
0.0302036830357,0.0374348958333,0,1469554673208,0.0342959449405,0,56,722794,0.11316499256
0.0360165550595,0.0538504464286,0,1469554673208,0.0483863467262,1,56,724866,0.141764322917
0.0240652901786,0.03369140625,0,1469554673316,0.0300641741071,2,56,726891,0.100306919643
0.0313895089286,0.0413643973214,0,1469554673316,0.0351097470238,3,56,728900,0.119163876488
0.0369931175595,0.0525948660714,0,1469554673316,0.0463169642857,4,56,730891,0.145089285714
0.0277157738095,0.0385044642857,0,1469554673316,0.0338541666667,5,56,732897,0.102771577381
0.0290178571429,0.0420619419643,0,1469554673316,0.0349469866071,6,56,734927,0.106515066964
0.0400158110119,0.0512927827381,0,1469554673316,0.0454799107143,7,56,736956,0.146809895833
0.0299479166667,0.0415271577381,1,1469554673333,0.0355050223214,0,56,739430,0.113955543155
0.0283668154762,0.0378999255952,1,1469554673333,0.036853608631,1,56,741433,0.110653831845
0.0211123511905,0.0246000744048,1,1469554673333,0.0266927083333,2,56,743461,0.096935453869
0.0233444940476,0.033435639881,1,1469554673333,0.0314360119048,3,56,745482,0.0976097470238
0.0301571800595,0.0372256324405,0,1469554673334,0.0338774181548,0,56,822977,0.112839471726
0.0358305431548,0.0536179315476,0,1469554673334,0.048107328869,1,56,825048,0.140857514881
0.0240652901786,0.03369140625,0,1469554673334,0.030040922619,2,56,827059,0.10021391369
0.0315522693452,0.0415736607143,0,1469554673336,0.0354817708333,3,56,829066,0.120140438988
0.0370163690476,0.0527576264881,0,1469554673336,0.0464332217262,4,56,831084,0.145228794643
0.0277855282738,0.03857421875,0,1469554673421,0.0339006696429,5,56,833101,0.102980840774
0.0290876116071,0.0419456845238,0,1469554673421,0.0352027529762,6,56,835126,0.106910342262
0.0400390625,0.0512927827381,0,1469554673422,0.0454566592262,7,56,837145,0.146786644345
0.0297386532738,0.0414574032738,1,1469554673422,0.0355050223214,0,56,839847,0.113467261905
0.0286690848214,0.0379929315476,1,1469554673422,0.0369931175595,1,56,841888,0.112211681548
0.0210193452381,0.0246930803571,1,1469554673422,0.0266927083333,2,56,843904,0.0970982142857
0.0239025297619,0.0343889508929,1,1469554673422,0.0324125744048,3,56,846011,0.100237165179
0.0299944196429,0.0370396205357,0,1469554673422,0.0333891369048,0,56,923372,0.112211681548
0.03564453125,0.0533156622024,0,1469554673422,0.0478283110119,1,56,925502,0.139927455357
0.0240652901786,0.03369140625,0,1469554673422,0.0300641741071,2,56,927550,0.100167410714
0.0312034970238,0.0409226190476,0,1469554673422,0.0351795014881,3,56,929516,0.11925688244
0.0370628720238,0.0529436383929,0,1469554673422,0.0465262276786,4,56,931482,0.14539155506
0.0277855282738,0.03857421875,0,1469554673422,0.0339006696429,5,56,933487,0.102957589286
0.0293433779762,0.0421316964286,0,1469554673422,0.0357840401786,6,56,935801,0.107747395833
0.0400390625,0.0512927827381,0,1469554673422,0.0454334077381,7,56,937812,0.146763392857
0.0293898809524,0.0413178943452,1,1469554673528,0.0355050223214,0,56,940245,0.113327752976
0.0289713541667,0.0381324404762,1,1469554673528,0.0370861235119,1,56,942308,0.113746279762
0.0204613095238,0.0246000744048,1,1469554673528,0.026134672619,2,56,944400,0.0936802455357
0.0248093377976,0.0368071056548,1,1469554673528,0.0354352678571,3,56,946372,0.105375744048
0.0296688988095,0.0367838541667,0,1469554673528,0.0327380952381,0,57,23334,0.110491071429
0.0355980282738,0.05322265625,0,1469554673528,0.0478050595238,1,57,25469,0.139671688988
0.0241117931548,0.0337379092262,0,1469554673528,0.0300874255952,2,57,27500,0.100167410714
0.030994233631,0.0405040922619,0,1469554673528,0.034435453869,3,57,29500,0.117396763393
0.0369466145833,0.0528273809524,0,1469554673528,0.0464332217262,4,57,31498,0.145042782738
0.0278087797619,0.0386207217262,0,1469554673528,0.033923921131,5,57,33568,0.102980840774
0.0298549107143,0.0425734747024,0,1469554673529,0.0362490699405,6,57,35612,0.10851469494
0.0399925595238,0.0511997767857,0,1469554673529,0.0453404017857,7,57,37632,0.146437872024
0.0291108630952,0.0414109002976,1,1469554673529,0.0357142857143,0,57,40188,0.114234561012
0.0292736235119,0.0386904761905,1,1469554673529,0.0374348958333,1,57,42205,0.115304129464
0.0198335193452,0.0246930803571,1,1469554673529,0.0250883556548,2,57,44291,0.0874953497024
0.0272274925595,0.0380859375,1,1469554673710,0.0409691220238,3,57,46383,0.115629650298
0.0291573660714,0.0363420758929,0,1469554673710,0.0319475446429,0,57,123501,0.106747581845
0.0356910342262,0.0534319196429,0,1469554673711,0.0479678199405,1,57,125573,0.139787946429
0.0241117931548,0.0337379092262,0,1469554673711,0.0300874255952,2,57,127679,0.100074404762
0.0305757068452,0.0400390625,0,1469554673711,0.03369140625,3,57,129690,0.11474609375
0.0367606026786,0.0525948660714,0,1469554673711,0.0462937127976,4,57,131680,0.144554501488
0.0278087797619,0.0386207217262,0,1469554673711,0.033923921131,5,57,133678,0.10291108631
0.0307384672619,0.0433872767857,0,1469554673711,0.0369001116071,6,57,135744,0.10997953869
0.0398763020833,0.051037016369,0,1469554673711,0.045154389881,7,57,137767,0.14599609375
0.0291806175595,0.0418759300595,1,1469554673711,0.0362723214286,0,57,140230,0.116908482143
0.0301804315476,0.0403878348214,1,1469554673711,0.0381091889881,1,57,142308,0.117117745536
0.01953125,0.025134858631,1,1469554673711,0.0244605654762,2,57,144348,0.0811476934524
0.028552827381,0.0392252604167,1,1469554673711,0.0424572172619,3,57,146362,0.129231770833
0.0284598214286,0.0358072916667,0,1469554673711,0.031017485119,0,57,223752,0.102306547619
0.0357840401786,0.0536411830357,0,1469554673711,0.048107328869,1,57,225879,0.139904203869
0.0241117931548,0.03369140625,0,1469554673711,0.030017671131,2,57,227902,0.099865141369
0.030040922619,0.0394577752976,0,1469554673817,0.032947358631,3,57,229899,0.112025669643
0.036853608631,0.0527808779762,0,1469554673817,0.0462937127976,4,57,231906,0.144554501488
0.0277622767857,0.0385974702381,0,1469554673817,0.0338774181548,5,57,233936,0.102701822917
0.0316917782738,0.0442708333333,0,1469554673817,0.0375744047619,6,57,236038,0.111955915179
0.0397135416667,0.0508045014881,0,1469554673817,0.0451078869048,7,57,238047,0.145554315476
0.02978515625,0.042712983631,1,1469554673817,0.0369466145833,0,57,240609,0.120279947917
0.0313895089286,0.0422014508929,1,1469554673817,0.0396437872024,1,57,242636,0.120303199405
0.0194382440476,0.0255068824405,1,1469554673821,0.0242280505952,2,57,244658,0.0770554315476
0.0284598214286,0.0403180803571,1,1469554673821,0.0440615699405,3,57,246674,0.132045200893
0.0276925223214,0.0351097470238,0,1469554673821,0.0302966889881,0,57,323857,0.0985630580357
0.0358537946429,0.0537574404762,0,1469554673821,0.0481305803571,1,57,325993,0.140322730655
0.0239722842262,0.0334821428571,0,1469554673821,0.0298781622024,2,57,328074,0.0993071056548
0.0293898809524,0.0388532366071,0,1469554673821,0.0323660714286,3,57,330076,0.10986328125
0.036853608631,0.0527808779762,0,1469554673821,0.0463402157738,4,57,332076,0.14464750744
0.0276460193452,0.0384579613095,0,1469554673821,0.0337611607143,5,57,334199,0.102283296131
0.0322730654762,0.0448288690476,0,1469554673924,0.0379464285714,6,57,336278,0.113234747024
0.0396205357143,0.0507347470238,0,1469554673924,0.0453869047619,7,57,338306,0.145717075893
0.030529203869,0.0433872767857,1,1469554673924,0.0375046502976,0,57,340777,0.122767857143
0.0313430059524,0.0418991815476,1,1469554673924,0.0423409598214,1,57,342806,0.125511532738
0.0192057291667,0.0254371279762,1,1469554673924,0.0237630208333,2,57,344844,0.0740559895833
0.0295991443452,0.0408761160714,1,1469554673924,0.0440615699405,3,57,346839,0.136323474702
0.027576264881,0.0352725074405,0,1469554673924,0.0306687127976,0,57,424163,0.0977027529762
0.0359468005952,0.0538504464286,0,1469554673924,0.0482003348214,1,57,426241,0.14099702381
0.02392578125,0.0333658854167,0,1469554673924,0.02978515625,2,57,428263,0.0990745907738
0.0290178571429,0.0385044642857,0,1469554673924,0.0323893229167,3,57,430341,0.10986328125
0.037109375,0.0532691592262,0,1469554673924,0.0466889880952,4,57,432352,0.145531063988
0.0274832589286,0.0382021949405,0,1469554673925,0.0335518973214,5,57,434396,0.101632254464
0.0323893229167,0.0451078869048,0,1469554673925,0.0379696800595,6,57,436414,0.11339750744
0.0400158110119,0.0514555431548,0,1469554673925,0.0465727306548,7,57,438515,0.147112165179
0.030529203869,0.0433872767857,1,1469554673925,0.0375046502976,0,57,440995,0.122767857143
0.0308082217262,0.0412946428571,1,1469554674031,0.0420386904762,1,57,443009,0.123976934524
0.0189034598214,0.0252278645833,1,1469554674031,0.0231584821429,2,57,445045,0.0719168526786
0.0303199404762,0.0413876488095,1,1469554674031,0.0438755580357,3,57,447056,0.137997581845
0.0282273065476,0.0360630580357,0,1469554674031,0.03125,0,57,524286,0.101841517857
0.0359933035714,0.0538969494048,0,1469554674031,0.0482235863095,1,57,526430,0.141322544643
0.0238792782738,0.0333193824405,0,1469554674031,0.0296456473214,2,57,528444,0.0988420758929
0.0289946056548,0.0385277157738,0,1469554674031,0.0328776041667,3,57,530438,0.110584077381
0.0373186383929,0.0536411830357,0,1469554674031,0.0469680059524,4,57,532434,0.146344866071
0.0273670014881,0.0380859375,0,1469554674031,0.0334123883929,5,57,534547,0.101213727679
0.0323893229167,0.0451078869048,0,1469554674031,0.0379696800595,6,57,536572,0.11339750744
0.0404110863095,0.051990327381,0,1469554674031,0.04736328125,7,57,538583,0.149135044643
0.030994233631,0.0434802827381,1,1469554674031,0.0377371651786,0,57,541064,0.123814174107
0.0307849702381,0.0396437872024,1,1469554674031,0.041015625,1,57,543105,0.11902436756
0.0189034598214,0.0252743675595,1,1469554674032,0.0228794642857,2,57,545148,0.0714750744048
0.0304129464286,0.0413411458333,1,1469554674032,0.0437593005952,3,57,547148,0.136928013393
0.0289248511905,0.036876860119,0,1469554674211,0.031970796131,0,57,624436,0.105422247024
0.0359933035714,0.0538969494048,0,1469554674211,0.0482235863095,1,57,626489,0.141392299107
0.0237862723214,0.0332496279762,0,1469554674211,0.0295061383929,2,57,628502,0.0985398065476
0.029041108631,0.0387834821429,0,1469554674211,0.0336681547619,3,57,630581,0.112583705357
0.0375046502976,0.0539202008929,0,1469554674211,0.0471540178571,4,57,632586,0.146902901786
0.0272972470238,0.0379929315476,0,1469554674211,0.0333426339286,5,57,634619,0.100981212798
0.0321568080357,0.0449451264881,0,1469554674211,0.0376441592262,6,57,636632,0.112723214286
0.0406203497024,0.0521298363095,0,1469554674211,0.0475725446429,7,57,638682,0.151274181548
0.03125,0.0433175223214,1,1469554674211,0.0379231770833,0,57,641154,0.12462797619
0.0305757068452,0.0389462425595,1,1469554674211,0.0394345238095,1,57,643169,0.117954799107
0.0189499627976,0.0253673735119,1,1469554674211,0.0228097098214,2,57,645189,0.0719866071429
0.029529389881,0.0405505952381,1,1469554674211,0.0428989955357,3,57,647212,0.13367280506
0.029296875,0.037341889881,0,1469554674211,0.0324358258929,0,57,724606,0.106980096726
0.0359235491071,0.0538271949405,0,1469554674211,0.0481538318452,1,57,726696,0.141090029762
0.023670014881,0.0331333705357,0,1469554674211,0.0294131324405,2,57,728712,0.09814453125
0.0290876116071,0.0389462425595,0,1469554674318,0.0341099330357,3,57,730708,0.114048549107
0.0375279017857,0.0540132068452,0,1469554674318,0.0471772693452,4,57,732703,0.146995907738
0.0272739955357,0.0379464285714,0,1469554674318,0.0333426339286,5,57,734747,0.100981212798
0.0316685267857,0.0444103422619,0,1469554674318,0.0371791294643,6,57,736772,0.111560639881
0.0408063616071,0.0525251116071,0,1469554674318,0.0475027901786,7,57,738788,0.152204241071
0.0313197544643,0.0431082589286,1,1469554674318,0.0379696800595,0,57,741262,0.124953497024
0.030017671131,0.0387369791667,1,1469554674318,0.0387834821429,1,57,743284,0.117257254464
0.0191359747024,0.0254836309524,1,1469554674318,0.0230422247024,2,57,745309,0.07373046875
0.028087797619,0.039318266369,1,1469554674318,0.0414574032738,3,57,747306,0.128464471726
0.0294596354167,0.0375279017857,0,1469554674318,0.0325985863095,0,57,824783,0.107514880952
0.035900297619,0.0538271949405,0,1469554674319,0.0481538318452,1,57,826838,0.140973772321
0.0236467633929,0.0331333705357,0,1469554674320,0.0294131324405,2,57,828848,0.0980980282738
0.0290876116071,0.0389462425595,0,1469554674320,0.0341796875,3,57,830869,0.114490327381
0.0375511532738,0.0540597098214,0,1469554674320,0.0472005208333,4,57,832880,0.147042410714
0.0272739955357,0.0379231770833,0,1469554674320,0.0333193824405,5,57,834895,0.101004464286
0.030994233631,0.0433640252976,0,1469554674425,0.03662109375,6,57,836914,0.110095796131
0.0406901041667,0.0525251116071,0,1469554674425,0.0476655505952,7,57,838944,0.153459821429
0.0312732514881,0.0429222470238,1,1469554674425,0.037830171131,0,57,841419,0.124674479167
0.0296456473214,0.0386904761905,1,1469554674425,0.0384347098214,1,57,843441,0.116768973214
0.0192289806548,0.0252976190476,1,1469554674425,0.0234840029762,2,57,845518,0.0762416294643
0.0269252232143,0.0381091889881,1,1469554674425,0.0399693080357,3,57,847538,0.121535528274
0.029529389881,0.0376209077381,0,1469554674425,0.0326915922619,0,57,924970,0.10791015625
0.0359235491071,0.0538504464286,0,1469554674425,0.0481770833333,1,57,927007,0.140950520833
0.023693266369,0.0331566220238,0,1469554674425,0.0294596354167,2,57,928997,0.0982375372024
0.029041108631,0.038806733631,0,1469554674425,0.0340634300595,3,57,930963,0.114281063988
0.0375511532738,0.0540132068452,0,1469554674425,0.0472005208333,4,57,932923,0.146995907738
0.0272739955357,0.0379231770833,0,1469554674425,0.0333426339286,5,57,934975,0.10107421875
0.0284365699405,0.0395972842262,0,1469554674425,0.0346214657738,6,57,936991,0.103469122024
0.0406901041667,0.0525251116071,0,1469554674425,0.0476655505952,7,57,938976,0.153459821429
0.0311104910714,0.0428059895833,1,1469554674425,0.0376209077381,0,57,941411,0.123976934524
0.0293666294643,0.0385509672619,1,1469554674532,0.0382021949405,1,57,943425,0.115815662202
0.018787202381,0.0243908110119,1,1469554674532,0.0236467633929,2,57,945555,0.0776599702381
0.0262974330357,0.0372721354167,1,1469554674532,0.0386439732143,3,57,947533,0.114908854167
0.0295758928571,0.0376674107143,0,1469554674532,0.0327380952381,0,58,25178,0.108305431548
0.0359235491071,0.0538504464286,0,1469554674532,0.0481770833333,1,58,27225,0.140950520833
0.0237165178571,0.033203125,0,1469554674532,0.0294828869048,2,58,29244,0.0983537946429
0.0289713541667,0.0386439732143,0,1469554674532,0.0338541666667,3,58,31268,0.113746279762
0.0374813988095,0.053943452381,0,1469554674532,0.047130766369,4,58,33290,0.146809895833
0.0272972470238,0.0379696800595,0,1469554674532,0.0333891369048,5,58,35318,0.101236979167
0.0271809895833,0.0379696800595,0,1469554674532,0.0339006696429,6,58,37347,0.09912109375
0.0408528645833,0.0523856026786,0,1469554674532,0.0476422991071,7,58,39374,0.153111049107
0.0309244791667,0.0427827380952,1,1469554674532,0.037365141369,0,58,41854,0.123139880952
0.0292503720238,0.0384114583333,1,1469554674532,0.0381324404762,1,58,43874,0.115025111607
0.0185081845238,0.023670014881,1,1469554674532,0.0237165178571,2,58,45964,0.0784040178571
0.0259486607143,0.0368303571429,1,1469554674532,0.0375744047619,3,58,47984,0.111002604167
0.0295991443452,0.0376441592262,0,1469554674712,0.03271484375,0,58,125352,0.10828218006
0.0359235491071,0.0538736979167,0,1469554674712,0.0481770833333,1,58,127428,0.140973772321
0.0237397693452,0.0332263764881,0,1469554674712,0.0295061383929,2,58,129437,0.098400297619
0.0289248511905,0.0385277157738,0,1469554674712,0.0336681547619,3,58,131429,0.113351004464
0.0374813988095,0.0539202008929,0,1469554674712,0.0471540178571,4,58,133437,0.14685639881
0.02734375,0.0379929315476,0,1469554674712,0.0334123883929,5,58,135548,0.101329985119
0.0272042410714,0.0380859375,0,1469554674712,0.0341564360119,6,58,137583,0.0992373511905
0.0408761160714,0.0523856026786,0,1469554674713,0.0469215029762,7,58,139601,0.151832217262
0.0308082217262,0.0428989955357,1,1469554674713,0.0372023809524,0,58,142071,0.12244233631
0.0291573660714,0.0383882068452,1,1469554674713,0.0380859375,1,58,144213,0.114490327381
0.0185081845238,0.023670014881,1,1469554674713,0.0237165178571,2,58,146227,0.0784040178571
0.0257626488095,0.0365978422619,1,1469554674713,0.0369001116071,3,58,148234,0.109049479167
0.0295991443452,0.0376209077381,0,1469554674713,0.03271484375,0,58,225556,0.108421688988
0.0359468005952,0.0538969494048,0,1469554674713,0.0482003348214,1,58,227611,0.141043526786
0.0237630208333,0.0332263764881,0,1469554674713,0.029529389881,2,58,229616,0.0984468005952
0.0288783482143,0.0384347098214,0,1469554674819,0.0335053943452,3,58,231621,0.112932477679
0.0374581473214,0.0538736979167,0,1469554674819,0.047107514881,4,58,233637,0.146716889881
0.02734375,0.0379929315476,0,1469554674819,0.0334123883929,5,58,235676,0.101329985119
0.0271809895833,0.0382486979167,0,1469554674819,0.0343889508929,6,58,237697,0.0992140997024
0.0408296130952,0.0523390997024,0,1469554674819,0.046642485119,7,58,239799,0.15099516369
0.0307152157738,0.0429920014881,1,1469554674819,0.0370628720238,0,58,242281,0.121907552083
0.029064360119,0.0383882068452,1,1469554674819,0.0379696800595,1,58,244321,0.114048549107
0.0183919270833,0.0232979910714,1,1469554674819,0.0238095238095,2,58,246408,0.0789155505952
0.0257626488095,0.0365978422619,1,1469554674819,0.0369001116071,3,58,248425,0.109049479167
0.0295061383929,0.0375279017857,0,1469554674819,0.0326915922619,0,58,325691,0.108537946429
0.0359468005952,0.0538736979167,0,1469554674819,0.0481770833333,1,58,327833,0.141020275298
0.0237630208333,0.0332496279762,0,1469554674819,0.029529389881,2,58,329845,0.0984700520833
0.0288783482143,0.038341703869,0,1469554674819,0.0332961309524,3,58,331847,0.112397693452
0.0373883928571,0.0537341889881,0,1469554674819,0.0470377604167,4,58,333848,0.146461123512
0.0273204985119,0.0379696800595,0,1469554674819,0.0334123883929,5,58,335970,0.101306733631
0.0269019717262,0.0386672247024,0,1469554674926,0.0346214657738,6,58,337986,0.0984700520833
0.0407366071429,0.0522228422619,0,1469554674926,0.0465029761905,7,58,340009,0.150692894345
0.0306222098214,0.0431082589286,1,1469554674926,0.0370396205357,0,58,342553,0.121558779762
0.0289946056548,0.0383882068452,1,1469554674926,0.0378999255952,1,58,344599,0.11376953125
0.0182756696429,0.0230422247024,1,1469554674926,0.0237630208333,2,58,346600,0.0787992931548
0.0255766369048,0.036388578869,1,1469554674926,0.0362723214286,3,58,348594,0.107863653274
0.0293898809524,0.037365141369,0,1469554674926,0.0326915922619,0,58,425941,0.108816964286
0.0359468005952,0.0538736979167,0,1469554674926,0.0482003348214,1,58,428007,0.141090029762
0.0237630208333,0.0332496279762,0,1469554674926,0.029552641369,2,58,430001,0.0985398065476
0.0289015997024,0.0382952008929,0,1469554674926,0.0330636160714,3,58,432012,0.111746651786
0.037365141369,0.0536876860119,0,1469554674926,0.0470145089286,4,58,434087,0.146437872024
0.0273204985119,0.0379696800595,0,1469554674926,0.0334123883929,5,58,436121,0.101283482143
0.0271344866071,0.039806547619,0,1469554674926,0.0348074776786,6,58,438143,0.1015625
0.0405970982143,0.0520600818452,0,1469554674927,0.0463169642857,7,58,440221,0.150530133929
0.0305524553571,0.043224516369,1,1469554674927,0.0370628720238,0,58,442701,0.121396019345
0.0289481026786,0.0384114583333,1,1469554675034,0.0377604166667,1,58,444747,0.113560267857
0.0181361607143,0.0227632068452,1,1469554675034,0.0235305059524,2,58,446773,0.0781947544643
0.0252743675595,0.0359933035714,1,1469554675034,0.0355747767857,3,58,448782,0.10704985119
0.0293201264881,0.0372023809524,0,1469554675034,0.0328776041667,0,58,526086,0.110095796131
0.0359235491071,0.0538736979167,0,1469554675034,0.0482003348214,1,58,528205,0.141066778274
0.0238095238095,0.0333193824405,0,1469554675034,0.0295991443452,2,58,530215,0.0987258184524
0.0289248511905,0.0382486979167,0,1469554675034,0.0327845982143,3,58,532213,0.110979352679
0.037341889881,0.0536411830357,0,1469554675034,0.0469680059524,4,58,534335,0.146344866071
0.02734375,0.0379929315476,0,1469554675034,0.033435639881,5,58,536422,0.101353236607
0.029064360119,0.0414806547619,0,1469554675034,0.0361095610119,6,58,538450,0.106747581845
0.0403645833333,0.0518275669643,0,1469554675034,0.0459914434524,7,58,540452,0.149088541667
0.0304594494048,0.043201264881,1,1469554675034,0.0370861235119,0,58,542943,0.121419270833
0.0289015997024,0.0384579613095,1,1469554675034,0.0376209077381,1,58,544993,0.113537016369
0.0180431547619,0.022693452381,1,1469554675034,0.0232282366071,2,58,546980,0.077380952381
0.0250883556548,0.0355282738095,1,1469554675034,0.0350399925595,3,58,548969,0.107026599702
0.0294131324405,0.0370861235119,0,1469554675214,0.0336681547619,0,58,626271,0.112513950893
0.0359235491071,0.0538271949405,0,1469554675214,0.0482003348214,1,58,628329,0.140857514881
0.0238792782738,0.0334123883929,0,1469554675214,0.0296921502976,2,58,630367,0.0989815848214
0.0289946056548,0.0382719494048,0,1469554675214,0.0325753348214,3,58,632414,0.110491071429
0.0372953869048,0.0536179315476,0,1469554675214,0.0469680059524,4,58,634429,0.146298363095
0.0273204985119,0.0379696800595,0,1469554675214,0.0333891369048,5,58,636466,0.101306733631
0.0305989583333,0.0430152529762,0,1469554675214,0.0369233630952,6,58,638560,0.109281994048
0.0400855654762,0.051525297619,0,1469554675214,0.0456194196429,7,58,640566,0.146995907738
0.0304827008929,0.043224516369,1,1469554675214,0.0372488839286,0,58,643037,0.121791294643
0.0288318452381,0.0384347098214,1,1469554675214,0.0372488839286,1,58,645079,0.113420758929
0.0180896577381,0.0228794642857,1,1469554675214,0.0229724702381,2,58,647081,0.0764741443452
0.0250883556548,0.0351097470238,1,1469554675214,0.0351329985119,3,58,649088,0.108142671131
0.0300874255952,0.0372721354167,0,1469554675214,0.0339704241071,0,58,726528,0.114606584821
0.0358537946429,0.0537341889881,0,1469554675214,0.0481538318452,1,58,728587,0.140601748512
0.0239490327381,0.0335053943452,0,1469554675214,0.02978515625,2,58,730583,0.0993071056548
0.0290876116071,0.0384347098214,0,1469554675320,0.032482328869,3,58,732582,0.11046781994
0.0372488839286,0.0535016741071,0,1469554675320,0.0468982514881,4,58,734682,0.14587983631
0.0273670014881,0.0380394345238,0,1469554675320,0.033435639881,5,58,736716,0.101422991071
0.0311337425595,0.0437825520833,0,1469554675320,0.0370861235119,6,58,738740,0.110258556548
0.0400158110119,0.0513392857143,0,1469554675320,0.0453869047619,7,58,740734,0.146461123512
0.0304594494048,0.0432710193452,1,1469554675320,0.0374813988095,0,58,743227,0.122093563988
0.02880859375,0.0382719494048,1,1469554675320,0.0370163690476,1,58,745263,0.11328125
0.0179036458333,0.0226469494048,1,1469554675320,0.0225539434524,2,58,747265,0.0753115699405
0.0250418526786,0.0348307291667,1,1469554675320,0.0354352678571,3,58,749269,0.109235491071
0.0299246651786,0.0369931175595,0,1469554675320,0.0329241071429,0,58,826623,0.107073102679
0.035877046131,0.0537109375,0,1469554675320,0.0481538318452,1,58,828669,0.140601748512
0.0239722842262,0.0335286458333,0,1469554675320,0.0298084077381,2,58,830730,0.099353608631
0.0290876116071,0.0385044642857,0,1469554675320,0.0323660714286,3,58,832724,0.11023530506
0.0371558779762,0.0533854166667,0,1469554675320,0.0468284970238,4,58,834751,0.145647321429
0.0274600074405,0.0382021949405,0,1469554675320,0.0335751488095,5,58,836776,0.101748511905
0.0311802455357,0.0438058035714,0,1469554675426,0.0370861235119,6,58,838822,0.1103515625
0.0399693080357,0.0511765252976,0,1469554675426,0.0452473958333,7,58,840839,0.146182105655
0.0302734375,0.0430152529762,1,1469554675427,0.0374348958333,0,58,843307,0.121628534226
0.0287620907738,0.0380394345238,1,1469554675427,0.036876860119,1,58,845327,0.113025483631
0.0178803943452,0.0224841889881,1,1469554675427,0.0226004464286,2,58,847345,0.0761021205357
0.0247395833333,0.0343889508929,1,1469554675431,0.035388764881,3,58,849356,0.108305431548
0.0284830729167,0.035877046131,0,1469554675431,0.0311569940476,0,58,926823,0.100632440476
0.0358537946429,0.0537109375,0,1469554675431,0.0481770833333,1,58,928849,0.140648251488
0.02392578125,0.033458891369,0,1469554675431,0.0298084077381,2,58,930808,0.0991675967262
0.0292736235119,0.0387834821429,0,1469554675431,0.0323428199405,3,58,932767,0.10997953869
0.0371558779762,0.0533156622024,0,1469554675431,0.0467587425595,4,58,934838,0.145740327381
0.0276227678571,0.0383882068452,0,1469554675431,0.03369140625,5,58,936873,0.10216703869
0.0307849702381,0.043224516369,0,1469554675431,0.0367373511905,6,58,938862,0.109584263393
0.0398763020833,0.051037016369,0,1469554675431,0.0451078869048,7,58,940851,0.145903087798
0.0296456473214,0.0422712053571,1,1469554675431,0.0370163690476,0,58,943286,0.11951264881
0.0287620907738,0.0378999255952,1,1469554675533,0.0368303571429,1,58,945301,0.112723214286
0.0185546875,0.0231352306548,1,1469554675533,0.0236235119048,2,58,947279,0.0814964657738
0.024158296131,0.0338076636905,1,1469554675533,0.0346447172619,3,58,949249,0.10535249256
0.0282505580357,0.0357375372024,0,1469554675534,0.0307152157738,0,59,26978,0.100516183036
0.0359235491071,0.0537574404762,0,1469554675534,0.0482700892857,1,59,29030,0.140880766369
0.0238095238095,0.0333193824405,0,1469554675534,0.0296921502976,2,59,31036,0.0986560639881
0.0298549107143,0.0394345238095,0,1469554675534,0.0327845982143,3,59,33042,0.111258370536
0.0371791294643,0.0533389136905,0,1469554675534,0.0467354910714,4,59,35075,0.145786830357
0.0276692708333,0.0384579613095,0,1469554675534,0.0337379092262,5,59,37107,0.102376302083
0.0302269345238,0.0426432291667,0,1469554675534,0.0363420758929,6,59,39139,0.108700706845
0.039806547619,0.0509905133929,0,1469554675534,0.0450613839286,7,59,41163,0.145763578869
0.0293433779762,0.041736421131,1,1469554675534,0.0368071056548,0,59,43646,0.118861607143
0.0286923363095,0.037830171131,1,1469554675534,0.0367838541667,1,59,45683,0.112118675595
0.0194847470238,0.0237630208333,1,1469554675534,0.02490234375,2,59,47694,0.0893322172619
0.0236002604167,0.0333658854167,1,1469554675534,0.0334821428571,3,59,49698,0.102585565476
0.0285295758929,0.0359933035714,0,1469554675714,0.0310872395833,0,59,127183,0.102608816964
0.0360398065476,0.0539202008929,0,1469554675714,0.0484328497024,1,59,129228,0.141508556548
0.0237397693452,0.0332496279762,0,1469554675714,0.0296688988095,2,59,131222,0.0985165550595
0.0301804315476,0.0398297991071,0,1469554675714,0.0332728794643,3,59,133214,0.113351004464
0.0370861235119,0.0531063988095,0,1469554675714,0.0465959821429,4,59,135258,0.145484561012
0.0276925223214,0.0385044642857,0,1469554675714,0.0337611607143,5,59,137293,0.102469308036
0.0298781622024,0.0423409598214,0,1469554675714,0.0361793154762,6,59,139314,0.108421688988
0.0399228050595,0.0511067708333,0,1469554675714,0.045177641369,7,59,141320,0.146158854167
0.0293898809524,0.0416434151786,1,1469554675714,0.0367373511905,0,59,143839,0.118233816964
0.028576078869,0.0377836681548,1,1469554675714,0.0367606026786,1,59,145937,0.111676897321
0.0202055431548,0.024158296131,1,1469554675714,0.025623139881,2,59,147944,0.09375
0.0233444940476,0.0330868675595,1,1469554675714,0.0326450892857,3,59,149964,0.101283482143
0.0288550967262,0.0363188244048,0,1469554675714,0.0315522693452,0,59,227341,0.104771205357
0.0360398065476,0.053943452381,0,1469554675714,0.0484328497024,1,59,229396,0.141531808036
0.0237165178571,0.0332263764881,0,1469554675714,0.0296456473214,2,59,231411,0.0984235491071
0.0302734375,0.0398297991071,0,1469554675821,0.0336449032738,3,59,233430,0.114815848214
0.0370861235119,0.052990141369,0,1469554675821,0.0465494791667,4,59,235505,0.145438058036
0.0277157738095,0.0385044642857,0,1469554675821,0.0337611607143,5,59,237545,0.102562313988
0.02978515625,0.0422944568452,0,1469554675821,0.0361793154762,6,59,239593,0.108654203869
0.0400390625,0.0512462797619,0,1469554675821,0.0452938988095,7,59,241615,0.146530877976
0.0295991443452,0.0418061755952,1,1469554675821,0.0364350818452,0,59,244158,0.117047991071
0.028552827381,0.0377836681548,1,1469554675821,0.0367838541667,1,59,246191,0.111607142857
0.0203915550595,0.0242745535714,1,1469554675821,0.0257161458333,2,59,248252,0.0942847842262
0.023181733631,0.0329008556548,1,1469554675821,0.0323893229167,3,59,250265,0.100888206845
0.0292271205357,0.0365280877976,0,1469554675821,0.0320870535714,0,59,327541,0.107119605655
0.0360863095238,0.0540132068452,0,1469554675821,0.0485026041667,1,59,329587,0.141787574405
0.0237862723214,0.0333426339286,0,1469554675821,0.0297154017857,2,59,331592,0.0987955729167
0.0301339285714,0.0393880208333,0,1469554675821,0.0337611607143,3,59,333594,0.115234375
0.0370861235119,0.052990141369,0,1469554675821,0.0465494791667,4,59,335642,0.145438058036
0.0277157738095,0.0385044642857,0,1469554675821,0.0337611607143,5,59,337684,0.102632068452
0.0297386532738,0.0423409598214,0,1469554675928,0.0361560639881,6,59,339709,0.108840215774
0.0401088169643,0.0513392857143,0,1469554675928,0.0453636532738,7,59,341714,0.146530877976
0.0298781622024,0.0419921875,1,1469554675928,0.0361560639881,0,59,344268,0.116071428571
0.028576078869,0.0378766741071,1,1469554675928,0.0368303571429,1,59,346298,0.111886160714
0.0200892857143,0.0240885416667,1,1469554675928,0.0253208705357,2,59,348298,0.092029389881
0.0232282366071,0.0328543526786,1,1469554675928,0.0326218377976,3,59,350302,0.101539248512
0.0295758928571,0.0367373511905,0,1469554675928,0.0326683407738,0,59,427740,0.109142485119
0.0361793154762,0.0540829613095,0,1469554675928,0.048572358631,1,59,429775,0.14220610119
0.0238560267857,0.0334123883929,0,1469554675928,0.0298084077381,2,59,431826,0.0992373511905
0.0300874255952,0.0392020089286,0,1469554675928,0.0337379092262,3,59,433843,0.115443638393
0.0370628720238,0.0528506324405,0,1469554675928,0.0464564732143,4,59,435941,0.145368303571
0.0277390252976,0.0385277157738,0,1469554675928,0.0337844122024,5,59,437967,0.102701822917
0.0297386532738,0.0424572172619,0,1469554675928,0.0361560639881,6,59,440034,0.108956473214
0.0401088169643,0.0513392857143,0,1469554675928,0.0453636532738,7,59,442056,0.146809895833
0.0299711681548,0.0419689360119,1,1469554675928,0.035900297619,0,59,444549,0.115071614583
0.0286690848214,0.0379696800595,1,1469554676035,0.0369001116071,1,59,446631,0.112397693452
0.0195545014881,0.0237862723214,1,1469554676035,0.0246930803571,2,59,448651,0.0884021577381
0.0233909970238,0.0329008556548,1,1469554676035,0.0330868675595,3,59,450651,0.102771577381
0.0299014136905,0.0369466145833,0,1469554676035,0.0331798735119,0,59,527955,0.110653831845
0.0362723214286,0.0541759672619,0,1469554676035,0.0487118675595,1,59,530010,0.142717633929
0.0239722842262,0.0335518973214,0,1469554676035,0.0299479166667,2,59,531991,0.099841889881
0.0300641741071,0.0391090029762,0,1469554676035,0.0337379092262,3,59,534073,0.115559895833
0.0370163690476,0.0526878720238,0,1469554676035,0.0463169642857,4,59,536117,0.145182291667
0.0277622767857,0.0385509672619,0,1469554676035,0.0338541666667,5,59,538153,0.102841331845
0.0297154017857,0.0425037202381,0,1469554676035,0.0361095610119,6,59,540179,0.108933221726
0.0401553199405,0.0513625372024,0,1469554676042,0.04541015625,7,59,542197,0.146926153274
0.0299944196429,0.0419224330357,1,1469554676042,0.0357840401786,0,59,544743,0.114513578869
0.0287155877976,0.0380161830357,1,1469554676042,0.0369466145833,1,59,546764,0.112723214286
0.0192522321429,0.0236235119048,1,1469554676042,0.0243443080357,2,59,548773,0.0862397693452
0.0234840029762,0.032970610119,1,1469554676043,0.0333658854167,3,59,550823,0.103329613095
0.0300641741071,0.0371791294643,0,1469554676216,0.0335286458333,0,59,628097,0.111607142857
0.0362955729167,0.0542457217262,0,1469554676216,0.0487583705357,1,59,630145,0.143019903274
0.0240652901786,0.0336681547619,0,1469554676216,0.0300641741071,2,59,632164,0.100306919643
0.0300641741071,0.0391322544643,0,1469554676216,0.0338309151786,3,59,634250,0.115908668155
0.0369931175595,0.0526413690476,0,1469554676216,0.0462704613095,4,59,636256,0.145182291667
0.0277622767857,0.0385277157738,0,1469554676216,0.0338309151786,5,59,638286,0.102818080357
0.0297154017857,0.0425037202381,0,1469554676216,0.0360630580357,6,59,640368,0.10888671875
0.0401320684524,0.0513625372024,0,1469554676216,0.04541015625,7,59,642385,0.146879650298
0.0301106770833,0.0420851934524,1,1469554676216,0.0358072916667,0,59,644887,0.114467075893
0.0287155877976,0.0379929315476,1,1469554676216,0.0369233630952,1,59,646903,0.112606956845
0.0193219866071,0.023670014881,1,1469554676216,0.0244605654762,2,59,648907,0.0866117931548
0.0234142485119,0.032947358631,1,1469554676216,0.0331333705357,3,59,650900,0.10265531994
0.0301339285714,0.0372953869048,0,1469554676216,0.0337379092262,0,59,728278,0.112141927083
0.036365327381,0.0542922247024,0,1469554676216,0.0488048735119,1,59,730318,0.143252418155
0.0240885416667,0.0337146577381,0,1469554676216,0.0300874255952,2,59,732316,0.100446428571
